1 0.784444 0.618889 0.053333 0.068889
1 0.665000 0.516111 0.056667 0.065556
1 0.614444 0.617778 0.057778 0.073333
1 0.622778 0.775556 0.056667 0.075556
1 0.552222 0.785000 0.051111 0.074444
1 0.487778 0.836667 0.057778 0.062222
3 0.568333 0.177778 0.052222 0.073333
3 0.524444 0.328333 0.055556 0.056667
3 0.675000 0.376667 0.052222 0.060000
3 0.408333 0.395000 0.047778 0.056667
3 0.225556 0.573889 0.057778 0.074444
3 0.350556 0.590000 0.067778 0.073333
3 0.738889 0.702222 0.051111 0.060000
3 0.718889 0.752222 0.057778 0.073333
3 0.292222 0.793889 0.060000 0.074444
0 0.792222 0.483889 0.060000 0.085556
0 0.842222 0.458889 0.051111 0.073333
0 0.769444 0.356667 0.050000 0.075556
0 0.336111 0.371667 0.056667 0.076667
0 0.376667 0.448333 0.055556 0.054444
0 0.455556 0.670000 0.053333 0.077778
0 0.374444 0.857222 0.048889 0.070000
2 0.661111 0.263333 0.055556 0.062222
2 0.766667 0.765556 0.035556 0.066667
2 0.526111 0.704444 0.052222 0.057778
2 0.258333 0.702778 0.056667 0.054444
2 0.583333 0.541667 0.046667 0.058889
2 0.452778 0.477778 0.043333 0.062222
2 0.611667 0.422222 0.050000 0.060000
2 0.368333 0.507222 0.056667 0.050000
2 0.255000 0.408333 0.052222 0.054444
2 0.265556 0.320556 0.057778 0.056667
