2 0.626111 0.252778 0.050000 0.043333
2 0.564444 0.548889 0.057778 0.044444
2 0.510000 0.637222 0.062222 0.045556
2 0.552778 0.723889 0.047778 0.047778
2 0.292222 0.461667 0.060000 0.036667
2 0.028333 0.386111 0.054444 0.043333
3 0.453333 0.058889 0.046667 0.042222
3 0.790556 0.477778 0.054444 0.042222
3 0.698333 0.532778 0.052222 0.047778
3 0.689444 0.703889 0.054444 0.050000
3 0.752778 0.677222 0.063333 0.047778
3 0.397778 0.763333 0.057778 0.046667
3 0.378333 0.720000 0.063333 0.037778
3 0.347778 0.513889 0.068889 0.038889
3 0.270000 0.528333 0.062222 0.043333
3 0.362222 0.469444 0.066667 0.043333
0 0.375000 0.174444 0.065556 0.051111
0 0.311667 0.218333 0.065556 0.045556
0 0.376111 0.245000 0.058889 0.043333
0 0.548889 0.282222 0.055556 0.042222
0 0.704444 0.181111 0.060000 0.046667
0 0.391111 0.676111 0.066667 0.054444
0 0.328889 0.665556 0.057778 0.051111
0 0.168333 0.496667 0.076667 0.051111
1 0.622778 0.439444 0.063333 0.045556
1 0.746667 0.451111 0.060000 0.035556
1 0.753333 0.282222 0.055556 0.042222
1 0.975556 0.184444 0.048889 0.048889
1 0.279444 0.591111 0.058889 0.037778
