0 0.138333 0.262222 0.047778 0.060000
0 0.291667 0.440000 0.050000 0.053333
0 0.305556 0.395556 0.048889 0.044444
0 0.535000 0.376667 0.047778 0.053333
0 0.449444 0.631111 0.034444 0.048889
0 0.537222 0.728889 0.047778 0.057778
0 0.470556 0.503889 0.038889 0.045556
0 0.909444 0.179444 0.045556 0.056667
0 0.469444 0.455556 0.036667 0.042222
2 0.505000 0.194444 0.043333 0.046667
2 0.493889 0.411111 0.032222 0.053333
2 0.457778 0.400000 0.037778 0.042222
2 0.412222 0.517222 0.033333 0.047778
2 0.246667 0.488333 0.042222 0.043333
2 0.540556 0.543333 0.038889 0.042222
2 0.595000 0.640000 0.045556 0.048889
2 0.482222 0.648889 0.037778 0.053333
3 0.368333 0.035556 0.041111 0.051111
3 0.501667 0.330556 0.038889 0.050000
3 0.369444 0.373889 0.045556 0.047778
3 0.571667 0.405000 0.036667 0.045556
3 0.526667 0.437778 0.044444 0.042222
3 0.436667 0.434444 0.035556 0.044444
3 0.486667 0.561111 0.044444 0.048889
3 0.541667 0.630000 0.038889 0.055556
3 0.557778 0.913333 0.046667 0.048889
3 0.958889 0.564444 0.046667 0.064444
1 0.461667 0.341667 0.038889 0.050000
1 0.448889 0.547778 0.037778 0.048889
1 0.558889 0.572222 0.033333 0.044444
1 0.577778 0.682778 0.046667 0.058889
1 0.427778 0.976111 0.040000 0.047778
