3 0.286667 0.403333 0.053333 0.057778
3 0.448889 0.425556 0.053333 0.064444
3 0.755000 0.299444 0.052222 0.065556
3 0.680000 0.300556 0.046667 0.063333
3 0.466111 0.566667 0.045556 0.066667
3 0.531111 0.527778 0.053333 0.066667
3 0.369444 0.482778 0.056667 0.072222
3 0.418333 0.683333 0.054444 0.082222
3 0.330000 0.762222 0.046667 0.073333
2 0.510000 0.251667 0.046667 0.052222
2 0.777222 0.467222 0.045556 0.054444
2 0.672222 0.491111 0.048889 0.053333
2 0.856667 0.328889 0.048889 0.055556
2 0.431111 0.205000 0.046667 0.036667
2 0.265000 0.520000 0.045556 0.060000
2 0.253889 0.628889 0.041111 0.064444
2 0.475000 0.697778 0.045556 0.073333
2 0.664444 0.787778 0.053333 0.066667
0 0.321111 0.297778 0.053333 0.062222
0 0.447222 0.255000 0.054444 0.065556
0 0.517222 0.368889 0.052222 0.073333
0 0.612778 0.564444 0.058889 0.073333
0 0.739444 0.569444 0.054444 0.070000
0 0.807222 0.527222 0.052222 0.067778
0 0.649444 0.710556 0.045556 0.067778
0 0.302778 0.642222 0.054444 0.066667
1 0.612778 0.303333 0.047778 0.057778
1 0.423889 0.318333 0.036667 0.067778
1 0.651111 0.362778 0.055556 0.052222
1 0.639444 0.421111 0.047778 0.068889
1 0.552778 0.893889 0.058889 0.072222
