2 0.695000 0.256111 0.054444 0.043333
2 0.253333 0.255000 0.044444 0.043333
2 0.261667 0.317222 0.056667 0.041111
2 0.488333 0.132778 0.058889 0.041111
2 0.466667 0.405000 0.053333 0.041111
2 0.232222 0.547778 0.048889 0.042222
2 0.456667 0.620556 0.055556 0.038889
2 0.777778 0.550000 0.053333 0.042222
0 0.550556 0.046667 0.065556 0.053333
0 0.532778 0.198333 0.052222 0.047778
0 0.438333 0.181111 0.054444 0.048889
0 0.267222 0.431111 0.061111 0.044444
0 0.678889 0.530000 0.055556 0.044444
0 0.447222 0.480000 0.063333 0.046667
0 0.986111 0.484444 0.027778 0.048889
0 0.556667 0.456111 0.066667 0.047778
3 0.405556 0.345556 0.053333 0.040000
3 0.483889 0.171667 0.043333 0.036667
3 0.724444 0.413889 0.060000 0.045556
3 0.535000 0.498889 0.056667 0.035556
3 0.590556 0.565556 0.054444 0.046667
3 0.558333 0.672222 0.054444 0.040000
3 0.408889 0.555000 0.064444 0.043333
3 0.472778 0.522778 0.063333 0.043333
3 0.577778 0.816667 0.057778 0.051111
3 0.376111 0.406111 0.063333 0.045556
1 0.036667 0.281111 0.062222 0.046667
1 0.087222 0.587778 0.063333 0.046667
1 0.515556 0.575556 0.060000 0.042222
1 0.622778 0.622222 0.058889 0.037778
1 0.746667 0.581667 0.055556 0.043333
1 0.667222 0.458333 0.063333 0.043333
