0 0.470000 0.185000 0.044444 0.067778
0 0.487222 0.226111 0.041111 0.041111
0 0.260556 0.315000 0.050000 0.043333
0 0.640000 0.398889 0.053333 0.062222
0 0.773333 0.372778 0.051111 0.072222
0 0.514444 0.392778 0.037778 0.063333
0 0.348889 0.493333 0.048889 0.060000
0 0.359444 0.809444 0.050000 0.061111
3 0.425000 0.224444 0.043333 0.053333
3 0.415000 0.283333 0.036667 0.062222
3 0.514444 0.294444 0.040000 0.051111
3 0.627778 0.254444 0.044444 0.051111
3 0.558333 0.382778 0.041111 0.052222
3 0.272778 0.267778 0.045556 0.048889
3 0.232778 0.400000 0.043333 0.060000
3 0.389444 0.463333 0.041111 0.064444
3 0.307778 0.694444 0.057778 0.062222
3 0.929444 0.756667 0.052222 0.073333
2 0.307778 0.369444 0.040000 0.054444
2 0.269444 0.367222 0.047778 0.050000
2 0.471111 0.283889 0.037778 0.050000
2 0.634444 0.301667 0.046667 0.043333
2 0.560556 0.433333 0.043333 0.042222
2 0.467778 0.632778 0.044444 0.047778
2 0.418889 0.427222 0.048889 0.050000
2 0.886667 0.314444 0.048889 0.051111
1 0.378333 0.232778 0.041111 0.047778
1 0.507222 0.491667 0.045556 0.063333
1 0.728333 0.377222 0.043333 0.063333
2 0.390000 0.537222 0.040000 0.056667
0 0.420000 0.619444 0.044444 0.070000
1 0.788333 0.196111 0.052222 0.056667
1 0.885556 0.163889 0.042222 0.061111
