2 0.562778 0.027778 0.050000 0.053333
2 0.565556 0.378889 0.048889 0.060000
2 0.477222 0.446111 0.045556 0.061111
2 0.450556 0.476111 0.045556 0.061111
2 0.731111 0.478333 0.037778 0.067778
2 0.482222 0.931667 0.044444 0.052222
2 0.625556 0.775000 0.037778 0.045556
0 0.464444 0.666111 0.051111 0.063333
0 0.390556 0.751667 0.052222 0.065556
0 0.597778 0.732222 0.046667 0.060000
0 0.665000 0.799444 0.054444 0.061111
3 0.733333 0.680556 0.044444 0.050000
3 0.697222 0.707222 0.050000 0.056667
3 0.662222 0.641111 0.046667 0.062222
3 0.722222 0.636111 0.044444 0.050000
3 0.291667 0.683889 0.054444 0.074444
3 0.287222 0.383333 0.061111 0.071111
3 0.444444 0.306111 0.046667 0.072222
3 0.567222 0.486111 0.054444 0.050000
3 0.702778 0.158889 0.052222 0.062222
1 0.706111 0.373333 0.054444 0.064444
1 0.385000 0.614444 0.052222 0.064444
1 0.420556 0.671667 0.043333 0.067778
3 0.352222 0.564444 0.046667 0.053333
1 0.485556 0.881111 0.051111 0.048889
1 0.651667 0.721667 0.041111 0.067778
