0 0.516111 0.425000 0.050000 0.056667
0 0.554444 0.403333 0.040000 0.048889
0 0.642778 0.517778 0.038889 0.057778
0 0.577222 0.501111 0.041111 0.053333
0 0.429444 0.645000 0.047778 0.050000
0 0.638333 0.647778 0.050000 0.060000
0 0.556667 0.547222 0.031111 0.047778
1 0.681111 0.388333 0.042222 0.050000
1 0.521111 0.542778 0.035556 0.054444
1 0.414444 0.597778 0.037778 0.051111
1 0.585556 0.691111 0.037778 0.051111
1 0.512222 0.746111 0.035556 0.058889
1 0.417778 0.521111 0.044444 0.057778
3 0.680556 0.144444 0.041111 0.053333
3 0.334444 0.168889 0.051111 0.062222
3 0.335556 0.346667 0.053333 0.064444
3 0.539444 0.357222 0.043333 0.047778
3 0.680000 0.527222 0.033333 0.045556
3 0.670556 0.578889 0.041111 0.048889
3 0.535556 0.598333 0.044444 0.056667
0 0.343333 0.597778 0.044444 0.062222
3 0.385556 0.495556 0.037778 0.042222
0 0.499444 0.493333 0.036667 0.053333
3 0.553889 0.455000 0.034444 0.050000
2 0.509444 0.813333 0.032222 0.057778
2 0.723889 0.734444 0.043333 0.053333
2 0.630556 0.571111 0.038889 0.048889
2 0.715556 0.431111 0.033333 0.048889
2 0.599444 0.461111 0.043333 0.035556
2 0.462778 0.416667 0.045556 0.051111
2 0.485556 0.363333 0.044444 0.042222
