0 0.665000 0.061111 0.045556 0.062222
0 0.944444 0.167778 0.044444 0.055556
0 0.376111 0.416667 0.041111 0.053333
0 0.207222 0.462778 0.047778 0.054444
0 0.165000 0.451111 0.047778 0.057778
0 0.700556 0.557222 0.052222 0.058889
0 0.748333 0.661667 0.050000 0.063333
0 0.847222 0.889444 0.050000 0.063333
2 0.608889 0.548333 0.037778 0.054444
2 0.650000 0.536111 0.035556 0.052222
2 0.772778 0.418333 0.041111 0.047778
2 0.718333 0.398333 0.034444 0.054444
2 0.372222 0.656667 0.035556 0.053333
2 0.212222 0.387222 0.044444 0.054444
2 0.486667 0.377778 0.044444 0.046667
2 0.538333 0.088333 0.036667 0.058889
3 0.382222 0.173333 0.044444 0.066667
3 0.467222 0.266111 0.045556 0.052222
3 0.573889 0.077778 0.038889 0.051111
3 0.736667 0.450556 0.035556 0.052222
3 0.421111 0.347778 0.046667 0.060000
3 0.435556 0.423889 0.037778 0.054444
3 0.528333 0.492222 0.038889 0.053333
3 0.336111 0.422222 0.038889 0.055556
3 0.695556 0.035556 0.035556 0.053333
3 0.685556 0.397222 0.035556 0.050000
1 0.493333 0.469444 0.033333 0.054444
1 0.298889 0.483889 0.042222 0.065556
1 0.291667 0.589444 0.045556 0.058889
1 0.768333 0.728333 0.043333 0.056667
1 0.683333 0.612222 0.037778 0.051111
1 0.600000 0.758333 0.042222 0.056667
