3 0.210556 0.100000 0.072222 0.084444
3 0.577778 0.353333 0.060000 0.057778
3 0.777778 0.343333 0.048889 0.064444
3 0.412778 0.431111 0.056667 0.071111
3 0.505000 0.453333 0.050000 0.066667
3 0.644444 0.449444 0.048889 0.070000
3 0.518333 0.634444 0.056667 0.064444
3 0.329444 0.666111 0.054444 0.063333
3 0.763333 0.785556 0.055556 0.077778
1 0.263333 0.256111 0.057778 0.067778
2 0.367778 0.486111 0.046667 0.070000
2 0.490556 0.513889 0.054444 0.058889
2 0.643889 0.529444 0.047778 0.067778
2 0.696667 0.512778 0.055556 0.056667
2 0.607222 0.627222 0.043333 0.061111
2 0.553333 0.718889 0.044444 0.064444
2 0.342778 0.740556 0.058889 0.070000
2 0.670556 0.322222 0.047778 0.062222
1 0.667222 0.222222 0.052222 0.071111
1 0.622222 0.251111 0.044444 0.064444
1 0.649444 0.641667 0.050000 0.078889
0 0.771667 0.432222 0.056667 0.068889
0 0.722222 0.435556 0.044444 0.071111
0 0.759444 0.573889 0.047778 0.070000
0 0.729444 0.652778 0.052222 0.078889
0 0.202778 0.651111 0.072222 0.082222
0 0.100000 0.447222 0.062222 0.063333
0 0.153889 0.227222 0.067778 0.083333
0 0.441667 0.270000 0.061111 0.073333
0 0.732222 0.148333 0.060000 0.085556
1 0.592778 0.425556 0.052222 0.071111
