1 0.279444 0.069444 0.050000 0.067778
1 0.818889 0.336111 0.055556 0.074444
1 0.790556 0.576667 0.058889 0.075556
1 0.731111 0.662778 0.073333 0.078889
1 0.393333 0.348333 0.044444 0.070000
0 0.360556 0.805000 0.076667 0.116667
0 0.566667 0.613889 0.062222 0.076667
0 0.545000 0.541667 0.063333 0.076667
0 0.489444 0.594444 0.054444 0.073333
0 0.337778 0.465000 0.064444 0.078889
0 0.358333 0.305000 0.054444 0.067778
0 0.550000 0.235000 0.060000 0.074444
0 0.670000 0.280000 0.064444 0.080000
3 0.549444 0.781667 0.063333 0.074444
3 0.093333 0.627778 0.071111 0.082222
3 0.409444 0.637778 0.052222 0.086667
3 0.358889 0.616667 0.062222 0.086667
3 0.605000 0.429444 0.054444 0.070000
3 0.442222 0.370556 0.053333 0.070000
3 0.218333 0.296111 0.054444 0.078889
3 0.428333 0.101667 0.050000 0.065556
3 0.585556 0.123333 0.046667 0.060000
3 0.458333 0.186111 0.052222 0.074444
2 0.212222 0.115556 0.042222 0.062222
2 0.145556 0.430000 0.046667 0.084444
2 0.492778 0.302222 0.047778 0.066667
2 0.866111 0.317222 0.045556 0.067778
2 0.607222 0.180556 0.047778 0.058889
2 0.411667 0.539444 0.054444 0.074444
2 0.211111 0.797778 0.062222 0.088889
2 0.412222 0.167778 0.037778 0.068889
1 0.688889 0.202778 0.040000 0.067778
