3 0.145556 0.092778 0.064444 0.050000
3 0.362222 0.114444 0.062222 0.051111
3 0.773889 0.051111 0.045556 0.044444
3 0.872222 0.178333 0.051111 0.043333
3 0.972222 0.577778 0.055556 0.037778
3 0.639444 0.634444 0.063333 0.037778
3 0.743889 0.930000 0.054444 0.048889
3 0.879444 0.703889 0.054444 0.034444
0 0.816667 0.563333 0.060000 0.048889
0 0.646667 0.678889 0.060000 0.051111
0 0.688889 0.936667 0.060000 0.046667
0 0.710556 0.764444 0.061111 0.046667
0 0.662778 0.191111 0.061111 0.053333
0 0.972778 0.790556 0.054444 0.041111
3 0.961667 0.838333 0.050000 0.034444
1 0.550556 0.052222 0.052222 0.048889
1 0.761667 0.666111 0.058889 0.045556
1 0.831667 0.673333 0.052222 0.044444
1 0.147222 0.580000 0.070000 0.040000
2 0.156111 0.679444 0.052222 0.045556
2 0.171667 0.417222 0.061111 0.041111
2 0.452778 0.418333 0.047778 0.041111
2 0.613889 0.253333 0.047778 0.042222
2 0.502222 0.062778 0.042222 0.045556
2 0.951111 0.447778 0.053333 0.037778
2 0.965000 0.521111 0.058889 0.035556
2 0.880000 0.773889 0.060000 0.034444
2 0.856667 0.739444 0.053333 0.034444
3 0.122778 0.376667 0.054444 0.048889
1 0.454444 0.122778 0.057778 0.045556
0 0.455556 0.176667 0.060000 0.046667
1 0.978333 0.868889 0.043333 0.037778
