1 0.082778 0.340000 0.047778 0.057778
1 0.677778 0.368333 0.042222 0.056667
1 0.691111 0.628889 0.051111 0.053333
1 0.499444 0.665556 0.050000 0.053333
1 0.663889 0.893889 0.047778 0.070000
1 0.409444 0.975000 0.054444 0.050000
0 0.354444 0.341111 0.060000 0.062222
0 0.648889 0.758333 0.053333 0.054444
0 0.665000 0.710556 0.050000 0.056667
0 0.153333 0.646111 0.053333 0.065556
3 0.084444 0.222222 0.055556 0.055556
3 0.041111 0.324444 0.046667 0.064444
3 0.135556 0.372222 0.051111 0.055556
3 0.692778 0.208889 0.043333 0.057778
3 0.748333 0.588333 0.041111 0.056667
3 0.788333 0.508889 0.043333 0.055556
3 0.847222 0.501667 0.050000 0.061111
3 0.925556 0.525000 0.042222 0.058889
3 0.576111 0.914444 0.045556 0.053333
3 0.103889 0.686667 0.052222 0.066667
2 0.446667 0.260556 0.040000 0.054444
2 0.716111 0.050000 0.038889 0.040000
2 0.904444 0.060000 0.040000 0.057778
2 0.738889 0.206667 0.048889 0.051111
2 0.888889 0.535556 0.035556 0.064444
2 0.344444 0.980000 0.053333 0.040000
