3 0.237778 0.101667 0.073333 0.047778
3 0.675000 0.234444 0.072222 0.055556
3 0.737778 0.477222 0.066667 0.045556
3 0.412222 0.693889 0.075556 0.054444
3 0.054444 0.579444 0.071111 0.043333
3 0.361667 0.380000 0.056667 0.051111
3 0.422222 0.412778 0.066667 0.047778
3 0.277222 0.378889 0.070000 0.040000
3 0.263889 0.330000 0.058889 0.048889
3 0.161667 0.354444 0.065556 0.042222
3 0.428333 0.255556 0.061111 0.042222
2 0.576111 0.101667 0.045556 0.052222
2 0.412778 0.472778 0.065556 0.045556
2 0.215000 0.348333 0.045556 0.041111
2 0.486667 0.551111 0.060000 0.048889
2 0.472222 0.627222 0.060000 0.047778
2 0.681667 0.599444 0.058889 0.052222
2 0.710556 0.566667 0.063333 0.044444
2 0.125000 0.567778 0.054444 0.048889
0 0.218333 0.283889 0.070000 0.050000
0 0.332222 0.305556 0.071111 0.046667
0 0.515000 0.365556 0.058889 0.053333
0 0.428889 0.356667 0.075556 0.053333
0 0.257222 0.448333 0.074444 0.056667
0 0.328333 0.574444 0.081111 0.055556
0 0.344444 0.636667 0.066667 0.051111
1 0.463333 0.127222 0.057778 0.043333
1 0.536667 0.271667 0.060000 0.047778
1 0.330556 0.231667 0.063333 0.047778
1 0.733889 0.427778 0.056667 0.053333
1 0.698333 0.192222 0.065556 0.037778
1 0.513333 0.735000 0.075556 0.054444
