0 0.845000 0.136111 0.038889 0.083333
0 0.922778 0.437222 0.050000 0.067778
0 0.928333 0.542222 0.061111 0.071111
0 0.665000 0.757778 0.054444 0.068889
0 0.369444 0.855556 0.072222 0.082222
0 0.496667 0.280000 0.053333 0.064444
1 0.886667 0.150556 0.046667 0.083333
1 0.796111 0.838333 0.047778 0.070000
2 0.569444 0.313333 0.050000 0.077778
2 0.536667 0.613333 0.060000 0.055556
2 0.772778 0.742222 0.047778 0.060000
2 0.696667 0.872778 0.040000 0.065556
2 0.691667 0.931667 0.047778 0.058889
1 0.728333 0.762222 0.043333 0.066667
3 0.876667 0.387222 0.048889 0.074444
3 0.870556 0.451111 0.054444 0.064444
3 0.431111 0.359444 0.062222 0.074444
3 0.317222 0.205556 0.061111 0.075556
3 0.521667 0.356667 0.043333 0.066667
3 0.232778 0.456667 0.056667 0.068889
3 0.458889 0.741667 0.053333 0.076667
3 0.751111 0.904444 0.053333 0.071111
3 0.958889 0.651667 0.053333 0.065556
