2 0.385556 0.131111 0.051111 0.077778
2 0.388889 0.229444 0.057778 0.067778
2 0.250556 0.357222 0.045556 0.072222
2 0.477222 0.561111 0.043333 0.071111
2 0.471667 0.751667 0.052222 0.058889
2 0.417222 0.775556 0.045556 0.068889
2 0.518889 0.873333 0.051111 0.073333
3 0.715556 0.046667 0.066667 0.075556
3 0.811667 0.447778 0.063333 0.068889
3 0.604444 0.613333 0.055556 0.062222
3 0.528889 0.598889 0.062222 0.075556
3 0.389444 0.706667 0.056667 0.077778
3 0.509444 0.806111 0.065556 0.063333
3 0.729444 0.579444 0.056667 0.065556
3 0.928333 0.422778 0.058889 0.061111
1 0.116111 0.658333 0.067778 0.085556
1 0.358889 0.777778 0.066667 0.071111
3 0.380000 0.937778 0.057778 0.075556
1 0.617778 0.682778 0.062222 0.058889
1 0.731111 0.390556 0.057778 0.083333
1 0.683889 0.366667 0.063333 0.082222
0 0.302222 0.388333 0.066667 0.096667
0 0.450556 0.479444 0.056667 0.072222
0 0.583889 0.502222 0.058889 0.064444
0 0.669444 0.644444 0.061111 0.082222
0 0.623333 0.745556 0.068889 0.071111
0 0.796111 0.797222 0.070000 0.087778
0 0.462778 0.681111 0.058889 0.073333
