2 0.772778 0.196667 0.056667 0.060000
2 0.620000 0.448889 0.051111 0.053333
2 0.474444 0.461667 0.051111 0.054444
2 0.424444 0.318889 0.055556 0.062222
2 0.377778 0.337778 0.048889 0.055556
2 0.207778 0.485556 0.046667 0.066667
2 0.195000 0.432778 0.038889 0.056667
2 0.160556 0.416111 0.047778 0.063333
2 0.702778 0.692778 0.052222 0.070000
0 0.348889 0.143333 0.055556 0.084444
0 0.200000 0.181667 0.048889 0.076667
0 0.430556 0.405556 0.056667 0.075556
0 0.403333 0.500556 0.048889 0.074444
0 0.112778 0.147222 0.056667 0.065556
1 0.094444 0.047222 0.048889 0.070000
1 0.071667 0.202222 0.041111 0.066667
1 0.156667 0.179444 0.033333 0.063333
1 0.171111 0.242778 0.046667 0.065556
1 0.476111 0.583333 0.052222 0.073333
3 0.626667 0.089444 0.060000 0.063333
3 0.216667 0.120556 0.051111 0.063333
3 0.123333 0.247222 0.048889 0.070000
3 0.495000 0.405556 0.047778 0.062222
3 0.271667 0.477222 0.050000 0.070000
3 0.096111 0.712778 0.063333 0.076667
3 0.936667 0.683889 0.051111 0.074444
