2 0.749444 0.183333 0.041111 0.046667
2 0.625000 0.233333 0.045556 0.044444
2 0.694444 0.429444 0.044444 0.050000
2 0.596667 0.321667 0.042222 0.045556
2 0.461111 0.295556 0.037778 0.057778
0 0.432222 0.851667 0.053333 0.072222
0 0.655556 0.923889 0.051111 0.085556
3 0.566667 0.931111 0.057778 0.071111
3 0.628889 0.751111 0.062222 0.057778
3 0.592222 0.589444 0.053333 0.054444
3 0.641667 0.541111 0.056667 0.064444
3 0.341667 0.442778 0.047778 0.056667
3 0.303333 0.467778 0.046667 0.053333
3 0.340000 0.388889 0.051111 0.051111
3 0.356111 0.281111 0.041111 0.064444
3 0.508889 0.262222 0.048889 0.062222
0 0.565556 0.201111 0.042222 0.062222
0 0.402222 0.172222 0.046667 0.055556
0 0.466111 0.409444 0.038889 0.063333
0 0.288333 0.382778 0.052222 0.065556
0 0.773889 0.493889 0.058889 0.076667
0 0.557778 0.371667 0.040000 0.061111
0 0.555556 0.725556 0.060000 0.080000
3 0.556667 0.795556 0.057778 0.055556
3 0.295556 0.270000 0.046667 0.037778
1 0.317778 0.312778 0.044444 0.047778
1 0.610000 0.390000 0.044444 0.060000
1 0.546111 0.595000 0.041111 0.070000
