3 0.480556 0.043333 0.036667 0.055556
3 0.913333 0.191111 0.042222 0.053333
3 0.901667 0.041667 0.041111 0.047778
3 0.914444 0.140556 0.037778 0.047778
3 0.558333 0.616667 0.043333 0.053333
3 0.364444 0.519444 0.044444 0.058889
3 0.218889 0.568889 0.037778 0.057778
3 0.135000 0.560000 0.050000 0.055556
3 0.068889 0.548333 0.035556 0.054444
3 0.912778 0.093889 0.038889 0.045556
0 0.738889 0.065556 0.042222 0.066667
0 0.548333 0.032778 0.032222 0.056667
0 0.324444 0.501667 0.040000 0.052222
0 0.284444 0.627778 0.051111 0.064444
0 0.447778 0.918333 0.044444 0.067778
0 0.743889 0.971667 0.056667 0.056667
2 0.705556 0.086667 0.031111 0.055556
2 0.945556 0.460556 0.037778 0.056667
2 0.867778 0.981111 0.055556 0.037778
2 0.981667 0.912778 0.036667 0.061111
2 0.796667 0.978333 0.051111 0.043333
2 0.705000 0.935556 0.038889 0.060000
2 0.094444 0.585556 0.031111 0.053333
2 0.136111 0.508889 0.047778 0.044444
2 0.190556 0.533333 0.036667 0.046667
1 0.937222 0.371111 0.050000 0.051111
1 0.930000 0.415000 0.042222 0.043333
1 0.565000 0.981667 0.043333 0.036667
1 0.524444 0.982778 0.042222 0.034444
0 0.645556 0.971667 0.051111 0.056667
1 0.863333 0.044444 0.040000 0.066667
