2 0.705000 0.143333 0.047778 0.055556
2 0.458333 0.168333 0.047778 0.054444
2 0.281111 0.232778 0.053333 0.047778
2 0.557222 0.493889 0.041111 0.058889
2 0.770556 0.567222 0.050000 0.056667
2 0.759444 0.640000 0.050000 0.051111
2 0.790556 0.975556 0.047778 0.048889
3 0.346667 0.156667 0.046667 0.055556
3 0.157778 0.093889 0.055556 0.063333
3 0.142222 0.152778 0.051111 0.058889
3 0.014444 0.296667 0.026667 0.066667
3 0.605000 0.486667 0.043333 0.075556
3 0.947778 0.734444 0.055556 0.071111
2 0.820000 0.256111 0.048889 0.058889
1 0.119444 0.322778 0.061111 0.061111
1 0.034444 0.417778 0.053333 0.068889
1 0.360000 0.768889 0.057778 0.071111
1 0.913889 0.450000 0.058889 0.064444
0 0.610000 0.220000 0.055556 0.075556
0 0.654444 0.423333 0.053333 0.066667
0 0.828889 0.618889 0.066667 0.071111
0 0.623333 0.952778 0.062222 0.090000
3 0.081111 0.266111 0.053333 0.052222
3 0.465556 0.504444 0.057778 0.068889
3 0.975556 0.954444 0.048889 0.080000
