3 0.898333 0.096111 0.036667 0.050000
3 0.517222 0.257778 0.043333 0.062222
3 0.331111 0.385556 0.037778 0.053333
3 0.361667 0.500000 0.045556 0.062222
3 0.566667 0.379444 0.040000 0.052222
3 0.712778 0.638889 0.036667 0.064444
3 0.611667 0.618333 0.045556 0.047778
3 0.536111 0.580000 0.036667 0.051111
3 0.507778 0.573333 0.028889 0.055556
3 0.072222 0.987778 0.055556 0.024444
2 0.900000 0.311667 0.042222 0.056667
2 0.697778 0.263333 0.044444 0.040000
2 0.361111 0.344444 0.033333 0.062222
2 0.428889 0.428333 0.037778 0.050000
2 0.475000 0.572222 0.034444 0.055556
2 0.398333 0.543889 0.041111 0.054444
2 0.527778 0.630000 0.033333 0.048889
2 0.566111 0.610556 0.030000 0.050000
1 0.934444 0.105556 0.040000 0.051111
1 0.672222 0.347778 0.040000 0.053333
1 0.493889 0.635556 0.036667 0.064444
1 0.435000 0.630000 0.043333 0.064444
1 0.574444 0.658889 0.035556 0.055556
1 0.406667 0.388333 0.044444 0.045556
0 0.525000 0.357222 0.050000 0.070000
0 0.730000 0.343889 0.044444 0.056667
0 0.706667 0.311111 0.042222 0.051111
0 0.626667 0.469444 0.046667 0.061111
0 0.615556 0.407222 0.048889 0.047778
0 0.466111 0.470556 0.052222 0.061111
0 0.763889 0.640000 0.047778 0.068889
0 0.390000 0.628889 0.044444 0.062222
