0 0.328333 0.362222 0.050000 0.060000
0 0.305000 0.423333 0.047778 0.053333
0 0.527778 0.335556 0.046667 0.068889
0 0.535556 0.201111 0.042222 0.048889
0 0.357222 0.268889 0.050000 0.042222
0 0.456111 0.683333 0.058889 0.068889
0 0.592222 0.350000 0.044444 0.062222
2 0.461667 0.102222 0.043333 0.042222
2 0.404444 0.085556 0.046667 0.044444
2 0.573333 0.277778 0.037778 0.053333
2 0.414444 0.235556 0.044444 0.042222
2 0.453889 0.351667 0.038889 0.047778
2 0.432222 0.323889 0.040000 0.045556
2 0.411111 0.369444 0.037778 0.052222
2 0.200000 0.427778 0.044444 0.042222
2 0.528889 0.543333 0.046667 0.055556
3 0.612778 0.246111 0.036667 0.045556
3 0.610000 0.295556 0.044444 0.048889
3 0.635000 0.381667 0.043333 0.063333
3 0.513889 0.466667 0.038889 0.055556
3 0.401111 0.456667 0.046667 0.053333
3 0.321111 0.485556 0.044444 0.055556
3 0.375000 0.515000 0.052222 0.063333
3 0.383333 0.310000 0.044444 0.044444
3 0.206667 0.481667 0.048889 0.061111
3 0.486111 0.310556 0.043333 0.054444
3 0.392222 0.188333 0.040000 0.045556
1 0.567222 0.160556 0.038889 0.054444
1 0.517222 0.251667 0.038889 0.052222
1 0.456111 0.406667 0.038889 0.057778
1 0.470000 0.493889 0.044444 0.050000
1 0.417778 0.569444 0.042222 0.067778
