3 0.810556 0.212778 0.090000 0.043333
3 0.651111 0.381111 0.055556 0.057778
3 0.416111 0.322778 0.050000 0.047778
3 0.370556 0.545000 0.063333 0.054444
3 0.620556 0.573333 0.058889 0.048889
3 0.556111 0.525556 0.061111 0.048889
3 0.597222 0.736667 0.063333 0.057778
3 0.449444 0.441667 0.063333 0.061111
0 0.438889 0.168889 0.062222 0.060000
0 0.773333 0.351667 0.082222 0.065556
0 0.513333 0.399444 0.060000 0.056667
0 0.443889 0.703889 0.067778 0.050000
0 0.472222 0.778333 0.062222 0.052222
0 0.223889 0.678333 0.076667 0.065556
3 0.480556 0.641667 0.058889 0.045556
3 0.220000 0.438333 0.064444 0.041111
1 0.621111 0.301667 0.066667 0.056667
1 0.380000 0.177222 0.055556 0.050000
1 0.452778 0.388889 0.058889 0.057778
1 0.632222 0.621667 0.066667 0.050000
1 0.429444 0.545556 0.061111 0.055556
2 0.738333 0.711667 0.058889 0.052222
2 0.672222 0.506111 0.057778 0.045556
2 0.556667 0.571667 0.055556 0.041111
2 0.808333 0.452222 0.067778 0.040000
2 0.267778 0.627778 0.057778 0.044444
2 0.271667 0.542222 0.054444 0.046667
2 0.395556 0.492222 0.064444 0.042222
2 0.508889 0.341667 0.057778 0.050000
2 0.409444 0.231667 0.058889 0.043333
2 0.321667 0.244444 0.054444 0.048889
1 0.752222 0.582222 0.075556 0.048889
