3 0.755556 0.290000 0.051111 0.062222
3 0.943889 0.375556 0.050000 0.064444
3 0.903333 0.369444 0.042222 0.063333
3 0.823889 0.377222 0.050000 0.052222
3 0.634444 0.324444 0.046667 0.057778
3 0.496667 0.452222 0.044444 0.055556
3 0.621111 0.558889 0.040000 0.051111
3 0.861111 0.662778 0.044444 0.058889
3 0.537222 0.671111 0.047778 0.064444
3 0.337222 0.386667 0.050000 0.066667
2 0.432778 0.100000 0.050000 0.064444
2 0.389444 0.391111 0.045556 0.055556
2 0.447222 0.661111 0.041111 0.055556
2 0.410556 0.711667 0.061111 0.052222
2 0.260000 0.762778 0.053333 0.056667
2 0.201111 0.643333 0.055556 0.062222
2 0.641111 0.679444 0.035556 0.054444
2 0.742778 0.690000 0.036667 0.064444
0 0.488333 0.266111 0.054444 0.065556
0 0.673333 0.250556 0.053333 0.074444
0 0.096111 0.280000 0.072222 0.068889
0 0.585556 0.513333 0.046667 0.064444
0 0.824444 0.436111 0.055556 0.054444
0 0.863889 0.597778 0.041111 0.048889
0 0.585556 0.624444 0.051111 0.057778
0 0.829444 0.751111 0.047778 0.053333
1 0.320556 0.576667 0.054444 0.064444
1 0.658333 0.534444 0.045556 0.051111
1 0.813333 0.610000 0.051111 0.051111
1 0.737778 0.622222 0.042222 0.053333
1 0.845556 0.550000 0.055556 0.048889
1 0.696667 0.725556 0.040000 0.064444
