0 0.671667 0.210000 0.058889 0.042222
0 0.266111 0.608889 0.070000 0.057778
0 0.363333 0.935000 0.071111 0.047778
0 0.744444 0.886111 0.051111 0.032222
0 0.451667 0.715556 0.058889 0.040000
3 0.555556 0.321667 0.053333 0.047778
3 0.408333 0.897222 0.054444 0.036667
3 0.592778 0.890556 0.058889 0.036667
3 0.664444 0.916111 0.057778 0.038889
3 0.681111 0.876667 0.057778 0.037778
3 0.661667 0.838333 0.043333 0.038889
3 0.701667 0.816111 0.054444 0.043333
0 0.742778 0.848889 0.054444 0.042222
3 0.615556 0.931667 0.053333 0.041111
3 0.177222 0.901111 0.056667 0.048889
3 0.781667 0.895556 0.032222 0.044444
3 0.068333 0.490000 0.074444 0.046667
2 0.242778 0.121667 0.047778 0.043333
2 0.281111 0.185000 0.048889 0.047778
2 0.708889 0.166667 0.055556 0.035556
2 0.816111 0.288889 0.047778 0.062222
2 0.803333 0.802778 0.048889 0.043333
2 0.956111 0.819444 0.043333 0.038889
2 0.970000 0.774444 0.044444 0.033333
2 0.821111 0.914444 0.048889 0.031111
1 0.498333 0.689444 0.052222 0.043333
1 0.471667 0.896111 0.054444 0.047778
1 0.273333 0.945556 0.068889 0.044444
1 0.820000 0.846111 0.048889 0.038889
1 0.859444 0.868889 0.052222 0.044444
1 0.897778 0.831111 0.055556 0.046667
