3 0.098333 0.046667 0.050000 0.051111
3 0.089444 0.096667 0.038889 0.051111
3 0.087222 0.141111 0.038889 0.046667
3 0.088889 0.188889 0.040000 0.040000
3 0.523333 0.040000 0.033333 0.051111
3 0.636667 0.516667 0.040000 0.060000
3 0.783333 0.567222 0.035556 0.058889
3 0.931667 0.548333 0.036667 0.056667
3 0.866111 0.558889 0.047778 0.060000
3 0.443333 0.617222 0.040000 0.056667
2 0.294444 0.086667 0.031111 0.051111
2 0.866111 0.506667 0.047778 0.044444
2 0.808889 0.534444 0.037778 0.051111
2 0.906667 0.585556 0.033333 0.055556
2 0.293889 0.939444 0.036667 0.063333
2 0.201667 0.980556 0.043333 0.038889
2 0.130000 0.982778 0.051111 0.034444
2 0.020000 0.912222 0.037778 0.060000
2 0.057222 0.457778 0.034444 0.053333
1 0.063889 0.369444 0.052222 0.041111
1 0.065556 0.415556 0.042222 0.040000
1 0.137222 0.041111 0.038889 0.057778
1 0.436667 0.982222 0.046667 0.035556
1 0.478889 0.984444 0.042222 0.031111
0 0.552778 0.917222 0.050000 0.067778
0 0.357222 0.971667 0.050000 0.056667
0 0.257778 0.971667 0.057778 0.056667
0 0.260556 0.068889 0.043333 0.066667
0 0.451111 0.032222 0.042222 0.057778
0 0.675556 0.497778 0.037778 0.046667
0 0.716667 0.622778 0.046667 0.056667
