3 0.605000 0.112222 0.038889 0.060000
3 0.772778 0.056667 0.030000 0.051111
3 0.818333 0.270000 0.038889 0.060000
3 0.703333 0.977222 0.046667 0.045556
3 0.446111 0.978889 0.045556 0.042222
3 0.375556 0.978333 0.055556 0.043333
3 0.213333 0.951111 0.044444 0.060000
3 0.447222 0.508889 0.043333 0.053333
2 0.395000 0.230000 0.034444 0.055556
2 0.576111 0.307778 0.052222 0.046667
2 0.731667 0.274444 0.038889 0.057778
2 0.784444 0.249444 0.028889 0.065556
2 0.816667 0.402222 0.060000 0.057778
2 0.335556 0.868889 0.048889 0.053333
2 0.570000 0.880000 0.033333 0.071111
2 0.155556 0.961667 0.040000 0.065556
2 0.497222 0.981667 0.050000 0.036667
0 0.445556 0.151667 0.040000 0.058889
0 0.661667 0.070556 0.050000 0.061111
0 0.603889 0.039444 0.041111 0.054444
0 0.808333 0.029444 0.047778 0.056667
0 0.532778 0.018889 0.047778 0.035556
0 0.651111 0.358333 0.044444 0.050000
0 0.751667 0.444444 0.050000 0.060000
0 0.534444 0.914444 0.044444 0.077778
0 0.266111 0.885556 0.052222 0.068889
0 0.077778 0.978889 0.048889 0.042222
1 0.630556 0.407222 0.045556 0.050000
1 0.922778 0.546111 0.043333 0.058889
1 0.714444 0.571667 0.044444 0.058889
1 0.472222 0.738889 0.042222 0.060000
1 0.399444 0.923333 0.041111 0.068889
