2 0.663889 0.373333 0.058889 0.055556
2 0.502222 0.711111 0.062222 0.044444
2 0.472222 0.769444 0.055556 0.050000
2 0.371667 0.162222 0.061111 0.057778
3 0.436111 0.547222 0.070000 0.041111
3 0.113333 0.042222 0.064444 0.064444
1 0.380000 0.312222 0.060000 0.053333
3 0.508889 0.525556 0.066667 0.042222
3 0.972222 0.921667 0.055556 0.070000
1 0.533889 0.606667 0.054444 0.055556
0 0.270000 0.130556 0.084444 0.063333
0 0.428889 0.141111 0.055556 0.055556
0 0.479444 0.327222 0.065556 0.052222
0 0.541667 0.485000 0.074444 0.047778
0 0.616111 0.591111 0.085556 0.060000
0 0.408889 0.724444 0.064444 0.057778
