2 0.415556 0.236111 0.053333 0.041111
2 0.491667 0.345000 0.054444 0.045556
2 0.420000 0.361111 0.055556 0.037778
2 0.413889 0.395000 0.061111 0.038889
2 0.432222 0.512222 0.060000 0.046667
2 0.616667 0.489444 0.048889 0.038889
2 0.602778 0.551111 0.043333 0.042222
2 0.532778 0.618889 0.052222 0.035556
2 0.505000 0.648889 0.050000 0.042222
2 0.819444 0.658889 0.043333 0.037778
2 0.828333 0.533889 0.052222 0.036667
0 0.761111 0.372222 0.048889 0.037778
0 0.641667 0.396667 0.063333 0.044444
0 0.323889 0.190000 0.056667 0.046667
0 0.383889 0.195556 0.067778 0.044444
0 0.148889 0.163333 0.073333 0.048889
0 0.561111 0.582778 0.064444 0.045556
0 0.664444 0.487778 0.051111 0.042222
0 0.728333 0.599444 0.065556 0.043333
0 0.337778 0.972778 0.066667 0.052222
3 0.086111 0.183333 0.065556 0.051111
3 0.348889 0.238889 0.071111 0.048889
3 0.260000 0.367222 0.051111 0.043333
3 0.525000 0.474444 0.058889 0.042222
3 0.653333 0.550000 0.053333 0.040000
3 0.437222 0.707778 0.058889 0.042222
3 0.682778 0.670000 0.047778 0.046667
3 0.757222 0.702222 0.052222 0.044444
3 0.851667 0.583333 0.063333 0.035556
1 0.361111 0.360556 0.051111 0.052222
1 0.489444 0.399444 0.054444 0.045556
1 0.718333 0.683333 0.030000 0.044444
1 0.556667 0.700000 0.062222 0.033333
1 0.716667 0.636667 0.044444 0.040000
