3 0.042222 0.110000 0.062222 0.066667
3 0.548333 0.436667 0.045556 0.068889
3 0.524444 0.511111 0.046667 0.068889
3 0.919444 0.972222 0.070000 0.055556
2 0.165556 0.376111 0.055556 0.058889
2 0.711667 0.502778 0.045556 0.065556
2 0.769444 0.475556 0.058889 0.057778
0 0.131667 0.268889 0.063333 0.082222
0 0.145000 0.425556 0.065556 0.064444
0 0.327222 0.480556 0.052222 0.063333
0 0.724444 0.412778 0.053333 0.063333
0 0.590000 0.617778 0.062222 0.086667
0 0.490000 0.543889 0.051111 0.072222
1 0.311667 0.378333 0.056667 0.058889
1 0.607222 0.535556 0.056667 0.057778
2 0.373889 0.665556 0.056667 0.055556
