3 0.358889 0.046667 0.051111 0.055556
3 0.047222 0.135000 0.050000 0.065556
3 0.296667 0.254444 0.046667 0.055556
3 0.484444 0.222222 0.048889 0.060000
3 0.681667 0.446111 0.047778 0.063333
3 0.610000 0.807222 0.033333 0.070000
3 0.477778 0.887222 0.051111 0.067778
3 0.572222 0.835000 0.042222 0.072222
3 0.696111 0.975556 0.061111 0.048889
2 0.672222 0.062778 0.035556 0.061111
2 0.531111 0.197778 0.040000 0.062222
2 0.411667 0.129444 0.041111 0.056667
2 0.318889 0.401111 0.037778 0.051111
2 0.642222 0.480556 0.044444 0.054444
2 0.673889 0.725556 0.041111 0.066667
2 0.728333 0.837222 0.045556 0.065556
2 0.432778 0.812778 0.047778 0.050000
1 0.571667 0.974444 0.045556 0.051111
1 0.687778 0.856111 0.042222 0.076667
0 0.823889 0.939444 0.058889 0.078889
0 0.020000 0.353889 0.037778 0.074444
0 0.435556 0.283333 0.060000 0.060000
0 0.492222 0.282778 0.053333 0.061111
0 0.116667 0.084444 0.044444 0.062222
1 0.373333 0.106667 0.040000 0.053333
1 0.951111 0.977222 0.060000 0.045556
0 0.631111 0.019444 0.044444 0.036667
