2 0.548333 0.098889 0.038889 0.055556
2 0.415556 0.247778 0.042222 0.055556
2 0.450556 0.399444 0.041111 0.047778
2 0.439444 0.468889 0.036667 0.057778
2 0.611667 0.491111 0.041111 0.046667
2 0.614444 0.447222 0.048889 0.045556
2 0.548889 0.398333 0.037778 0.054444
2 0.714444 0.689444 0.042222 0.061111
2 0.510000 0.575556 0.044444 0.046667
2 0.376111 0.681667 0.050000 0.047778
2 0.344444 0.574444 0.042222 0.057778
1 0.845000 0.273889 0.047778 0.063333
1 0.661667 0.106111 0.047778 0.061111
1 0.626667 0.140000 0.033333 0.055556
1 0.491111 0.627778 0.046667 0.075556
1 0.168889 0.755556 0.055556 0.068889
3 0.666111 0.282222 0.047778 0.057778
3 0.682778 0.407222 0.041111 0.061111
3 0.599444 0.208889 0.041111 0.062222
3 0.590556 0.148333 0.036667 0.056667
3 0.397222 0.377778 0.047778 0.062222
3 0.403333 0.557778 0.048889 0.060000
3 0.370000 0.628889 0.053333 0.062222
3 0.643333 0.717778 0.048889 0.064444
0 0.546667 0.168333 0.042222 0.056667
0 0.568333 0.256111 0.043333 0.056667
0 0.610556 0.392778 0.056667 0.065556
0 0.513333 0.429444 0.044444 0.063333
0 0.366667 0.445000 0.051111 0.065556
0 0.269444 0.746667 0.047778 0.068889
0 0.330000 0.691111 0.046667 0.071111
0 0.453333 0.585556 0.051111 0.068889
0 0.304444 0.603889 0.051111 0.061111
3 0.443333 0.685556 0.051111 0.057778
