3 0.501111 0.234444 0.044444 0.068889
3 0.340000 0.367222 0.060000 0.056667
3 0.755000 0.367222 0.043333 0.067778
3 0.677222 0.483333 0.058889 0.064444
3 0.526667 0.480000 0.046667 0.068889
3 0.467222 0.490556 0.052222 0.070000
3 0.392778 0.628333 0.045556 0.058889
3 0.290556 0.650000 0.045556 0.077778
3 0.365556 0.567222 0.060000 0.067778
2 0.718889 0.334444 0.033333 0.068889
2 0.680556 0.340556 0.043333 0.065556
2 0.791111 0.471111 0.048889 0.064444
2 0.834444 0.696667 0.042222 0.073333
2 0.522222 0.582778 0.042222 0.065556
2 0.575000 0.492778 0.050000 0.063333
2 0.522222 0.401667 0.044444 0.056667
2 0.229444 0.301111 0.043333 0.068889
2 0.340556 0.624444 0.043333 0.060000
0 0.295556 0.201111 0.048889 0.071111
0 0.398333 0.221111 0.061111 0.075556
0 0.632222 0.292222 0.060000 0.077778
0 0.843333 0.123889 0.051111 0.065556
0 0.967222 0.241111 0.052222 0.060000
0 0.430556 0.398889 0.047778 0.071111
0 0.675000 0.550000 0.056667 0.071111
0 0.442222 0.618333 0.051111 0.070000
0 0.434444 0.548333 0.055556 0.072222
1 0.617778 0.746667 0.051111 0.075556
1 0.220556 0.653889 0.052222 0.078889
1 0.382778 0.502222 0.056667 0.057778
1 0.893333 0.728333 0.051111 0.072222
1 0.877778 0.673333 0.044444 0.064444
1 0.974444 0.574444 0.051111 0.077778
