3 0.082778 0.265000 0.047778 0.063333
3 0.401667 0.336111 0.045556 0.061111
3 0.537778 0.242222 0.046667 0.057778
3 0.587778 0.300000 0.042222 0.048889
3 0.715000 0.295556 0.052222 0.046667
3 0.676111 0.438333 0.047778 0.056667
3 0.596667 0.416667 0.046667 0.060000
3 0.634444 0.591111 0.051111 0.068889
3 0.917778 0.488333 0.057778 0.078889
2 0.711111 0.917222 0.060000 0.087778
2 0.188889 0.963889 0.071111 0.067778
2 0.578889 0.677222 0.060000 0.061111
2 0.523889 0.691111 0.043333 0.075556
2 0.420000 0.486667 0.055556 0.057778
2 0.493333 0.250000 0.037778 0.064444
2 0.595556 0.171667 0.046667 0.056667
2 0.547778 0.323333 0.037778 0.044444
0 0.562778 0.371111 0.047778 0.055556
0 0.748333 0.348333 0.058889 0.070000
0 0.676667 0.650556 0.060000 0.094444
0 0.473333 0.673889 0.057778 0.074444
0 0.488333 0.541667 0.045556 0.061111
0 0.807222 0.871111 0.063333 0.095556
0 0.441111 0.291111 0.055556 0.057778
1 0.429444 0.245000 0.052222 0.038889
1 0.540000 0.528889 0.053333 0.068889
1 0.633889 0.503333 0.050000 0.073333
1 0.705556 0.537778 0.053333 0.075556
1 0.813333 0.779444 0.062222 0.081111
