0 0.102222 0.645000 0.077778 0.058889
0 0.374444 0.435556 0.073333 0.044444
0 0.239444 0.133889 0.076667 0.058889
0 0.685000 0.113889 0.070000 0.054444
0 0.963333 0.391667 0.062222 0.052222
3 0.877778 0.060000 0.064444 0.046667
3 0.701667 0.178333 0.063333 0.054444
3 0.620000 0.233889 0.066667 0.047778
3 0.450000 0.234444 0.066667 0.046667
3 0.290556 0.338333 0.061111 0.043333
3 0.283889 0.419444 0.070000 0.054444
3 0.470000 0.736111 0.066667 0.050000
3 0.363889 0.738889 0.076667 0.068889
2 0.228333 0.243333 0.054444 0.048889
2 0.263889 0.082222 0.058889 0.042222
2 0.608333 0.294444 0.052222 0.053333
2 0.758889 0.305556 0.077778 0.046667
2 0.419444 0.475556 0.070000 0.040000
2 0.943889 0.155556 0.058889 0.048889
1 0.668889 0.285000 0.055556 0.052222
1 0.432778 0.526111 0.076667 0.052222
1 0.596111 0.084444 0.067778 0.046667
0 0.295556 0.176667 0.062222 0.053333
1 0.153333 0.238889 0.075556 0.051111
