1 0.312778 0.042222 0.036667 0.060000
1 0.029444 0.695000 0.041111 0.063333
1 0.528889 0.685556 0.037778 0.062222
1 0.526111 0.506111 0.056667 0.065556
1 0.578889 0.470556 0.040000 0.058889
2 0.583333 0.063889 0.042222 0.045556
2 0.716667 0.300556 0.051111 0.054444
2 0.828889 0.528333 0.044444 0.061111
2 0.725000 0.508889 0.052222 0.064444
2 0.671111 0.451667 0.046667 0.058889
2 0.651111 0.501667 0.044444 0.054444
2 0.456667 0.528333 0.037778 0.052222
2 0.440556 0.480556 0.056667 0.050000
2 0.406667 0.502778 0.046667 0.052222
2 0.147778 0.345556 0.040000 0.048889
2 0.082222 0.531111 0.053333 0.053333
0 0.797778 0.063889 0.042222 0.063333
0 0.765556 0.083333 0.033333 0.055556
0 0.512778 0.353333 0.052222 0.068889
0 0.598333 0.576111 0.061111 0.072222
0 0.035556 0.592222 0.051111 0.064444
0 0.068333 0.183889 0.045556 0.058889
3 0.075556 0.093889 0.042222 0.050000
3 0.052778 0.363333 0.041111 0.060000
3 0.351667 0.040556 0.043333 0.063333
3 0.708333 0.073889 0.047778 0.070000
3 0.742778 0.047222 0.030000 0.054444
3 0.603333 0.298333 0.053333 0.065556
3 0.379444 0.367778 0.052222 0.064444
3 0.043333 0.462222 0.046667 0.057778
3 0.034444 0.528889 0.044444 0.057778
3 0.436667 0.666111 0.048889 0.058889
3 0.403333 0.556667 0.051111 0.055556
3 0.822222 0.658889 0.060000 0.068889
3 0.798889 0.383889 0.055556 0.061111
3 0.773889 0.535556 0.045556 0.071111
3 0.722222 0.570556 0.051111 0.056667
0 0.080556 0.591111 0.043333 0.062222
1 0.085000 0.050000 0.054444 0.048889
