2 0.527222 0.318889 0.072222 0.042222
2 0.519444 0.370000 0.067778 0.046667
2 0.780556 0.481667 0.058889 0.054444
2 0.665000 0.436111 0.067778 0.050000
2 0.482222 0.425000 0.077778 0.052222
2 0.638333 0.695556 0.058889 0.057778
2 0.764444 0.726111 0.068889 0.056667
3 0.516667 0.251111 0.086667 0.066667
3 0.796111 0.399444 0.074444 0.052222
3 0.591667 0.371111 0.072222 0.053333
3 0.838333 0.488333 0.058889 0.050000
3 0.834444 0.657222 0.071111 0.052222
3 0.509444 0.626111 0.072222 0.047778
3 0.563889 0.454444 0.076667 0.055556
0 0.226667 0.398333 0.095556 0.070000
0 0.193333 0.547778 0.104444 0.071111
0 0.296667 0.640000 0.115556 0.071111
0 0.606667 0.504444 0.077778 0.060000
0 0.547222 0.538333 0.072222 0.058889
0 0.893889 0.542778 0.072222 0.052222
0 0.609444 0.313333 0.085556 0.055556
0 0.518889 0.811111 0.084444 0.066667
0 0.422222 0.725000 0.097778 0.072222
1 0.495000 0.482778 0.085556 0.061111
1 0.447778 0.316111 0.068889 0.067778
1 0.730556 0.289444 0.061111 0.052222
3 0.693333 0.320000 0.064444 0.055556
1 0.857778 0.592778 0.064444 0.054444
1 0.448333 0.648889 0.076667 0.060000
1 0.575556 0.593333 0.082222 0.057778
