2 0.347778 0.141111 0.044444 0.062222
2 0.522778 0.146667 0.045556 0.057778
2 0.675000 0.127222 0.041111 0.052222
2 0.580000 0.100556 0.035556 0.063333
2 0.407222 0.287222 0.047778 0.061111
2 0.456667 0.392222 0.040000 0.055556
2 0.263889 0.418889 0.045556 0.057778
2 0.146111 0.558889 0.052222 0.053333
2 0.452778 0.667222 0.041111 0.058889
2 0.593889 0.963889 0.047778 0.056667
1 0.420000 0.736667 0.044444 0.057778
3 0.792222 0.152222 0.042222 0.053333
3 0.595556 0.320556 0.040000 0.061111
3 0.611111 0.402222 0.051111 0.057778
3 0.528889 0.416667 0.042222 0.062222
3 0.740556 0.431667 0.052222 0.054444
3 0.587778 0.772778 0.048889 0.067778
3 0.153889 0.728333 0.050000 0.061111
3 0.453333 0.970556 0.046667 0.054444
3 0.411111 0.962778 0.046667 0.058889
3 0.245000 0.921667 0.050000 0.078889
1 0.646111 0.313333 0.047778 0.057778
1 0.126111 0.884444 0.050000 0.048889
1 0.818333 0.696111 0.050000 0.070000
0 0.755000 0.500000 0.047778 0.060000
0 0.796667 0.213333 0.051111 0.068889
0 0.743333 0.681111 0.046667 0.057778
0 0.641111 0.740556 0.046667 0.070000
0 0.755000 0.948333 0.056667 0.065556
0 0.335556 0.610556 0.060000 0.070000
0 0.335000 0.691111 0.047778 0.053333
1 0.296111 0.972778 0.052222 0.054444
