0 0.133889 0.231667 0.087778 0.090000
0 0.087222 0.510000 0.074444 0.080000
0 0.074444 0.598333 0.066667 0.094444
0 0.665556 0.585000 0.080000 0.092222
0 0.515000 0.715556 0.074444 0.093333
0 0.572778 0.887222 0.065556 0.103333
0 0.370000 0.895000 0.068889 0.074444
2 0.373889 0.822222 0.065556 0.071111
2 0.624444 0.812778 0.060000 0.090000
2 0.830556 0.741111 0.072222 0.075556
2 0.729444 0.695000 0.061111 0.074444
2 0.216111 0.576667 0.045556 0.071111
2 0.185556 0.496111 0.064444 0.054444
2 0.290000 0.293889 0.057778 0.072222
2 0.223889 0.292222 0.052222 0.082222
3 0.191111 0.102222 0.068889 0.080000
3 0.940556 0.082222 0.083333 0.091111
3 0.652222 0.223333 0.084444 0.100000
3 0.529444 0.246667 0.065556 0.082222
3 0.606111 0.083333 0.074444 0.100000
3 0.297778 0.706667 0.055556 0.073333
3 0.575556 0.558333 0.064444 0.087778
3 0.255556 0.529444 0.062222 0.081111
3 0.230556 0.446667 0.061111 0.077778
3 0.196111 0.393889 0.052222 0.070000
1 0.426111 0.452222 0.072222 0.082222
1 0.457222 0.548889 0.076667 0.088889
1 0.406111 0.635000 0.065556 0.070000
1 0.463333 0.653333 0.048889 0.088889
1 0.383333 0.712778 0.071111 0.090000
1 0.145000 0.550556 0.070000 0.074444
