3 0.692778 0.503333 0.043333 0.057778
3 0.795556 0.593889 0.051111 0.061111
3 0.842222 0.771111 0.042222 0.057778
3 0.590000 0.695000 0.042222 0.063333
3 0.636667 0.630000 0.046667 0.064444
3 0.536667 0.570556 0.046667 0.061111
3 0.502778 0.535556 0.045556 0.051111
3 0.450556 0.643333 0.050000 0.051111
3 0.438889 0.591667 0.053333 0.056667
3 0.387778 0.619444 0.053333 0.063333
2 0.508889 0.198889 0.046667 0.053333
2 0.826667 0.370000 0.044444 0.064444
2 0.608333 0.524444 0.047778 0.046667
2 0.495556 0.480000 0.048889 0.048889
2 0.628889 0.686667 0.046667 0.051111
2 0.553889 0.761111 0.052222 0.044444
2 0.418889 0.820556 0.040000 0.058889
2 0.807778 0.795000 0.048889 0.058889
0 0.707222 0.237778 0.052222 0.062222
0 0.752222 0.438889 0.051111 0.066667
0 0.665556 0.335000 0.046667 0.052222
0 0.630000 0.395000 0.055556 0.052222
0 0.447778 0.437778 0.048889 0.064444
0 0.338889 0.367778 0.053333 0.060000
0 0.962222 0.633333 0.062222 0.057778
0 0.773333 0.906111 0.051111 0.061111
1 0.972222 0.157778 0.055556 0.060000
1 0.562222 0.425556 0.053333 0.053333
1 0.491111 0.419444 0.048889 0.061111
1 0.307778 0.447778 0.053333 0.057778
1 0.316111 0.580000 0.041111 0.057778
1 0.578333 0.628333 0.050000 0.050000
