2 0.286667 0.127778 0.051111 0.055556
2 0.215556 0.376111 0.051111 0.052222
2 0.071111 0.355000 0.051111 0.050000
2 0.196111 0.540556 0.052222 0.050000
2 0.391667 0.553889 0.047778 0.043333
2 0.367222 0.663889 0.045556 0.050000
2 0.509444 0.759444 0.041111 0.074444
2 0.804444 0.686667 0.042222 0.053333
2 0.637778 0.541667 0.053333 0.047778
2 0.722778 0.273333 0.041111 0.055556
2 0.664444 0.290000 0.048889 0.048889
3 0.275000 0.218889 0.054444 0.053333
3 0.276111 0.310000 0.050000 0.071111
3 0.565000 0.232778 0.034444 0.061111
3 0.531111 0.400000 0.046667 0.062222
3 0.568889 0.455556 0.053333 0.060000
3 0.653333 0.396667 0.053333 0.057778
3 0.529444 0.615556 0.050000 0.068889
3 0.420000 0.512778 0.044444 0.058889
3 0.295556 0.718333 0.051111 0.072222
0 0.552778 0.338889 0.056667 0.062222
0 0.490000 0.434444 0.048889 0.048889
0 0.800556 0.465000 0.045556 0.067778
0 0.637778 0.603889 0.053333 0.081111
0 0.845556 0.657222 0.046667 0.072222
0 0.407222 0.608333 0.063333 0.063333
0 0.188333 0.667778 0.045556 0.068889
0 0.184444 0.430000 0.051111 0.062222
1 0.364444 0.828333 0.057778 0.085556
1 0.273333 0.543889 0.051111 0.063333
1 0.811667 0.599444 0.058889 0.054444
3 0.247778 0.481667 0.051111 0.052222
3 0.355556 0.356111 0.064444 0.056667
1 0.481111 0.228889 0.046667 0.062222
