3 0.383333 0.166111 0.051111 0.050000
3 0.087222 0.343333 0.061111 0.042222
3 0.192778 0.389444 0.061111 0.043333
3 0.711667 0.460556 0.058889 0.041111
3 0.756111 0.434444 0.058889 0.046667
3 0.768889 0.546667 0.062222 0.060000
3 0.399444 0.581667 0.063333 0.045556
3 0.387222 0.621667 0.065556 0.052222
3 0.311111 0.521667 0.064444 0.041111
3 0.113333 0.576667 0.053333 0.051111
1 0.443889 0.230556 0.045556 0.041111
1 0.670000 0.521111 0.066667 0.042222
1 0.451111 0.559444 0.062222 0.041111
1 0.656667 0.639444 0.051111 0.052222
1 0.178889 0.585000 0.068889 0.052222
0 0.525000 0.499444 0.063333 0.043333
0 0.627222 0.353333 0.058889 0.051111
0 0.571111 0.348889 0.062222 0.046667
0 0.469444 0.382778 0.067778 0.052222
0 0.570000 0.551667 0.064444 0.063333
0 0.529444 0.642778 0.065556 0.052222
0 0.354444 0.793889 0.073333 0.058889
0 0.275000 0.555000 0.072222 0.043333
0 0.397778 0.536667 0.044444 0.040000
2 0.568333 0.311111 0.052222 0.033333
2 0.544444 0.281111 0.046667 0.046667
2 0.488889 0.318333 0.057778 0.034444
2 0.411667 0.353889 0.047778 0.043333
2 0.520000 0.374444 0.042222 0.044444
2 0.585000 0.447778 0.058889 0.037778
2 0.828889 0.559444 0.055556 0.045556
2 0.386667 0.721111 0.051111 0.048889
