0 0.533889 0.166111 0.054444 0.067778
0 0.213333 0.452222 0.051111 0.055556
0 0.205000 0.579444 0.052222 0.063333
0 0.511667 0.590556 0.041111 0.058889
0 0.464444 0.479444 0.044444 0.065556
0 0.667778 0.821111 0.046667 0.055556
0 0.067778 0.789444 0.051111 0.063333
1 0.558889 0.300556 0.048889 0.061111
1 0.624444 0.330556 0.051111 0.045556
1 0.382778 0.441111 0.050000 0.053333
1 0.452778 0.825000 0.043333 0.058889
1 0.144444 0.670556 0.033333 0.054444
3 0.371111 0.357222 0.042222 0.054444
3 0.583889 0.407778 0.043333 0.048889
3 0.589444 0.460000 0.050000 0.062222
3 0.646111 0.377222 0.047778 0.054444
3 0.654444 0.687222 0.037778 0.056667
3 0.638889 0.555556 0.037778 0.053333
3 0.490556 0.731111 0.034444 0.053333
3 0.353333 0.626667 0.037778 0.060000
3 0.271111 0.800556 0.040000 0.050000
3 0.123889 0.720000 0.043333 0.046667
2 0.292222 0.483889 0.042222 0.045556
2 0.468333 0.419444 0.038889 0.052222
2 0.657222 0.424444 0.045556 0.042222
2 0.650000 0.483333 0.044444 0.044444
2 0.747222 0.850556 0.041111 0.058889
2 0.616667 0.851667 0.037778 0.056667
2 0.426667 0.786667 0.033333 0.051111
2 0.097778 0.667222 0.044444 0.047778
0 0.912778 0.021667 0.052222 0.041111
0 0.682778 0.654444 0.047778 0.048889
