0 0.431667 0.087222 0.087778 0.067778
0 0.457778 0.174444 0.077778 0.064444
0 0.583889 0.412222 0.081111 0.062222
0 0.248333 0.321667 0.076667 0.058889
0 0.400000 0.322222 0.073333 0.057778
0 0.402222 0.682778 0.086667 0.063333
0 0.275000 0.791111 0.081111 0.068889
3 0.258333 0.107778 0.076667 0.053333
3 0.484444 0.283889 0.060000 0.054444
3 0.770556 0.261667 0.083333 0.063333
3 0.843889 0.540000 0.083333 0.048889
3 0.476111 0.465000 0.072222 0.047778
3 0.473333 0.788889 0.075556 0.060000
3 0.591667 0.839444 0.081111 0.065556
3 0.068333 0.655556 0.083333 0.046667
3 0.356667 0.575000 0.073333 0.058889
3 0.316667 0.427222 0.073333 0.041111
3 0.185556 0.403889 0.066667 0.047778
2 0.554444 0.628889 0.066667 0.057778
2 0.492778 0.705000 0.072222 0.050000
2 0.468333 0.532222 0.072222 0.048889
2 0.149444 0.645556 0.065556 0.062222
2 0.445000 0.401667 0.052222 0.054444
2 0.520556 0.376111 0.054444 0.047778
2 0.245556 0.396111 0.055556 0.061111
2 0.313889 0.153889 0.065556 0.050000
1 0.373889 0.261111 0.072222 0.057778
1 0.606111 0.303333 0.067778 0.055556
1 0.214444 0.256667 0.066667 0.053333
1 0.798333 0.212222 0.072222 0.048889
1 0.841667 0.481667 0.078889 0.058889
