1 0.185000 0.548889 0.065556 0.044444
1 0.676111 0.421667 0.067778 0.036667
1 0.295556 0.702222 0.071111 0.048889
1 0.408889 0.707222 0.062222 0.052222
1 0.321111 0.152222 0.068889 0.057778
0 0.615556 0.171111 0.060000 0.055556
1 0.518889 0.181111 0.066667 0.055556
0 0.328333 0.300556 0.078889 0.061111
0 0.333333 0.383889 0.062222 0.056667
0 0.553333 0.498889 0.064444 0.053333
0 0.410556 0.805000 0.072222 0.050000
0 0.752222 0.487222 0.057778 0.052222
0 0.782222 0.368333 0.068889 0.061111
3 0.648333 0.265000 0.063333 0.054444
3 0.805556 0.237222 0.057778 0.052222
3 0.806111 0.576667 0.058889 0.055556
3 0.667778 0.572778 0.066667 0.041111
3 0.598333 0.622778 0.058889 0.050000
3 0.629444 0.736667 0.061111 0.044444
0 0.803889 0.713889 0.070000 0.052222
3 0.262778 0.623889 0.063333 0.052222
3 0.291111 0.553333 0.077778 0.057778
3 0.265556 0.275000 0.055556 0.047778
2 0.474444 0.251111 0.055556 0.053333
2 0.540000 0.342778 0.055556 0.047778
2 0.683333 0.383889 0.064444 0.036667
2 0.387778 0.338889 0.048889 0.044444
2 0.181667 0.442778 0.070000 0.047778
2 0.418333 0.547222 0.045556 0.050000
2 0.523889 0.539444 0.054444 0.036667
2 0.456667 0.646667 0.062222 0.042222
2 0.453333 0.681667 0.060000 0.041111
2 0.532222 0.905000 0.044444 0.054444
2 0.669444 0.888333 0.072222 0.043333
