0 0.707778 0.242778 0.093333 0.063333
0 0.624444 0.196667 0.068889 0.062222
0 0.438333 0.223889 0.076667 0.058889
0 0.464444 0.172778 0.077778 0.061111
0 0.147222 0.242222 0.087778 0.066667
0 0.347222 0.547778 0.081111 0.064444
0 0.393333 0.713889 0.095556 0.070000
0 0.696667 0.616111 0.100000 0.076667
0 0.761667 0.360556 0.070000 0.050000
2 0.347222 0.262222 0.067778 0.053333
2 0.565000 0.393889 0.063333 0.056667
2 0.749444 0.480000 0.078889 0.046667
2 0.687778 0.540556 0.077778 0.047778
2 0.533889 0.598333 0.061111 0.056667
2 0.491667 0.545556 0.065556 0.057778
2 0.568333 0.653333 0.070000 0.055556
2 0.517222 0.438333 0.058889 0.058889
1 0.283333 0.471667 0.082222 0.052222
1 0.436667 0.396667 0.077778 0.057778
1 0.761111 0.410000 0.088889 0.053333
1 0.703889 0.328333 0.078889 0.058889
3 0.253889 0.688889 0.098889 0.066667
3 0.557222 0.324444 0.083333 0.060000
1 0.573889 0.226667 0.058889 0.057778
1 0.210556 0.312778 0.085556 0.056667
