0 0.581667 0.208333 0.067778 0.054444
0 0.425000 0.433889 0.065556 0.056667
0 0.249444 0.388889 0.078889 0.051111
0 0.581667 0.738333 0.067778 0.043333
0 0.796667 0.712778 0.073333 0.061111
0 0.547222 0.814444 0.072222 0.057778
3 0.454444 0.252222 0.068889 0.053333
3 0.220000 0.249444 0.075556 0.050000
3 0.692222 0.392222 0.060000 0.053333
3 0.605000 0.362222 0.058889 0.044444
3 0.608889 0.425556 0.064444 0.048889
3 0.612778 0.647222 0.067778 0.054444
3 0.492222 0.575000 0.073333 0.061111
3 0.426111 0.771667 0.074444 0.056667
3 0.323889 0.721667 0.061111 0.045556
0 0.480000 0.686667 0.057778 0.057778
1 0.642222 0.215000 0.048889 0.050000
1 0.414444 0.348889 0.066667 0.046667
1 0.623889 0.527778 0.065556 0.048889
1 0.543333 0.666111 0.062222 0.045556
1 0.408333 0.611667 0.067778 0.050000
1 0.266111 0.621667 0.078889 0.054444
2 0.698889 0.282778 0.057778 0.047778
2 0.610556 0.273333 0.052222 0.042222
2 0.514444 0.380556 0.051111 0.043333
2 0.434444 0.512778 0.051111 0.052222
2 0.331667 0.535000 0.056667 0.050000
2 0.217778 0.490000 0.071111 0.040000
2 0.556667 0.556667 0.051111 0.048889
2 0.750000 0.578889 0.057778 0.051111
2 0.753889 0.659444 0.061111 0.043333
2 0.272778 0.746111 0.054444 0.056667
