1 0.420000 0.507222 0.051111 0.070000
3 0.742222 0.156111 0.066667 0.074444
3 0.567778 0.210556 0.048889 0.076667
3 0.805000 0.033889 0.036667 0.065556
3 0.812778 0.276667 0.056667 0.064444
3 0.342222 0.567222 0.064444 0.058889
3 0.186667 0.595000 0.060000 0.070000
2 0.383333 0.345556 0.046667 0.064444
2 0.611667 0.396667 0.058889 0.060000
2 0.820556 0.510556 0.052222 0.072222
2 0.858889 0.157778 0.048889 0.064444
2 0.115000 0.954444 0.050000 0.080000
0 0.683889 0.453889 0.061111 0.078889
0 0.851667 0.057778 0.056667 0.071111
0 0.975000 0.733889 0.050000 0.085556
