0 0.680000 0.190000 0.053333 0.060000
0 0.430556 0.443333 0.052222 0.062222
0 0.176667 0.478889 0.055556 0.055556
0 0.320556 0.723889 0.052222 0.056667
0 0.455000 0.718889 0.045556 0.062222
0 0.147222 0.740000 0.063333 0.071111
0 0.211111 0.832778 0.051111 0.081111
0 0.648889 0.820556 0.051111 0.067778
2 0.522778 0.252222 0.041111 0.044444
2 0.461111 0.252778 0.042222 0.052222
2 0.548333 0.292222 0.036667 0.055556
2 0.316111 0.450000 0.045556 0.053333
2 0.198889 0.410000 0.044444 0.051111
2 0.271667 0.548333 0.047778 0.054444
2 0.412222 0.565556 0.048889 0.051111
2 0.486667 0.590000 0.042222 0.060000
2 0.615000 0.563889 0.047778 0.052222
2 0.682222 0.496111 0.044444 0.061111
2 0.490556 0.891667 0.047778 0.058889
2 0.412778 0.891111 0.041111 0.055556
3 0.625556 0.324444 0.051111 0.062222
3 0.700000 0.353333 0.053333 0.062222
3 0.076667 0.455556 0.055556 0.062222
3 0.151111 0.420000 0.048889 0.051111
3 0.439444 0.597778 0.041111 0.060000
3 0.238889 0.748889 0.046667 0.060000
3 0.290000 0.877778 0.044444 0.053333
3 0.448889 0.916667 0.044444 0.062222
3 0.449444 0.305556 0.045556 0.046667
3 0.282778 0.942778 0.054444 0.070000
1 0.470000 0.496111 0.044444 0.058889
1 0.567222 0.587778 0.043333 0.066667
1 0.372222 0.893889 0.046667 0.074444
1 0.248333 0.883889 0.038889 0.061111
