1 0.848333 0.361667 0.034444 0.056667
1 0.618333 0.591667 0.052222 0.056667
1 0.443889 0.735000 0.041111 0.063333
1 0.381111 0.700556 0.046667 0.052222
1 0.543889 0.208889 0.045556 0.051111
1 0.316111 0.380556 0.043333 0.050000
0 0.328333 0.216111 0.045556 0.052222
0 0.925000 0.243333 0.050000 0.062222
0 0.480000 0.476667 0.044444 0.055556
0 0.537222 0.550556 0.050000 0.065556
0 0.791667 0.452778 0.047778 0.065556
0 0.787222 0.578889 0.054444 0.057778
0 0.471667 0.869444 0.052222 0.065556
2 0.249444 0.187222 0.036667 0.056667
2 0.381111 0.183889 0.035556 0.047778
2 0.566111 0.248889 0.030000 0.046667
2 0.897778 0.365556 0.040000 0.046667
2 0.709444 0.548333 0.041111 0.050000
2 0.535000 0.611667 0.038889 0.050000
3 0.506667 0.302778 0.040000 0.054444
3 0.343889 0.347778 0.041111 0.055556
3 0.722778 0.233333 0.041111 0.042222
3 0.867778 0.312222 0.046667 0.053333
3 0.645000 0.406111 0.038889 0.061111
3 0.419444 0.627222 0.045556 0.050000
3 0.631667 0.673889 0.041111 0.058889
3 0.412778 0.571111 0.050000 0.062222
3 0.363333 0.653889 0.042222 0.043333
