3 0.564444 0.170556 0.055556 0.074444
3 0.517778 0.242778 0.048889 0.058889
3 0.514444 0.326111 0.055556 0.063333
3 0.392222 0.397778 0.051111 0.064444
3 0.677222 0.386111 0.054444 0.072222
3 0.743333 0.561111 0.068889 0.082222
3 0.328889 0.603333 0.064444 0.077778
3 0.181667 0.560000 0.063333 0.068889
3 0.268333 0.816111 0.058889 0.081111
0 0.316667 0.372222 0.060000 0.088889
0 0.358889 0.458333 0.062222 0.065556
0 0.293333 0.465556 0.057778 0.084444
0 0.773333 0.368889 0.057778 0.080000
0 0.848333 0.476111 0.054444 0.081111
0 0.438333 0.686111 0.061111 0.083333
0 0.351667 0.885556 0.056667 0.082222
0 0.605000 0.803889 0.056667 0.083333
2 0.661111 0.262778 0.051111 0.063333
2 0.629444 0.398333 0.045556 0.067778
2 0.504444 0.402778 0.060000 0.054444
2 0.247222 0.316667 0.054444 0.060000
2 0.233333 0.403333 0.051111 0.057778
2 0.436667 0.487778 0.044444 0.068889
2 0.576111 0.557778 0.052222 0.060000
2 0.352778 0.518333 0.054444 0.047778
2 0.241111 0.708889 0.051111 0.066667
2 0.513333 0.726667 0.055556 0.064444
2 0.470000 0.864444 0.062222 0.066667
1 0.538333 0.810556 0.061111 0.078889
1 0.806667 0.667222 0.053333 0.078889
1 0.607222 0.643333 0.065556 0.082222
1 0.666111 0.526111 0.056667 0.067778
