2 0.212778 0.136667 0.043333 0.048889
2 0.647222 0.226111 0.043333 0.054444
2 0.463889 0.227778 0.045556 0.051111
2 0.406111 0.336111 0.036667 0.054444
2 0.952222 0.493333 0.044444 0.062222
2 0.215000 0.574444 0.045556 0.053333
2 0.361111 0.537222 0.037778 0.054444
2 0.372778 0.602222 0.038889 0.057778
2 0.720556 0.593333 0.032222 0.053333
2 0.532778 0.726667 0.036667 0.057778
3 0.246111 0.230556 0.045556 0.054444
3 0.383889 0.408333 0.045556 0.056667
3 0.551667 0.306667 0.034444 0.060000
3 0.598333 0.297778 0.050000 0.057778
3 0.824444 0.278333 0.042222 0.067778
3 0.742222 0.637222 0.044444 0.067778
3 0.578889 0.748889 0.044444 0.057778
3 0.242222 0.622222 0.048889 0.071111
3 0.503889 0.425556 0.038889 0.051111
3 0.430000 0.390556 0.042222 0.054444
1 0.358333 0.205000 0.056667 0.074444
1 0.443333 0.333889 0.046667 0.052222
1 0.465556 0.410556 0.035556 0.067778
1 0.738333 0.402222 0.036667 0.055556
1 0.495000 0.709444 0.038889 0.065556
1 0.692222 0.563333 0.046667 0.044444
0 0.722222 0.349444 0.042222 0.052222
0 0.694444 0.401111 0.046667 0.060000
0 0.525000 0.371111 0.061111 0.057778
0 0.558889 0.573889 0.040000 0.054444
0 0.655000 0.617778 0.058889 0.064444
0 0.340000 0.490000 0.060000 0.057778
0 0.410000 0.669444 0.062222 0.061111
2 0.786667 0.971111 0.048889 0.055556
