0 0.162222 0.152222 0.042222 0.055556
0 0.712222 0.342222 0.046667 0.053333
0 0.851667 0.375000 0.045556 0.052222
0 0.624444 0.747778 0.046667 0.066667
0 0.467778 0.530556 0.040000 0.056667
0 0.693333 0.629444 0.037778 0.054444
0 0.083333 0.410000 0.046667 0.062222
0 0.711667 0.253333 0.047778 0.051111
1 0.693889 0.296111 0.041111 0.043333
3 0.521667 0.294444 0.043333 0.051111
3 0.560556 0.493889 0.050000 0.052222
3 0.501667 0.515000 0.034444 0.050000
3 0.430000 0.552222 0.044444 0.060000
3 0.558333 0.598333 0.038889 0.054444
3 0.322222 0.429444 0.040000 0.047778
3 0.266111 0.458333 0.036667 0.050000
3 0.182222 0.570556 0.044444 0.056667
3 0.402778 0.957778 0.041111 0.062222
3 0.091667 0.350556 0.041111 0.052222
2 0.127778 0.455000 0.040000 0.052222
2 0.360000 0.395000 0.033333 0.045556
2 0.557778 0.388889 0.040000 0.046667
2 0.593333 0.380000 0.031111 0.057778
2 0.713889 0.481667 0.034444 0.054444
2 0.759444 0.465000 0.043333 0.050000
2 0.658889 0.636667 0.031111 0.057778
2 0.527778 0.621111 0.031111 0.053333
1 0.553889 0.545556 0.045556 0.044444
1 0.543889 0.759444 0.045556 0.072222
1 0.548333 0.962778 0.034444 0.065556
1 0.270000 0.951111 0.040000 0.062222
1 0.060556 0.807778 0.054444 0.053333
