3 0.223889 0.224444 0.038889 0.064444
3 0.401667 0.234444 0.052222 0.064444
3 0.625556 0.152222 0.046667 0.057778
3 0.648889 0.283333 0.055556 0.064444
3 0.568333 0.403889 0.043333 0.070000
3 0.577222 0.588889 0.050000 0.060000
3 0.634444 0.655000 0.048889 0.065556
3 0.428889 0.658333 0.051111 0.067778
3 0.413889 0.768889 0.045556 0.071111
3 0.497778 0.930000 0.048889 0.080000
3 0.539444 0.549444 0.047778 0.052222
2 0.473333 0.297222 0.042222 0.065556
2 0.560556 0.329444 0.038889 0.052222
2 0.582778 0.495556 0.041111 0.060000
2 0.438333 0.500000 0.038889 0.060000
2 0.271111 0.482778 0.044444 0.063333
2 0.537222 0.679444 0.038889 0.065556
2 0.697778 0.673889 0.048889 0.052222
2 0.677222 0.628333 0.036667 0.065556
2 0.666667 0.842222 0.048889 0.064444
1 0.777778 0.268333 0.057778 0.061111
1 0.623889 0.337778 0.038889 0.060000
1 0.513333 0.284444 0.046667 0.066667
1 0.452778 0.428333 0.047778 0.063333
1 0.581667 0.651667 0.047778 0.067778
0 0.484444 0.502222 0.057778 0.075556
0 0.478889 0.590556 0.053333 0.072222
0 0.357222 0.613889 0.052222 0.078889
0 0.306111 0.636111 0.050000 0.067778
0 0.262778 0.688333 0.054444 0.072222
0 0.572222 0.848889 0.057778 0.088889
