0 0.787778 0.142778 0.057778 0.065556
0 0.601111 0.136667 0.055556 0.068889
0 0.553889 0.153889 0.056667 0.058889
0 0.645556 0.283333 0.060000 0.071111
0 0.286111 0.216667 0.056667 0.071111
0 0.493889 0.400000 0.045556 0.068889
0 0.317778 0.671667 0.060000 0.081111
2 0.373889 0.199444 0.036667 0.052222
2 0.408889 0.242778 0.048889 0.052222
2 0.165000 0.220556 0.050000 0.056667
2 0.219444 0.333889 0.054444 0.043333
2 0.349444 0.417778 0.050000 0.060000
2 0.563889 0.445000 0.052222 0.056667
2 0.550000 0.583333 0.055556 0.062222
2 0.205556 0.601111 0.048889 0.064444
2 0.587222 0.866667 0.065556 0.080000
3 0.618889 0.224444 0.057778 0.046667
3 0.518889 0.343333 0.055556 0.060000
3 0.576667 0.390000 0.053333 0.057778
3 0.317778 0.550556 0.062222 0.061111
3 0.476667 0.622778 0.057778 0.083333
3 0.292222 0.480556 0.042222 0.065556
3 0.087778 0.427222 0.051111 0.065556
3 0.101111 0.371111 0.064444 0.046667
1 0.538889 0.256111 0.053333 0.061111
1 0.470000 0.319444 0.040000 0.063333
1 0.417778 0.363333 0.048889 0.071111
1 0.240000 0.389444 0.057778 0.058889
1 0.252222 0.444444 0.035556 0.068889
1 0.486111 0.512778 0.056667 0.067778
1 0.423333 0.571111 0.057778 0.077778
