0 0.492778 0.218333 0.032222 0.036667
0 0.744444 0.353889 0.044444 0.063333
0 0.520000 0.367222 0.037778 0.058889
0 0.623333 0.378889 0.046667 0.060000
0 0.481111 0.515556 0.033333 0.046667
0 0.315000 0.508333 0.047778 0.054444
0 0.290000 0.561111 0.048889 0.064444
0 0.372778 0.734444 0.045556 0.060000
0 0.289444 0.290000 0.038889 0.048889
3 0.435000 0.216667 0.041111 0.046667
3 0.427222 0.268889 0.034444 0.060000
3 0.615000 0.246667 0.034444 0.044444
3 0.514444 0.281667 0.035556 0.045556
3 0.262778 0.366111 0.041111 0.052222
3 0.400000 0.425556 0.044444 0.057778
3 0.554444 0.365000 0.035556 0.058889
3 0.455000 0.638333 0.045556 0.054444
3 0.772222 0.499444 0.051111 0.063333
2 0.477222 0.271111 0.034444 0.053333
2 0.621667 0.289444 0.041111 0.043333
2 0.566111 0.508333 0.034444 0.052222
2 0.586667 0.535556 0.035556 0.051111
2 0.476111 0.573333 0.043333 0.042222
2 0.592222 0.708333 0.042222 0.054444
2 0.082222 0.468333 0.042222 0.056667
2 0.945556 0.478889 0.044444 0.048889
2 0.943333 0.437778 0.042222 0.051111
1 0.843889 0.171111 0.032222 0.051111
1 0.758333 0.200556 0.041111 0.047778
1 0.703889 0.359444 0.038889 0.054444
1 0.506111 0.453333 0.041111 0.057778
1 0.437222 0.591111 0.043333 0.044444
1 0.393333 0.221111 0.040000 0.042222
