1 0.370556 0.150556 0.065556 0.058889
0 0.431111 0.171667 0.057778 0.074444
0 0.527222 0.031667 0.056667 0.061111
0 0.047778 0.201667 0.057778 0.067778
0 0.278889 0.431111 0.062222 0.060000
3 0.122778 0.128889 0.052222 0.066667
3 0.089444 0.441667 0.058889 0.083333
3 0.212222 0.401667 0.057778 0.061111
3 0.283333 0.350556 0.057778 0.065556
3 0.508333 0.236667 0.050000 0.073333
3 0.392778 0.216667 0.054444 0.068889
3 0.413333 0.035556 0.044444 0.062222
3 0.874444 0.801111 0.053333 0.068889
2 0.254444 0.669444 0.057778 0.056667
2 0.935556 0.225000 0.048889 0.070000
2 0.347222 0.203333 0.045556 0.057778
2 0.236111 0.285556 0.050000 0.048889
2 0.100556 0.247222 0.054444 0.061111
2 0.221667 0.108889 0.054444 0.064444
2 0.073889 0.136667 0.047778 0.053333
2 0.227778 0.037222 0.051111 0.065556
2 0.637778 0.052778 0.044444 0.070000
