2 0.613889 0.213333 0.045556 0.071111
2 0.872778 0.257222 0.043333 0.061111
2 0.906667 0.226667 0.060000 0.044444
2 0.973889 0.195556 0.047778 0.062222
2 0.342222 0.886667 0.051111 0.068889
3 0.710000 0.103333 0.051111 0.068889
3 0.787222 0.127222 0.045556 0.081111
3 0.892778 0.100000 0.056667 0.077778
3 0.668333 0.268333 0.050000 0.067778
3 0.828889 0.287778 0.060000 0.064444
0 0.754444 0.403333 0.053333 0.082222
0 0.875000 0.466111 0.065556 0.081111
0 0.837222 0.137222 0.047778 0.087778
0 0.821667 0.060556 0.054444 0.067778
0 0.858889 0.604444 0.062222 0.068889
0 0.899444 0.768889 0.070000 0.082222
1 0.652222 0.032222 0.055556 0.062222
1 0.568333 0.677222 0.045556 0.078889
2 0.832222 0.015000 0.053333 0.027778
2 0.894444 0.012778 0.055556 0.023333
3 0.926667 0.173333 0.053333 0.062222
