1 0.438889 0.226111 0.046667 0.052222
1 0.634444 0.297222 0.037778 0.061111
1 0.736111 0.484444 0.052222 0.062222
1 0.791667 0.455000 0.050000 0.056667
1 0.861667 0.693333 0.056667 0.062222
0 0.215000 0.285000 0.050000 0.058889
0 0.409444 0.365000 0.052222 0.054444
0 0.520000 0.351667 0.053333 0.070000
0 0.516667 0.432778 0.053333 0.058889
0 0.612778 0.569444 0.050000 0.063333
0 0.676111 0.747778 0.065556 0.071111
3 0.406111 0.192222 0.043333 0.048889
3 0.308889 0.328889 0.040000 0.068889
3 0.291667 0.456667 0.045556 0.064444
3 0.242778 0.630556 0.052222 0.063333
3 0.333889 0.654444 0.050000 0.073333
3 0.404444 0.570556 0.048889 0.063333
3 0.442778 0.635556 0.054444 0.071111
3 0.550000 0.682778 0.046667 0.065556
3 0.768889 0.325000 0.051111 0.056667
3 0.693333 0.397222 0.040000 0.058889
3 0.674444 0.275556 0.042222 0.051111
2 0.404444 0.440556 0.051111 0.045556
2 0.527778 0.505556 0.051111 0.060000
2 0.640000 0.465556 0.051111 0.066667
2 0.326111 0.516111 0.045556 0.058889
2 0.586667 0.297778 0.042222 0.048889
2 0.808333 0.281667 0.050000 0.043333
2 0.876111 0.537222 0.045556 0.054444
2 0.637222 0.239444 0.045556 0.038889
2 0.761667 0.679444 0.050000 0.058889
