3 0.226667 0.252222 0.082222 0.048889
3 0.463889 0.248333 0.072222 0.054444
3 0.618889 0.365000 0.057778 0.052222
3 0.620000 0.429444 0.068889 0.047778
3 0.703333 0.394444 0.064444 0.046667
3 0.499444 0.581667 0.072222 0.061111
3 0.618333 0.653889 0.070000 0.052222
3 0.327778 0.730000 0.057778 0.057778
3 0.428889 0.779444 0.075556 0.058889
0 0.592222 0.206111 0.062222 0.056667
0 0.431111 0.433889 0.066667 0.058889
0 0.253333 0.390000 0.088889 0.060000
0 0.266667 0.626111 0.077778 0.058889
0 0.553889 0.823889 0.067778 0.058889
0 0.586667 0.745556 0.073333 0.051111
0 0.808889 0.722222 0.071111 0.060000
0 0.485556 0.693889 0.060000 0.058889
2 0.420556 0.350556 0.067778 0.050000
2 0.620000 0.274444 0.057778 0.046667
2 0.712222 0.282222 0.060000 0.048889
2 0.763333 0.584444 0.055556 0.048889
2 0.763889 0.670556 0.058889 0.047778
2 0.277778 0.752222 0.062222 0.048889
2 0.221667 0.492778 0.061111 0.047778
2 0.332778 0.538333 0.056667 0.047778
2 0.441111 0.515000 0.055556 0.043333
2 0.561111 0.561667 0.048889 0.043333
2 0.521667 0.383333 0.061111 0.051111
1 0.656111 0.218333 0.052222 0.054444
1 0.633333 0.533333 0.071111 0.048889
1 0.546667 0.675000 0.066667 0.050000
1 0.413333 0.618333 0.068889 0.054444
