2 0.715556 0.441111 0.048889 0.042222
2 0.735000 0.513333 0.052222 0.035556
2 0.814444 0.521111 0.042222 0.033333
2 0.715000 0.731111 0.052222 0.035556
2 0.873333 0.914444 0.048889 0.035556
2 0.300000 0.563889 0.051111 0.038889
2 0.235000 0.626667 0.065556 0.035556
2 0.028333 0.646111 0.054444 0.047778
2 0.037778 0.210556 0.071111 0.045556
2 0.941667 0.867222 0.043333 0.038889
3 0.788333 0.138889 0.065556 0.055556
3 0.937222 0.674444 0.056667 0.044444
3 0.771111 0.847778 0.057778 0.042222
3 0.827778 0.880000 0.046667 0.026667
3 0.606111 0.941667 0.050000 0.047778
3 0.036111 0.830000 0.063333 0.046667
3 0.146667 0.643333 0.064444 0.042222
3 0.024444 0.538889 0.046667 0.044444
3 0.030556 0.498333 0.058889 0.047778
0 0.292222 0.467778 0.055556 0.051111
0 0.718333 0.550000 0.058889 0.042222
0 0.914444 0.450000 0.060000 0.042222
0 0.787222 0.751111 0.058889 0.048889
0 0.177222 0.955000 0.063333 0.058889
0 0.035556 0.737778 0.055556 0.044444
0 0.057778 0.338333 0.064444 0.050000
1 0.126111 0.529444 0.074444 0.041111
1 0.123333 0.977222 0.053333 0.043333
1 0.669444 0.917778 0.058889 0.046667
1 0.719444 0.836111 0.047778 0.043333
1 0.812778 0.848333 0.038889 0.041111
1 0.894444 0.398333 0.055556 0.034444
