2 0.438889 0.186667 0.042222 0.053333
2 0.528889 0.330556 0.044444 0.052222
2 0.772778 0.425556 0.052222 0.053333
2 0.677778 0.449444 0.046667 0.052222
2 0.471111 0.407222 0.046667 0.047778
2 0.419444 0.469444 0.041111 0.063333
2 0.286111 0.491667 0.047778 0.063333
2 0.282778 0.576111 0.045556 0.054444
2 0.488333 0.647222 0.045556 0.063333
2 0.735556 0.746667 0.046667 0.066667
0 0.733889 0.220000 0.052222 0.082222
0 0.776111 0.339444 0.056667 0.070000
0 0.802778 0.480556 0.052222 0.063333
0 0.745000 0.515556 0.052222 0.057778
0 0.751667 0.601667 0.047778 0.065556
0 0.621667 0.520000 0.061111 0.068889
0 0.326111 0.602222 0.050000 0.062222
0 0.336111 0.274444 0.052222 0.062222
3 0.305556 0.377222 0.055556 0.056667
3 0.480000 0.528889 0.046667 0.055556
3 0.538889 0.494444 0.057778 0.068889
3 0.410000 0.531667 0.060000 0.061111
3 0.435000 0.634444 0.054444 0.077778
3 0.351111 0.714444 0.046667 0.068889
3 0.484444 0.762222 0.055556 0.066667
3 0.597222 0.647778 0.052222 0.068889
3 0.676111 0.268889 0.050000 0.064444
1 0.650556 0.723333 0.056667 0.064444
1 0.642778 0.385556 0.045556 0.066667
1 0.651111 0.327778 0.055556 0.051111
1 0.431111 0.292222 0.046667 0.064444
2 0.616667 0.275000 0.051111 0.052222
