3 0.426111 0.225000 0.072222 0.058889
3 0.408333 0.349444 0.074444 0.065556
3 0.209444 0.291667 0.072222 0.058889
3 0.606667 0.408889 0.055556 0.053333
3 0.671667 0.527222 0.063333 0.058889
3 0.825000 0.566111 0.074444 0.056667
3 0.622222 0.676111 0.060000 0.054444
3 0.245556 0.716111 0.066667 0.058889
3 0.298333 0.740556 0.063333 0.056667
0 0.140556 0.372222 0.074444 0.051111
0 0.332778 0.454444 0.074444 0.055556
0 0.547222 0.376111 0.058889 0.063333
0 0.628333 0.333889 0.083333 0.056667
0 0.517222 0.792778 0.085556 0.056667
0 0.646111 0.770000 0.072222 0.055556
0 0.539444 0.840556 0.072222 0.052222
0 0.680556 0.268333 0.065556 0.050000
1 0.383333 0.785000 0.073333 0.058889
1 0.486111 0.667222 0.063333 0.063333
1 0.382778 0.612778 0.070000 0.063333
1 0.216111 0.553333 0.072222 0.055556
0 0.225556 0.622222 0.077778 0.062222
2 0.592778 0.253333 0.056667 0.053333
2 0.522778 0.451111 0.072222 0.037778
2 0.576667 0.612222 0.066667 0.048889
2 0.738889 0.660556 0.064444 0.050000
2 0.458333 0.583333 0.063333 0.048889
2 0.300000 0.526667 0.073333 0.051111
2 0.166111 0.487222 0.070000 0.054444
2 0.490556 0.368333 0.052222 0.052222
2 0.298333 0.253889 0.063333 0.054444
2 0.236111 0.766667 0.076667 0.042222
