1 0.509444 0.371667 0.050000 0.067778
1 0.323333 0.410556 0.051111 0.063333
1 0.326111 0.539444 0.041111 0.058889
1 0.595000 0.582778 0.047778 0.052222
1 0.017222 0.871667 0.032222 0.076667
1 0.491667 0.018889 0.047778 0.035556
2 0.521667 0.150556 0.043333 0.052222
2 0.405000 0.444444 0.041111 0.060000
2 0.622222 0.480000 0.046667 0.044444
2 0.508889 0.437778 0.046667 0.055556
2 0.305556 0.483889 0.048889 0.050000
2 0.643889 0.641111 0.043333 0.053333
2 0.821111 0.745000 0.044444 0.063333
2 0.434444 0.781667 0.046667 0.058889
0 0.718333 0.190556 0.061111 0.067778
0 0.682778 0.292778 0.050000 0.063333
0 0.766111 0.396111 0.054444 0.072222
0 0.647778 0.347778 0.051111 0.057778
0 0.385556 0.346111 0.053333 0.063333
0 0.462222 0.397778 0.044444 0.066667
0 0.972222 0.585000 0.053333 0.067778
0 0.790000 0.861667 0.048889 0.056667
3 0.518889 0.496667 0.040000 0.053333
3 0.552778 0.527778 0.047778 0.060000
3 0.651667 0.586667 0.043333 0.060000
3 0.847778 0.593333 0.051111 0.064444
3 0.882778 0.564444 0.045556 0.060000
3 0.856667 0.724444 0.040000 0.055556
3 0.878333 0.946111 0.047778 0.054444
3 0.239444 0.774444 0.058889 0.066667
3 0.153333 0.718333 0.044444 0.054444
3 0.607222 0.653889 0.038889 0.067778
