2 0.493889 0.221111 0.054444 0.042222
2 0.738889 0.228333 0.073333 0.050000
2 0.787778 0.330556 0.062222 0.054444
2 0.512778 0.320000 0.047778 0.046667
2 0.393333 0.461667 0.057778 0.045556
2 0.462222 0.515556 0.051111 0.044444
2 0.696667 0.505556 0.066667 0.044444
2 0.613333 0.706111 0.055556 0.050000
2 0.531667 0.696667 0.052222 0.046667
2 0.251111 0.537222 0.040000 0.047778
3 0.337222 0.311111 0.052222 0.042222
3 0.701667 0.400556 0.065556 0.052222
3 0.812222 0.511667 0.068889 0.050000
3 0.753889 0.641111 0.070000 0.048889
3 0.686111 0.557222 0.078889 0.047778
3 0.498333 0.599444 0.067778 0.050000
3 0.580556 0.511111 0.063333 0.040000
3 0.548333 0.452222 0.061111 0.046667
3 0.423889 0.670000 0.054444 0.048889
0 0.413333 0.217778 0.062222 0.051111
0 0.549444 0.197778 0.065556 0.057778
0 0.584444 0.257222 0.068889 0.052222
0 0.292222 0.260000 0.073333 0.053333
0 0.716111 0.341111 0.056667 0.044444
0 0.580556 0.376667 0.074444 0.068889
0 0.328333 0.638333 0.052222 0.047778
3 0.645556 0.665000 0.062222 0.063333
1 0.445556 0.350000 0.068889 0.046667
1 0.394444 0.339444 0.057778 0.054444
1 0.341667 0.370556 0.056667 0.041111
1 0.884444 0.431111 0.066667 0.053333
1 0.349444 0.548333 0.067778 0.038889
