1 0.210556 0.081111 0.061111 0.051111
1 0.721111 0.210000 0.055556 0.048889
1 0.481111 0.862778 0.055556 0.043333
1 0.094444 0.433333 0.060000 0.042222
0 0.262222 0.461111 0.068889 0.046667
0 0.192778 0.486667 0.063333 0.048889
0 0.348889 0.502778 0.064444 0.045556
0 0.446667 0.518333 0.057778 0.050000
0 0.505000 0.578889 0.065556 0.044444
0 0.158333 0.438333 0.063333 0.045556
0 0.203889 0.732778 0.072222 0.054444
0 0.636667 0.924444 0.062222 0.051111
0 0.969444 0.179444 0.056667 0.052222
0 0.970556 0.300000 0.058889 0.046667
2 0.312222 0.126667 0.053333 0.042222
2 0.383333 0.047222 0.053333 0.041111
2 0.563889 0.039444 0.056667 0.043333
2 0.655556 0.146667 0.046667 0.046667
2 0.432778 0.650556 0.050000 0.050000
2 0.438333 0.605000 0.052222 0.050000
2 0.458889 0.795000 0.060000 0.041111
2 0.075556 0.061667 0.053333 0.045556
3 0.039444 0.218333 0.052222 0.045556
3 0.030556 0.112222 0.058889 0.051111
3 0.694444 0.031111 0.057778 0.048889
3 0.812222 0.565000 0.057778 0.041111
3 0.098333 0.818889 0.056667 0.042222
3 0.386111 0.607222 0.056667 0.045556
3 0.969444 0.070000 0.061111 0.051111
3 0.970556 0.025556 0.043333 0.048889
