2 0.601667 0.130000 0.036667 0.053333
2 0.696667 0.032778 0.037778 0.041111
2 0.929444 0.370000 0.050000 0.055556
2 0.532222 0.950000 0.055556 0.060000
2 0.294444 0.272222 0.040000 0.048889
2 0.513333 0.277778 0.044444 0.040000
0 0.212222 0.725000 0.057778 0.070000
0 0.143889 0.728333 0.056667 0.065556
0 0.460556 0.592222 0.047778 0.048889
0 0.522778 0.325556 0.043333 0.057778
0 0.948889 0.184444 0.051111 0.068889
0 0.798889 0.279444 0.051111 0.065556
0 0.976111 0.756667 0.047778 0.080000
3 0.115000 0.201111 0.047778 0.057778
3 0.276111 0.201667 0.047778 0.063333
3 0.727778 0.103333 0.035556 0.053333
3 0.743889 0.245556 0.045556 0.046667
3 0.098889 0.575000 0.053333 0.047778
1 0.709444 0.332222 0.041111 0.048889
1 0.856667 0.422222 0.053333 0.060000
1 0.096667 0.621111 0.048889 0.037778
1 0.697222 0.082778 0.030000 0.058889
1 0.739444 0.043889 0.043333 0.045556
