0 0.687222 0.157222 0.078889 0.098889
0 0.525000 0.266667 0.065556 0.095556
0 0.814444 0.475556 0.066667 0.077778
0 0.743333 0.522778 0.073333 0.076667
0 0.117222 0.510000 0.070000 0.095556
0 0.215556 0.275000 0.066667 0.085556
3 0.238333 0.940556 0.081111 0.096667
3 0.412778 0.792778 0.070000 0.083333
3 0.359444 0.815000 0.063333 0.083333
3 0.601111 0.702778 0.064444 0.087778
3 0.367222 0.645000 0.054444 0.094444
3 0.420000 0.623333 0.060000 0.062222
3 0.185000 0.526111 0.074444 0.090000
3 0.583333 0.316667 0.057778 0.073333
0 0.640556 0.338889 0.056667 0.091111
0 0.641667 0.486667 0.056667 0.077778
2 0.718889 0.824444 0.057778 0.088889
2 0.305000 0.795556 0.052222 0.084444
2 0.498333 0.651667 0.054444 0.083333
2 0.410556 0.557222 0.058889 0.074444
2 0.263889 0.380000 0.056667 0.071111
2 0.122778 0.318333 0.050000 0.067778
3 0.161111 0.353889 0.053333 0.070000
2 0.405556 0.229444 0.055556 0.081111
2 0.267778 0.257778 0.051111 0.071111
2 0.356667 0.081111 0.060000 0.071111
2 0.795000 0.397778 0.050000 0.077778
1 0.699444 0.437778 0.065556 0.075556
1 0.582222 0.196111 0.062222 0.074444
1 0.526667 0.188333 0.066667 0.063333
1 0.460000 0.360556 0.068889 0.087778
1 0.653333 0.745556 0.060000 0.086667
