2 0.877222 0.099444 0.047778 0.070000
2 0.706111 0.100000 0.050000 0.071111
2 0.456667 0.208333 0.040000 0.067778
2 0.732778 0.600000 0.054444 0.055556
2 0.740556 0.672778 0.050000 0.052222
2 0.513889 0.684444 0.045556 0.062222
2 0.046111 0.388333 0.056667 0.061111
3 0.245556 0.193333 0.055556 0.055556
3 0.534444 0.285556 0.046667 0.073333
3 0.747222 0.339444 0.054444 0.070000
3 0.366667 0.431667 0.044444 0.076667
3 0.075556 0.320000 0.051111 0.071111
3 0.723889 0.510556 0.052222 0.065556
3 0.653333 0.696111 0.051111 0.065556
3 0.660000 0.631667 0.055556 0.067778
3 0.727222 0.728333 0.054444 0.067778
3 0.403333 0.758889 0.044444 0.066667
0 0.772778 0.146111 0.061111 0.070000
0 0.789444 0.377778 0.050000 0.071111
0 0.562222 0.472778 0.051111 0.072222
0 0.509444 0.609444 0.056667 0.076667
0 0.189444 0.501667 0.061111 0.081111
0 0.211111 0.653333 0.060000 0.066667
0 0.597778 0.963333 0.062222 0.073333
1 0.483889 0.146667 0.054444 0.073333
1 0.410556 0.662222 0.056667 0.071111
1 0.623889 0.821111 0.052222 0.075556
1 0.697778 0.781111 0.055556 0.055556
2 0.300000 0.609444 0.048889 0.061111
1 0.113333 0.377778 0.046667 0.071111
