3 0.553333 0.153889 0.037778 0.052222
3 0.707778 0.145000 0.048889 0.061111
3 0.462778 0.146667 0.043333 0.060000
3 0.350000 0.377222 0.037778 0.050000
3 0.315556 0.465000 0.046667 0.061111
3 0.485556 0.458333 0.044444 0.054444
3 0.603889 0.423333 0.043333 0.053333
3 0.682778 0.515556 0.043333 0.051111
3 0.681111 0.596111 0.048889 0.063333
3 0.941111 0.605000 0.046667 0.065556
3 0.460556 0.621111 0.050000 0.066667
2 0.655000 0.281667 0.045556 0.056667
2 0.827778 0.354444 0.042222 0.057778
2 0.431111 0.195556 0.031111 0.053333
2 0.401667 0.220556 0.034444 0.054444
2 0.397778 0.290000 0.042222 0.042222
2 0.330000 0.897778 0.044444 0.068889
2 0.279444 0.889444 0.043333 0.065556
2 0.239444 0.764444 0.041111 0.048889
2 0.121111 0.657778 0.044444 0.053333
0 0.347778 0.208333 0.044444 0.056667
0 0.345000 0.265556 0.041111 0.055556
0 0.342778 0.320000 0.047778 0.055556
0 0.115000 0.398889 0.052222 0.057778
0 0.562222 0.273889 0.053333 0.065556
0 0.553889 0.560556 0.052222 0.063333
0 0.292778 0.697778 0.050000 0.057778
0 0.306111 0.826111 0.043333 0.065556
1 0.256111 0.841111 0.043333 0.051111
1 0.498333 0.379444 0.050000 0.061111
1 0.312778 0.188333 0.036667 0.058889
1 0.305556 0.107778 0.044444 0.057778
