0 0.295000 0.113889 0.054444 0.067778
0 0.715000 0.216111 0.047778 0.072222
0 0.686111 0.284444 0.052222 0.060000
0 0.700556 0.463889 0.043333 0.058889
0 0.289444 0.521111 0.050000 0.068889
3 0.592222 0.202778 0.042222 0.050000
0 0.666667 0.231667 0.044444 0.058889
3 0.392222 0.312778 0.048889 0.058889
3 0.545000 0.335556 0.043333 0.055556
3 0.592778 0.490556 0.045556 0.054444
3 0.351667 0.510000 0.047778 0.062222
3 0.573889 0.593889 0.047778 0.061111
3 0.393889 0.937222 0.054444 0.081111
2 0.457222 0.236667 0.041111 0.053333
2 0.320556 0.333889 0.047778 0.050000
2 0.291667 0.421667 0.038889 0.061111
2 0.426111 0.483889 0.045556 0.047778
2 0.622778 0.370000 0.050000 0.055556
2 0.678333 0.512222 0.045556 0.051111
2 0.605556 0.253889 0.044444 0.050000
2 0.965000 0.567222 0.054444 0.052222
1 0.391111 0.443333 0.042222 0.066667
1 0.331111 0.457222 0.048889 0.052222
1 0.773333 0.720556 0.048889 0.070000
1 0.661667 0.445556 0.041111 0.062222
1 0.432222 0.270556 0.053333 0.065556
