0 0.344444 0.182222 0.066667 0.073333
0 0.468333 0.212222 0.043333 0.060000
0 0.442778 0.290000 0.050000 0.071111
0 0.141111 0.352222 0.060000 0.060000
0 0.452222 0.855556 0.062222 0.064444
0 0.800556 0.565000 0.047778 0.072222
0 0.708889 0.166111 0.053333 0.074444
3 0.215000 0.158333 0.061111 0.058889
3 0.557222 0.297222 0.045556 0.070000
3 0.609444 0.371667 0.050000 0.072222
3 0.741667 0.404444 0.045556 0.060000
3 0.726667 0.337222 0.042222 0.061111
3 0.560556 0.159444 0.050000 0.061111
3 0.164444 0.653333 0.062222 0.080000
3 0.607222 0.721111 0.047778 0.071111
3 0.237778 0.318889 0.060000 0.068889
2 0.313333 0.588333 0.053333 0.054444
2 0.211667 0.796667 0.061111 0.071111
2 0.216667 0.499444 0.051111 0.056667
2 0.631667 0.516667 0.041111 0.073333
2 0.708333 0.863889 0.043333 0.074444
2 0.863889 0.808889 0.054444 0.077778
2 0.903333 0.441111 0.053333 0.064444
2 0.318333 0.430556 0.047778 0.047778
2 0.358333 0.278333 0.045556 0.067778
2 0.397222 0.295556 0.038889 0.068889
2 0.888333 0.291667 0.045556 0.065556
2 0.671111 0.520000 0.040000 0.055556
1 0.527778 0.797778 0.055556 0.064444
1 0.689444 0.690000 0.067778 0.066667
1 0.698889 0.570000 0.057778 0.071111
1 0.147222 0.455000 0.056667 0.070000
0 0.171111 0.230556 0.057778 0.070000
