3 0.395000 0.220000 0.038889 0.066667
3 0.686111 0.317778 0.050000 0.062222
3 0.777222 0.290000 0.052222 0.073333
3 0.241667 0.420556 0.056667 0.074444
3 0.305556 0.431667 0.037778 0.070000
3 0.369444 0.486667 0.054444 0.062222
3 0.436111 0.612222 0.050000 0.064444
3 0.332222 0.771667 0.051111 0.076667
3 0.425000 0.684444 0.054444 0.075556
2 0.432222 0.239444 0.035556 0.061111
2 0.863333 0.348889 0.046667 0.057778
1 0.606667 0.484444 0.042222 0.068889
2 0.680000 0.502222 0.040000 0.064444
2 0.721667 0.532778 0.047778 0.054444
2 0.555000 0.622778 0.050000 0.052222
2 0.480556 0.551111 0.045556 0.053333
2 0.440000 0.556111 0.051111 0.047778
2 0.262778 0.637778 0.041111 0.064444
2 0.474444 0.646667 0.035556 0.066667
1 0.895556 0.806111 0.057778 0.081111
1 0.657222 0.397222 0.052222 0.070000
1 0.565000 0.453333 0.045556 0.080000
1 0.376111 0.335556 0.052222 0.057778
0 0.443333 0.408889 0.055556 0.088889
0 0.345556 0.418333 0.046667 0.070000
0 0.595556 0.743889 0.053333 0.085556
0 0.517778 0.685000 0.051111 0.063333
0 0.308333 0.650556 0.052222 0.063333
0 0.719444 0.684444 0.050000 0.075556
0 0.699444 0.585556 0.056667 0.068889
0 0.577222 0.570556 0.061111 0.063333
