3 0.882222 0.572778 0.111111 0.072222
3 0.422222 0.642222 0.066667 0.044444
3 0.452778 0.595000 0.090000 0.045556
3 0.291111 0.640556 0.071111 0.047778
3 0.194444 0.583333 0.082222 0.048889
3 0.153333 0.501111 0.062222 0.044444
3 0.286111 0.495000 0.081111 0.056667
3 0.236667 0.419444 0.053333 0.056667
3 0.217222 0.324444 0.078889 0.055556
3 0.470000 0.358333 0.066667 0.045556
0 0.544444 0.197778 0.084444 0.055556
0 0.371667 0.483889 0.070000 0.065556
0 0.440000 0.436667 0.073333 0.055556
0 0.680000 0.748889 0.093333 0.077778
0 0.541111 0.803889 0.102222 0.070000
0 0.403889 0.810556 0.076667 0.065556
2 0.291667 0.273889 0.067778 0.054444
2 0.210000 0.503889 0.055556 0.056667
2 0.320000 0.551111 0.064444 0.055556
2 0.496667 0.646111 0.075556 0.052222
2 0.228889 0.622778 0.051111 0.038889
1 0.239444 0.665000 0.050000 0.041111
1 0.299444 0.416667 0.070000 0.042222
2 0.492222 0.845556 0.053333 0.048889
2 0.608889 0.713889 0.064444 0.061111
2 0.680556 0.662222 0.087778 0.060000
0 0.448889 0.495556 0.086667 0.053333
0 0.404444 0.390000 0.084444 0.053333
1 0.525556 0.329444 0.068889 0.065556
1 0.572778 0.393889 0.092222 0.081111
0 0.555000 0.254444 0.105556 0.060000
0 0.098889 0.448889 0.077778 0.057778
