0 0.172222 0.417222 0.044444 0.061111
0 0.635000 0.490000 0.052222 0.048889
0 0.463333 0.816111 0.046667 0.067778
0 0.806111 0.408333 0.063333 0.070000
0 0.897222 0.348889 0.065556 0.064444
2 0.658889 0.606667 0.033333 0.057778
2 0.598333 0.568333 0.038889 0.056667
2 0.492778 0.960556 0.043333 0.061111
2 0.261111 0.910556 0.044444 0.050000
2 0.261111 0.910556 0.044444 0.050000
2 0.229444 0.977222 0.050000 0.041111
2 0.916111 0.522778 0.050000 0.056667
2 0.926111 0.239444 0.038889 0.058889
2 0.737778 0.128333 0.033333 0.050000
2 0.799444 0.093333 0.038889 0.053333
2 0.767778 0.081667 0.031111 0.047778
2 0.814444 0.038889 0.035556 0.048889
1 0.476111 0.654444 0.052222 0.068889
1 0.823333 0.478333 0.048889 0.061111
3 0.698333 0.125000 0.043333 0.063333
3 0.727222 0.177778 0.050000 0.055556
3 0.880556 0.427222 0.043333 0.058889
3 0.848333 0.420556 0.034444 0.052222
3 0.645000 0.540000 0.050000 0.048889
3 0.807778 0.743333 0.053333 0.062222
3 0.841667 0.882778 0.047778 0.063333
3 0.795556 0.934444 0.040000 0.066667
3 0.716667 0.947222 0.048889 0.063333
3 0.543889 0.651667 0.047778 0.067778
3 0.738889 0.036667 0.040000 0.051111
3 0.867222 0.108889 0.041111 0.060000
