2 0.388889 0.153889 0.042222 0.052222
2 0.152778 0.466667 0.054444 0.051111
2 0.131667 0.778889 0.030000 0.066667
2 0.567778 0.649444 0.053333 0.054444
2 0.952222 0.787778 0.055556 0.068889
2 0.925000 0.449444 0.045556 0.067778
0 0.613889 0.123889 0.054444 0.063333
0 0.678333 0.555556 0.054444 0.071111
3 0.762222 0.458333 0.051111 0.056667
3 0.662222 0.619444 0.046667 0.070000
3 0.378333 0.627222 0.054444 0.074444
3 0.100556 0.826111 0.056667 0.063333
3 0.042222 0.799444 0.053333 0.072222
0 0.182222 0.705000 0.055556 0.074444
0 0.175000 0.813333 0.063333 0.077778
0 0.122222 0.605556 0.053333 0.068889
3 0.116667 0.132778 0.042222 0.061111
3 0.109444 0.083333 0.041111 0.051111
1 0.376667 0.318333 0.051111 0.061111
1 0.545000 0.586111 0.043333 0.065556
1 0.812222 0.722222 0.057778 0.066667
