3 0.400000 0.144444 0.062222 0.073333
3 0.458333 0.283889 0.050000 0.061111
3 0.348333 0.233333 0.056667 0.075556
3 0.384444 0.303889 0.053333 0.063333
3 0.458889 0.422222 0.042222 0.077778
3 0.712778 0.613333 0.067778 0.071111
3 0.810556 0.696667 0.065556 0.068889
3 0.572222 0.637778 0.060000 0.057778
1 0.849444 0.247222 0.056667 0.078889
1 0.460556 0.791667 0.061111 0.074444
1 0.368889 0.633333 0.064444 0.073333
1 0.572222 0.517222 0.055556 0.074444
1 0.410000 0.426667 0.051111 0.062222
1 0.103889 0.296667 0.054444 0.086667
2 0.615556 0.333333 0.053333 0.066667
2 0.381667 0.197778 0.036667 0.066667
2 0.496667 0.383333 0.040000 0.062222
2 0.595556 0.402222 0.037778 0.066667
2 0.524444 0.526111 0.046667 0.070000
2 0.537222 0.592222 0.054444 0.055556
2 0.518889 0.658889 0.048889 0.073333
0 0.535556 0.756111 0.068889 0.087778
0 0.437778 0.723333 0.066667 0.066667
0 0.375000 0.508889 0.061111 0.068889
0 0.348889 0.444444 0.062222 0.077778
0 0.671667 0.547778 0.058889 0.060000
0 0.620000 0.463889 0.068889 0.072222
0 0.539444 0.432222 0.065556 0.071111
0 0.412222 0.353333 0.055556 0.066667
