0 0.431667 0.176111 0.054444 0.074444
0 0.534444 0.208333 0.051111 0.072222
0 0.527222 0.336667 0.047778 0.068889
0 0.385000 0.666667 0.065556 0.100000
0 0.541111 0.786111 0.062222 0.096667
0 0.667778 0.830556 0.080000 0.098889
0 0.706667 0.691667 0.060000 0.076667
0 0.794444 0.222222 0.051111 0.048889
2 0.595000 0.083333 0.050000 0.057778
2 0.512778 0.046111 0.047778 0.052222
2 0.784444 0.275000 0.051111 0.056667
2 0.720556 0.318333 0.052222 0.056667
2 0.677778 0.343889 0.051111 0.061111
2 0.670000 0.288889 0.037778 0.051111
2 0.477778 0.454444 0.044444 0.071111
2 0.474444 0.392778 0.046667 0.054444
2 0.572222 0.547222 0.051111 0.061111
3 0.216667 0.175000 0.062222 0.058889
3 0.487222 0.181667 0.045556 0.067778
0 0.371667 0.182222 0.058889 0.075556
3 0.710000 0.263333 0.053333 0.055556
3 0.649444 0.401667 0.058889 0.063333
3 0.758889 0.452778 0.053333 0.070000
3 0.663333 0.526111 0.051111 0.070000
3 0.371111 0.475000 0.053333 0.065556
3 0.525556 0.453889 0.048889 0.063333
3 0.475000 0.861111 0.063333 0.097778
1 0.638333 0.182778 0.052222 0.067778
1 0.615556 0.281667 0.051111 0.058889
1 0.430000 0.420000 0.048889 0.062222
1 0.426667 0.484444 0.055556 0.062222
1 0.649444 0.698889 0.054444 0.088889
1 0.732222 0.621111 0.066667 0.064444
