3 0.230000 0.303889 0.053333 0.065556
3 0.293333 0.372778 0.040000 0.063333
3 0.465556 0.415000 0.040000 0.056667
3 0.564444 0.399444 0.044444 0.061111
3 0.472778 0.595000 0.045556 0.056667
3 0.568889 0.852222 0.051111 0.071111
3 0.653889 0.343889 0.041111 0.054444
3 0.658333 0.155556 0.038889 0.040000
3 0.602778 0.167778 0.041111 0.066667
3 0.615000 0.325556 0.047778 0.060000
2 0.907778 0.889444 0.051111 0.074444
2 0.343889 0.971667 0.054444 0.056667
2 0.534444 0.696111 0.044444 0.065556
2 0.389444 0.378333 0.045556 0.052222
2 0.285556 0.281667 0.040000 0.054444
2 0.370000 0.214444 0.046667 0.046667
2 0.502222 0.183333 0.040000 0.053333
2 0.333889 0.133333 0.043333 0.044444
2 0.215000 0.079444 0.041111 0.047778
1 0.795556 0.833889 0.051111 0.083333
1 0.838889 0.895556 0.055556 0.088889
0 0.780556 0.971111 0.065556 0.057778
0 0.365556 0.592222 0.064444 0.068889
0 0.449444 0.481667 0.052222 0.058889
0 0.070000 0.333333 0.064444 0.064444
0 0.398889 0.090556 0.046667 0.070000
0 0.557222 0.061111 0.043333 0.057778
0 0.455000 0.156111 0.045556 0.061111
1 0.642222 0.201111 0.042222 0.053333
1 0.442778 0.299444 0.054444 0.063333
1 0.356111 0.342222 0.047778 0.053333
0 0.621667 0.271667 0.045556 0.047778
1 0.386667 0.516111 0.042222 0.061111
