2 0.315556 0.111667 0.037778 0.061111
2 0.262222 0.120000 0.040000 0.055556
2 0.226111 0.239444 0.052222 0.047778
2 0.810556 0.629444 0.038889 0.056667
2 0.641111 0.710000 0.035556 0.048889
2 0.418889 0.798333 0.033333 0.052222
2 0.387778 0.779444 0.035556 0.052222
2 0.384444 0.701667 0.042222 0.045556
0 0.024444 0.737778 0.046667 0.066667
0 0.336667 0.791111 0.042222 0.053333
0 0.331111 0.732778 0.044444 0.054444
0 0.330556 0.676111 0.052222 0.054444
0 0.547222 0.716111 0.052222 0.058889
0 0.103333 0.608889 0.048889 0.051111
0 0.278889 0.301667 0.048889 0.052222
0 0.295000 0.180000 0.043333 0.064444
1 0.245000 0.161667 0.043333 0.052222
3 0.656111 0.396667 0.047778 0.066667
3 0.664444 0.478333 0.044444 0.047778
3 0.907222 0.383889 0.041111 0.058889
3 0.588889 0.567778 0.044444 0.048889
3 0.470556 0.535556 0.041111 0.053333
3 0.303889 0.533889 0.038889 0.058889
3 0.338889 0.618333 0.037778 0.047778
3 0.543333 0.838333 0.040000 0.050000
3 0.695556 0.842778 0.040000 0.056667
3 0.454444 0.845000 0.042222 0.056667
1 0.295000 0.895000 0.036667 0.054444
1 0.301111 0.811667 0.033333 0.056667
1 0.040000 0.820556 0.048889 0.054444
2 0.017778 0.452222 0.033333 0.055556
3 0.026111 0.068889 0.050000 0.068889
