0 0.899444 0.289444 0.054444 0.065556
0 0.728889 0.224444 0.051111 0.057778
0 0.591667 0.252222 0.054444 0.062222
0 0.467222 0.266111 0.050000 0.056667
0 0.733333 0.477778 0.051111 0.060000
0 0.392778 0.961111 0.054444 0.064444
3 0.825556 0.040000 0.046667 0.057778
3 0.882222 0.042222 0.035556 0.062222
3 0.911111 0.078333 0.044444 0.058889
3 0.623889 0.122778 0.036667 0.056667
3 0.471667 0.045556 0.041111 0.051111
3 0.400556 0.025556 0.050000 0.048889
3 0.493889 0.317778 0.050000 0.053333
3 0.432222 0.311111 0.051111 0.051111
3 0.400000 0.277778 0.035556 0.053333
2 0.569444 0.191111 0.045556 0.046667
2 0.559444 0.141111 0.036667 0.057778
2 0.588333 0.123333 0.032222 0.057778
2 0.461667 0.168333 0.052222 0.054444
2 0.374444 0.202222 0.042222 0.055556
2 0.239444 0.271667 0.041111 0.050000
2 0.382222 0.362778 0.037778 0.052222
2 0.494444 0.852222 0.055556 0.057778
2 0.522222 0.920556 0.048889 0.052222
2 0.846111 0.964444 0.052222 0.057778
2 0.306667 0.941111 0.055556 0.055556
1 0.439444 0.955000 0.043333 0.072222
1 0.942222 0.961667 0.055556 0.065556
1 0.653333 0.543333 0.051111 0.071111
0 0.491111 0.966667 0.051111 0.055556
0 0.017778 0.846667 0.033333 0.066667
3 0.096667 0.357778 0.046667 0.060000
