2 0.563333 0.094444 0.033333 0.051111
2 0.786111 0.271667 0.036667 0.038889
2 0.682222 0.281111 0.035556 0.037778
2 0.448333 0.287222 0.036667 0.056667
2 0.575556 0.605556 0.042222 0.051111
2 0.299444 0.876667 0.045556 0.046667
2 0.495556 0.952222 0.046667 0.053333
2 0.836111 0.491667 0.047778 0.047778
3 0.779444 0.220556 0.041111 0.054444
3 0.937222 0.291667 0.043333 0.058889
3 0.915000 0.405556 0.041111 0.062222
3 0.715556 0.247222 0.042222 0.050000
3 0.208889 0.447222 0.040000 0.045556
3 0.232222 0.482222 0.037778 0.048889
3 0.403889 0.917778 0.047778 0.066667
3 0.329444 0.925556 0.043333 0.064444
3 0.707222 0.908333 0.045556 0.056667
3 0.845556 0.923889 0.044444 0.063333
3 0.781111 0.941111 0.053333 0.068889
0 0.891111 0.280556 0.044444 0.063333
0 0.747222 0.291667 0.050000 0.063333
0 0.676667 0.226111 0.040000 0.061111
0 0.637778 0.232778 0.037778 0.058889
0 0.252778 0.441111 0.047778 0.044444
0 0.187222 0.931667 0.047778 0.061111
0 0.647778 0.813889 0.055556 0.065556
1 0.600556 0.559444 0.043333 0.047778
1 0.133333 0.507778 0.055556 0.057778
1 0.236111 0.393333 0.050000 0.044444
1 0.336111 0.826111 0.056667 0.061111
1 0.918889 0.947222 0.051111 0.061111
