0 0.152222 0.106667 0.053333 0.064444
0 0.252222 0.338889 0.046667 0.062222
0 0.301111 0.441667 0.048889 0.058889
0 0.626111 0.583889 0.036667 0.058889
0 0.056111 0.832778 0.036667 0.052222
0 0.334444 0.939444 0.040000 0.063333
0 0.789444 0.537778 0.043333 0.064444
3 0.835556 0.544444 0.042222 0.055556
3 0.666111 0.578889 0.038889 0.055556
3 0.578333 0.651667 0.045556 0.061111
3 0.532778 0.735000 0.045556 0.056667
3 0.617222 0.824444 0.045556 0.064444
3 0.425556 0.922778 0.035556 0.050000
3 0.303333 0.963889 0.035556 0.050000
3 0.262778 0.549444 0.036667 0.056667
3 0.470000 0.505000 0.033333 0.056667
3 0.565556 0.576667 0.037778 0.057778
1 0.231111 0.272222 0.040000 0.055556
1 0.398889 0.241111 0.040000 0.057778
1 0.316667 0.388333 0.035556 0.050000
1 0.506111 0.530556 0.032222 0.056667
1 0.701667 0.516667 0.038889 0.064444
1 0.710000 0.409444 0.042222 0.061111
2 0.511111 0.622778 0.042222 0.047778
2 0.391667 0.454444 0.036667 0.055556
2 0.347222 0.462778 0.032222 0.050000
2 0.281111 0.601667 0.031111 0.058889
2 0.225000 0.581111 0.038889 0.044444
3 0.314444 0.602778 0.040000 0.052222
2 0.462222 0.911111 0.035556 0.057778
2 0.788889 0.613889 0.040000 0.052222
2 0.628889 0.341111 0.037778 0.048889
