3 0.183333 0.211667 0.088889 0.052222
3 0.452222 0.208889 0.088889 0.064444
3 0.625000 0.343889 0.065556 0.052222
3 0.629444 0.416667 0.081111 0.051111
3 0.722222 0.373333 0.077778 0.064444
3 0.705000 0.547778 0.076667 0.066667
3 0.619444 0.667222 0.078889 0.061111
3 0.490000 0.586111 0.084444 0.067778
3 0.291111 0.748333 0.077778 0.065556
0 0.599444 0.165000 0.072222 0.065556
0 0.212222 0.366111 0.097778 0.070000
0 0.413889 0.417778 0.076667 0.075556
0 0.225000 0.627778 0.090000 0.071111
0 0.467778 0.711667 0.066667 0.061111
0 0.585000 0.770556 0.072222 0.056667
0 0.546667 0.857778 0.075556 0.062222
0 0.830556 0.744444 0.083333 0.064444
2 0.628889 0.240556 0.064444 0.056667
2 0.730556 0.254444 0.067778 0.057778
2 0.513333 0.363889 0.064444 0.050000
2 0.173333 0.482778 0.077778 0.043333
2 0.301111 0.533889 0.073333 0.058889
2 0.424444 0.509444 0.064444 0.056667
2 0.558889 0.564444 0.066667 0.060000
2 0.782222 0.590556 0.064444 0.052222
2 0.781667 0.687778 0.065556 0.055556
2 0.235000 0.778333 0.067778 0.058889
1 0.668889 0.177222 0.060000 0.061111
1 0.635000 0.530000 0.074444 0.053333
1 0.391111 0.625556 0.080000 0.066667
1 0.540000 0.687778 0.073333 0.055556
2 0.405556 0.322778 0.082222 0.070000
