2 0.492222 0.325556 0.073333 0.055556
2 0.387222 0.332222 0.078889 0.053333
2 0.256667 0.451111 0.075556 0.066667
2 0.422778 0.586111 0.067778 0.050000
2 0.361111 0.625556 0.077778 0.057778
2 0.595556 0.396111 0.071111 0.054444
2 0.896667 0.427222 0.062222 0.058889
2 0.885000 0.562778 0.047778 0.058889
2 0.419444 0.811667 0.076667 0.058889
3 0.135556 0.346111 0.095556 0.067778
3 0.173333 0.435556 0.095556 0.064444
3 0.395000 0.385000 0.074444 0.061111
3 0.352222 0.436111 0.095556 0.061111
3 0.580556 0.333889 0.083333 0.065556
3 0.790000 0.331667 0.073333 0.061111
3 0.653333 0.521667 0.073333 0.063333
3 0.368333 0.714444 0.087778 0.055556
3 0.534444 0.869444 0.084444 0.061111
3 0.701111 0.799444 0.066667 0.061111
0 0.110556 0.256667 0.105556 0.077778
0 0.356111 0.265556 0.081111 0.060000
0 0.428889 0.290000 0.073333 0.060000
0 0.453333 0.437778 0.084444 0.064444
0 0.400000 0.519444 0.097778 0.065556
0 0.481111 0.641111 0.097778 0.071111
0 0.782778 0.281667 0.072222 0.043333
1 0.293333 0.377778 0.082222 0.068889
1 0.550000 0.189444 0.082222 0.070000
1 0.830556 0.571667 0.074444 0.058889
1 0.621111 0.563889 0.055556 0.052222
1 0.776667 0.700000 0.073333 0.066667
1 0.752222 0.763889 0.060000 0.054444
1 0.634444 0.829444 0.073333 0.063333
