2 0.842778 0.166111 0.038889 0.050000
2 0.783889 0.176667 0.032222 0.046667
2 0.787778 0.633333 0.035556 0.057778
2 0.670000 0.540000 0.031111 0.053333
2 0.611667 0.640556 0.047778 0.041111
2 0.513333 0.542222 0.042222 0.044444
2 0.424444 0.585556 0.042222 0.057778
2 0.402778 0.501111 0.032222 0.057778
0 0.548333 0.239444 0.043333 0.052222
0 0.423889 0.250556 0.043333 0.058889
0 0.581667 0.387778 0.047778 0.064444
0 0.620000 0.440556 0.048889 0.065556
0 0.540000 0.494444 0.048889 0.057778
0 0.509444 0.648333 0.041111 0.047778
0 0.971111 0.481111 0.051111 0.064444
0 0.660000 0.835556 0.046667 0.055556
3 0.609444 0.279444 0.038889 0.061111
3 0.517778 0.302222 0.046667 0.060000
3 0.762222 0.145556 0.044444 0.057778
3 0.490000 0.406111 0.037778 0.052222
3 0.466667 0.511667 0.046667 0.063333
3 0.534444 0.582222 0.044444 0.046667
3 0.563333 0.545000 0.037778 0.038889
3 0.637222 0.538889 0.041111 0.044444
3 0.692778 0.683889 0.043333 0.050000
0 0.679444 0.286111 0.045556 0.061111
1 0.456667 0.212778 0.040000 0.054444
1 0.489444 0.456111 0.047778 0.047778
1 0.433333 0.479444 0.035556 0.058889
1 0.583889 0.473889 0.043333 0.045556
1 0.600000 0.596111 0.046667 0.050000
1 0.638889 0.722222 0.040000 0.057778
