0 0.561111 0.157222 0.044444 0.061111
0 0.540556 0.263333 0.043333 0.068889
0 0.515000 0.194444 0.043333 0.060000
0 0.269444 0.202222 0.056667 0.068889
0 0.497222 0.349444 0.047778 0.061111
0 0.480000 0.447222 0.042222 0.058889
0 0.419444 0.504444 0.041111 0.057778
0 0.073333 0.635556 0.055556 0.060000
0 0.820000 0.970556 0.051111 0.058889
3 0.182222 0.098889 0.046667 0.055556
3 0.391667 0.386111 0.041111 0.056667
3 0.781111 0.038333 0.044444 0.052222
3 0.888889 0.027778 0.048889 0.053333
3 0.971667 0.693333 0.052222 0.066667
3 0.976667 0.973333 0.046667 0.053333
3 0.929444 0.969444 0.041111 0.054444
3 0.434444 0.810000 0.044444 0.057778
3 0.376667 0.984444 0.053333 0.031111
2 0.347222 0.431667 0.043333 0.045556
2 0.395000 0.438333 0.043333 0.045556
2 0.203889 0.457778 0.038889 0.053333
2 0.872222 0.309444 0.040000 0.056667
2 0.951667 0.383889 0.041111 0.054444
2 0.958333 0.565000 0.043333 0.058889
2 0.939444 0.075000 0.043333 0.047778
2 0.855556 0.655000 0.044444 0.047778
1 0.566667 0.095556 0.042222 0.060000
1 0.917222 0.208333 0.054444 0.058889
1 0.792778 0.720556 0.045556 0.061111
1 0.138889 0.482222 0.042222 0.060000
1 0.699444 0.970000 0.045556 0.060000
