2 0.424444 0.409444 0.071111 0.054444
2 0.495000 0.410000 0.070000 0.060000
2 0.467778 0.456667 0.073333 0.044444
2 0.546667 0.480556 0.068889 0.052222
2 0.376111 0.457222 0.076667 0.045556
2 0.433333 0.587778 0.066667 0.057778
2 0.558333 0.642222 0.087778 0.057778
2 0.571667 0.586111 0.078889 0.052222
2 0.610556 0.512778 0.072222 0.058889
2 0.687778 0.491111 0.084444 0.051111
2 0.510000 0.545556 0.068889 0.055556
2 0.476111 0.503889 0.070000 0.058889
2 0.392778 0.533889 0.081111 0.052222
2 0.362222 0.578333 0.075556 0.056667
