1 0.327222 0.031667 0.050000 0.058889
1 0.522222 0.307778 0.046667 0.057778
1 0.343889 0.691111 0.054444 0.060000
1 0.404444 0.855556 0.046667 0.082222
1 0.308333 0.127222 0.041111 0.061111
0 0.379444 0.144444 0.047778 0.057778
0 0.428889 0.273333 0.053333 0.066667
0 0.928333 0.410556 0.052222 0.056667
0 0.321111 0.799444 0.057778 0.072222
0 0.034444 0.716111 0.055556 0.070000
0 0.047778 0.557778 0.051111 0.060000
3 0.263889 0.168333 0.047778 0.063333
3 0.148333 0.150000 0.054444 0.057778
3 0.351111 0.301667 0.051111 0.052222
3 0.477222 0.756667 0.038889 0.073333
3 0.731667 0.888333 0.045556 0.072222
3 0.059444 0.827778 0.054444 0.060000
3 0.064444 0.771111 0.051111 0.051111
2 0.329444 0.637778 0.041111 0.051111
2 0.493889 0.669444 0.047778 0.050000
2 0.513889 0.733889 0.038889 0.074444
2 0.435000 0.938889 0.043333 0.071111
2 0.178333 0.928333 0.043333 0.061111
