3 0.783333 0.201111 0.075556 0.053333
3 0.354444 0.196111 0.064444 0.045556
3 0.647222 0.439444 0.063333 0.050000
3 0.678889 0.618889 0.062222 0.051111
3 0.443333 0.541111 0.071111 0.048889
3 0.510556 0.442222 0.063333 0.053333
3 0.370000 0.385000 0.055556 0.054444
3 0.449444 0.316111 0.070000 0.050000
3 0.127778 0.744444 0.082222 0.062222
0 0.173889 0.243333 0.085556 0.055556
0 0.438889 0.242778 0.066667 0.050000
0 0.444444 0.202222 0.075556 0.046667
0 0.580000 0.208889 0.066667 0.048889
0 0.658333 0.240000 0.076667 0.051111
1 0.656667 0.317222 0.075556 0.047778
1 0.587222 0.449444 0.056667 0.050000
1 0.436111 0.365556 0.065556 0.048889
1 0.267778 0.345556 0.062222 0.051111
1 0.236667 0.305556 0.073333 0.048889
0 0.666667 0.742778 0.082222 0.070000
0 0.467778 0.846111 0.062222 0.058889
0 0.253333 0.765000 0.086667 0.061111
0 0.289444 0.517222 0.070000 0.054444
