1 0.392778 0.423333 0.045556 0.060000
1 0.486111 0.645556 0.050000 0.062222
1 0.649444 0.713333 0.047778 0.064444
1 0.776667 0.552778 0.057778 0.074444
1 0.732778 0.423333 0.041111 0.055556
3 0.426667 0.213889 0.051111 0.061111
3 0.260556 0.203889 0.043333 0.050000
3 0.631667 0.303889 0.043333 0.052222
3 0.646667 0.426667 0.042222 0.051111
3 0.691111 0.395000 0.046667 0.067778
3 0.730556 0.481111 0.052222 0.057778
3 0.951111 0.554444 0.053333 0.057778
3 0.472778 0.823333 0.054444 0.064444
3 0.440556 0.640000 0.041111 0.073333
3 0.398889 0.623889 0.040000 0.067778
2 0.591667 0.325000 0.041111 0.056667
2 0.463333 0.395000 0.040000 0.058889
2 0.427778 0.477778 0.046667 0.046667
2 0.809444 0.487778 0.047778 0.048889
2 0.824444 0.561111 0.040000 0.064444
2 0.687222 0.607778 0.043333 0.057778
2 0.646667 0.568333 0.044444 0.052222
2 0.518889 0.567778 0.055556 0.046667
2 0.091111 0.419444 0.053333 0.052222
0 0.308889 0.439444 0.060000 0.072222
0 0.562222 0.433889 0.053333 0.076667
0 0.294444 0.635000 0.060000 0.070000
0 0.410556 0.534444 0.050000 0.062222
0 0.605556 0.398333 0.042222 0.070000
0 0.680556 0.470000 0.045556 0.075556
0 0.876111 0.550556 0.056667 0.074444
0 0.583333 0.741667 0.055556 0.087778
0 0.620000 0.620000 0.048889 0.064444
