1 0.426667 0.558889 0.053333 0.057778
1 0.816667 0.523333 0.053333 0.055556
1 0.678333 0.593333 0.054444 0.066667
1 0.637778 0.682778 0.048889 0.052222
1 0.867778 0.685556 0.051111 0.068889
1 0.642222 0.457778 0.040000 0.060000
2 0.342778 0.663889 0.045556 0.054444
2 0.446667 0.616111 0.046667 0.052222
2 0.758333 0.681667 0.043333 0.056667
2 0.494444 0.526111 0.040000 0.058889
2 0.281111 0.267222 0.044444 0.056667
2 0.683889 0.962778 0.050000 0.052222
2 0.610000 0.967222 0.053333 0.050000
2 0.428889 0.967778 0.048889 0.055556
3 0.338889 0.080556 0.053333 0.078889
3 0.788333 0.128333 0.041111 0.067778
3 0.762222 0.335556 0.051111 0.062222
3 0.753333 0.394444 0.044444 0.057778
3 0.752778 0.507778 0.045556 0.055556
3 0.617778 0.507222 0.048889 0.054444
3 0.615000 0.411111 0.050000 0.060000
3 0.232778 0.540556 0.047778 0.061111
3 0.397778 0.365556 0.055556 0.053333
3 0.163889 0.660000 0.054444 0.073333
0 0.273889 0.133333 0.065556 0.080000
0 0.426111 0.236667 0.058889 0.071111
0 0.273889 0.336667 0.061111 0.075556
0 0.708333 0.398889 0.041111 0.060000
0 0.910000 0.562222 0.055556 0.053333
0 0.540000 0.557778 0.046667 0.066667
0 0.478889 0.581111 0.048889 0.055556
0 0.809444 0.831111 0.061111 0.071111
