3 0.683333 0.306111 0.051111 0.041111
3 0.146667 0.239444 0.053333 0.038889
3 0.279444 0.390000 0.061111 0.044444
3 0.305556 0.482222 0.062222 0.042222
3 0.406111 0.511667 0.054444 0.041111
3 0.581667 0.468333 0.052222 0.043333
3 0.516111 0.531111 0.065556 0.042222
3 0.542222 0.435556 0.053333 0.042222
3 0.540556 0.364444 0.047778 0.044444
2 0.170000 0.160000 0.051111 0.037778
2 0.178889 0.215556 0.048889 0.037778
2 0.633333 0.213889 0.060000 0.038889
2 0.541111 0.325556 0.062222 0.035556
2 0.640556 0.383889 0.047778 0.043333
2 0.541667 0.485556 0.036667 0.040000
2 0.586667 0.575556 0.057778 0.044444
2 0.503333 0.598889 0.068889 0.042222
1 0.475556 0.417222 0.048889 0.041111
1 0.595556 0.400556 0.046667 0.045556
1 0.212778 0.540000 0.056667 0.037778
1 0.455556 0.506667 0.046667 0.051111
1 0.479444 0.561667 0.056667 0.036667
1 0.724444 0.362778 0.055556 0.041111
0 0.481667 0.031667 0.067778 0.047778
0 0.283889 0.322222 0.063333 0.044444
0 0.439444 0.376667 0.067778 0.048889
0 0.388889 0.420000 0.068889 0.044444
0 0.236111 0.452222 0.056667 0.042222
0 0.252222 0.576667 0.057778 0.040000
0 0.651111 0.493333 0.060000 0.042222
0 0.836111 0.339444 0.065556 0.050000
0 0.496667 0.456667 0.057778 0.040000
