3 0.532222 0.202778 0.035556 0.056667
3 0.688333 0.195000 0.045556 0.056667
3 0.293889 0.516667 0.043333 0.062222
3 0.563889 0.448889 0.041111 0.053333
3 0.483889 0.500556 0.045556 0.056667
3 0.658889 0.569444 0.044444 0.052222
3 0.426111 0.666111 0.045556 0.063333
3 0.655556 0.653889 0.051111 0.063333
3 0.918333 0.662778 0.047778 0.072222
0 0.326667 0.428333 0.037778 0.052222
3 0.440556 0.196111 0.041111 0.067778
0 0.324444 0.256111 0.042222 0.056667
0 0.538889 0.320000 0.051111 0.064444
0 0.321667 0.312222 0.047778 0.060000
0 0.321111 0.369444 0.053333 0.056667
0 0.480556 0.607778 0.041111 0.060000
0 0.528889 0.613889 0.051111 0.067778
0 0.556667 0.526667 0.048889 0.053333
0 0.573333 0.016111 0.040000 0.030000
2 0.633333 0.329444 0.033333 0.052222
2 0.809444 0.407222 0.038889 0.052222
2 0.547222 0.401667 0.045556 0.045556
2 0.426111 0.511667 0.030000 0.047778
2 0.586667 0.716667 0.037778 0.055556
2 0.336111 0.639444 0.036667 0.070000
2 0.372778 0.342778 0.038889 0.047778
2 0.407222 0.244444 0.036667 0.057778
2 0.378333 0.265000 0.036667 0.052222
1 0.283889 0.149444 0.041111 0.052222
1 0.288333 0.237222 0.032222 0.061111
1 0.480000 0.424444 0.044444 0.051111
1 0.459444 0.461667 0.043333 0.034444
1 0.090556 0.442778 0.050000 0.054444
