0 0.445000 0.293333 0.041111 0.055556
0 0.587778 0.416111 0.042222 0.056667
0 0.606667 0.485000 0.042222 0.065556
0 0.545556 0.410556 0.044444 0.050000
0 0.735556 0.815556 0.051111 0.062222
0 0.623333 0.817778 0.051111 0.057778
0 0.653333 0.544444 0.042222 0.046667
0 0.563889 0.310000 0.041111 0.051111
2 0.756667 0.268889 0.028889 0.051111
3 0.661111 0.312222 0.040000 0.046667
1 0.646667 0.495556 0.040000 0.046667
2 0.685556 0.261667 0.035556 0.043333
2 0.507222 0.405000 0.034444 0.036667
3 0.499444 0.361667 0.047778 0.045556
3 0.493889 0.448889 0.041111 0.048889
3 0.430556 0.557778 0.041111 0.053333
3 0.500556 0.621667 0.034444 0.052222
3 0.605556 0.550000 0.037778 0.051111
3 0.706111 0.576111 0.038889 0.043333
3 0.973889 0.553889 0.045556 0.058889
3 0.718333 0.719444 0.041111 0.052222
3 0.518889 0.964444 0.042222 0.060000
2 0.356111 0.491111 0.036667 0.055556
2 0.751111 0.549444 0.042222 0.043333
2 0.682778 0.615556 0.030000 0.046667
2 0.382778 0.667778 0.045556 0.051111
2 0.610000 0.867778 0.040000 0.044444
0 0.431667 0.247222 0.036667 0.043333
1 0.462778 0.221667 0.038889 0.045556
1 0.555000 0.459444 0.041111 0.045556
1 0.433889 0.490000 0.041111 0.040000
1 0.752222 0.751111 0.037778 0.055556
