3 0.895556 0.105000 0.046667 0.063333
3 0.701667 0.106111 0.052222 0.070000
3 0.492222 0.171111 0.046667 0.057778
3 0.425000 0.180556 0.041111 0.056667
3 0.763333 0.563333 0.057778 0.068889
3 0.272222 0.390000 0.044444 0.062222
3 0.458889 0.408333 0.046667 0.056667
3 0.488333 0.508333 0.043333 0.058889
3 0.736667 0.212778 0.044444 0.058889
3 0.266111 0.967222 0.058889 0.061111
2 0.599444 0.357222 0.047778 0.056667
2 0.743889 0.270000 0.041111 0.051111
2 0.866667 0.150556 0.035556 0.050000
2 0.357222 0.051667 0.056667 0.056667
2 0.453333 0.135556 0.033333 0.057778
2 0.330000 0.265556 0.040000 0.057778
2 0.443333 0.626667 0.048889 0.053333
2 0.620556 0.518333 0.045556 0.050000
2 0.451667 0.461667 0.050000 0.050000
2 0.445000 0.520000 0.043333 0.051111
2 0.617778 0.970000 0.053333 0.055556
0 0.686667 0.292222 0.044444 0.071111
0 0.665000 0.446667 0.052222 0.055556
0 0.591111 0.425000 0.062222 0.072222
0 0.380556 0.293333 0.054444 0.068889
0 0.331111 0.327778 0.051111 0.060000
1 0.693889 0.944444 0.052222 0.077778
1 0.370000 0.638889 0.055556 0.071111
1 0.401667 0.473889 0.038889 0.078889
1 0.510556 0.453333 0.047778 0.055556
1 0.287778 0.306667 0.042222 0.066667
0 0.540556 0.522222 0.052222 0.064444
0 0.505000 0.573889 0.050000 0.065556
