1 0.811667 0.262222 0.045556 0.060000
1 0.095556 0.825556 0.053333 0.073333
1 0.173889 0.975556 0.061111 0.048889
3 0.621667 0.028889 0.045556 0.055556
3 0.711667 0.257778 0.058889 0.066667
3 0.931111 0.111111 0.048889 0.073333
3 0.859444 0.141667 0.047778 0.065556
3 0.416667 0.651667 0.064444 0.070000
3 0.230556 0.887222 0.061111 0.067778
3 0.627778 0.978889 0.062222 0.042222
2 0.343889 0.455556 0.047778 0.068889
2 0.847778 0.443889 0.048889 0.058889
2 0.977222 0.303889 0.045556 0.063333
2 0.857222 0.260556 0.041111 0.058889
2 0.820556 0.177222 0.038889 0.058889
2 0.832778 0.028889 0.050000 0.051111
2 0.919444 0.026667 0.045556 0.051111
2 0.017778 0.489444 0.033333 0.063333
0 0.615000 0.133333 0.061111 0.077778
0 0.422222 0.396111 0.060000 0.083333
0 0.703333 0.585556 0.053333 0.071111
0 0.762778 0.198889 0.054444 0.066667
0 0.540556 0.741111 0.063333 0.066667
0 0.410556 0.842778 0.061111 0.083333
