0 0.562778 0.142222 0.054444 0.064444
0 0.750556 0.312222 0.050000 0.066667
0 0.679444 0.755556 0.052222 0.068889
0 0.385556 0.766667 0.068889 0.080000
0 0.455000 0.699444 0.054444 0.072222
0 0.202778 0.691111 0.056667 0.066667
0 0.089444 0.390556 0.052222 0.065556
0 0.318889 0.361111 0.051111 0.073333
3 0.647222 0.567222 0.056667 0.065556
3 0.562222 0.537222 0.055556 0.058889
3 0.513889 0.563333 0.047778 0.066667
3 0.142778 0.684444 0.061111 0.077778
3 0.461667 0.446667 0.045556 0.062222
3 0.776111 0.401111 0.058889 0.077778
3 0.640556 0.350000 0.054444 0.057778
3 0.582778 0.092222 0.047778 0.048889
2 0.653889 0.232222 0.050000 0.055556
2 0.844444 0.350556 0.048889 0.058889
2 0.602778 0.460556 0.047778 0.054444
2 0.575000 0.421667 0.047778 0.050000
2 0.555000 0.470000 0.047778 0.060000
2 0.482778 0.397222 0.050000 0.041111
2 0.437778 0.495556 0.046667 0.051111
2 0.303889 0.503333 0.045556 0.060000
2 0.194444 0.319444 0.042222 0.058889
2 0.137778 0.328889 0.046667 0.055556
2 0.395000 0.700000 0.054444 0.053333
2 0.603889 0.854444 0.050000 0.066667
3 0.913889 0.684444 0.047778 0.068889
1 0.686111 0.171111 0.056667 0.060000
1 0.611111 0.308889 0.042222 0.055556
1 0.356667 0.456111 0.046667 0.070000
1 0.650556 0.818333 0.054444 0.076667
0 0.189444 0.407778 0.054444 0.073333
