2 0.522778 0.178889 0.041111 0.057778
2 0.638889 0.308333 0.037778 0.054444
2 0.666667 0.285556 0.040000 0.048889
2 0.705556 0.560000 0.044444 0.053333
2 0.465556 0.463889 0.040000 0.054444
2 0.483889 0.752222 0.034444 0.055556
2 0.252778 0.718889 0.052222 0.053333
2 0.158889 0.581667 0.051111 0.054444
3 0.088889 0.062222 0.048889 0.068889
3 0.390556 0.288889 0.047778 0.066667
3 0.626111 0.443333 0.041111 0.044444
3 0.483333 0.416111 0.046667 0.041111
3 0.462778 0.643889 0.034444 0.054444
3 0.540000 0.578333 0.037778 0.047778
3 0.100556 0.651111 0.061111 0.057778
3 0.086111 0.600556 0.054444 0.045556
3 0.737222 0.907778 0.043333 0.053333
0 0.442778 0.248333 0.043333 0.050000
0 0.674444 0.230000 0.046667 0.062222
0 0.351667 0.504444 0.054444 0.068889
0 0.427222 0.534444 0.050000 0.051111
0 0.458333 0.290000 0.050000 0.044444
0 0.526111 0.481667 0.047778 0.061111
0 0.570000 0.357222 0.042222 0.050000
0 0.566111 0.653333 0.047778 0.060000
0 0.502778 0.642778 0.045556 0.054444
0 0.107778 0.720556 0.062222 0.072222
1 0.153333 0.053889 0.048889 0.067778
1 0.516111 0.108889 0.054444 0.062222
1 0.517778 0.323333 0.044444 0.053333
1 0.698333 0.430000 0.038889 0.057778
1 0.370556 0.727222 0.043333 0.058889
