1 0.212222 0.231111 0.062222 0.066667
1 0.492222 0.436111 0.055556 0.076667
1 0.515000 0.258889 0.054444 0.071111
1 0.432222 0.704444 0.053333 0.080000
1 0.753333 0.635556 0.068889 0.068889
0 0.288333 0.545000 0.070000 0.078889
0 0.350556 0.580000 0.072222 0.080000
0 0.409444 0.461667 0.052222 0.078889
0 0.660000 0.332778 0.068889 0.074444
0 0.551111 0.531111 0.073333 0.086667
0 0.586667 0.608333 0.075556 0.085556
0 0.693333 0.719444 0.073333 0.094444
3 0.870000 0.218889 0.051111 0.077778
3 0.397778 0.105000 0.051111 0.065556
3 0.368889 0.263889 0.068889 0.081111
3 0.327778 0.405000 0.060000 0.076667
3 0.227222 0.471667 0.067778 0.081111
3 0.445000 0.626667 0.058889 0.077778
3 0.493889 0.586667 0.050000 0.062222
3 0.617222 0.726667 0.058889 0.084444
3 0.660556 0.876111 0.063333 0.094444
3 0.368889 0.705556 0.055556 0.084444
3 0.443889 0.405556 0.050000 0.077778
2 0.568889 0.191667 0.060000 0.063333
2 0.812222 0.523333 0.053333 0.084444
2 0.472222 0.318333 0.060000 0.061111
2 0.446111 0.517778 0.052222 0.073333
2 0.613333 0.526111 0.046667 0.081111
1 0.383889 0.336111 0.056667 0.070000
2 0.321667 0.671111 0.047778 0.082222
2 0.485556 0.742222 0.053333 0.084444
2 0.558333 0.862778 0.058889 0.090000
2 0.322778 0.933889 0.074444 0.081111
