2 0.315556 0.432778 0.073333 0.047778
2 0.616111 0.466667 0.063333 0.053333
2 0.738889 0.228889 0.073333 0.046667
3 0.453333 0.764444 0.073333 0.060000
3 0.204444 0.678333 0.073333 0.056667
3 0.357222 0.571667 0.076667 0.061111
3 0.738333 0.535000 0.072222 0.054444
3 0.355000 0.476667 0.063333 0.046667
3 0.387222 0.123333 0.072222 0.055556
3 0.453333 0.128889 0.066667 0.053333
3 0.655556 0.041111 0.068889 0.055556
3 0.902778 0.250556 0.067778 0.047778
0 0.131667 0.156111 0.081111 0.050000
1 0.151111 0.111667 0.075556 0.052222
0 0.282778 0.505556 0.065556 0.057778
0 0.854444 0.631667 0.088889 0.072222
2 0.934444 0.312778 0.055556 0.045556
2 0.873333 0.305000 0.064444 0.047778
1 0.835556 0.203333 0.071111 0.044444
1 0.764444 0.271111 0.071111 0.042222
0 0.759444 0.333333 0.076667 0.053333
0 0.535000 0.066667 0.078889 0.053333
0 0.436111 0.075556 0.074444 0.053333
