1 0.562778 0.053333 0.061111 0.042222
1 0.208889 0.084444 0.057778 0.053333
1 0.216111 0.336111 0.056667 0.032222
1 0.852778 0.278333 0.054444 0.050000
1 0.131667 0.329444 0.054444 0.036667
0 0.282222 0.065000 0.066667 0.054444
0 0.412778 0.143889 0.061111 0.045556
0 0.232222 0.372222 0.048889 0.037778
0 0.285000 0.369444 0.054444 0.043333
0 0.340556 0.365556 0.058889 0.046667
0 0.297778 0.579444 0.062222 0.047778
0 0.713333 0.315000 0.055556 0.052222
3 0.953889 0.051111 0.070000 0.055556
3 0.836667 0.332222 0.066667 0.040000
3 0.483889 0.340000 0.067778 0.042222
3 0.397778 0.376111 0.048889 0.043333
3 0.476667 0.504444 0.051111 0.040000
3 0.176667 0.483333 0.062222 0.040000
3 0.184444 0.571111 0.055556 0.037778
3 0.176667 0.720556 0.057778 0.038889
3 0.530000 0.696667 0.048889 0.040000
3 0.441111 0.618889 0.060000 0.042222
3 0.610556 0.695000 0.063333 0.050000
3 0.620000 0.946667 0.060000 0.044444
2 0.222222 0.450000 0.057778 0.028889
2 0.240000 0.421111 0.048889 0.033333
2 0.314444 0.419444 0.046667 0.041111
2 0.301667 0.671111 0.052222 0.033333
2 0.377778 0.838889 0.055556 0.037778
2 0.908333 0.352778 0.065556 0.034444
2 0.902778 0.298333 0.056667 0.041111
