2 0.345556 0.036111 0.042222 0.067778
2 0.547222 0.198889 0.038889 0.060000
2 0.293333 0.517778 0.035556 0.060000
2 0.137778 0.510556 0.040000 0.061111
2 0.180556 0.557222 0.038889 0.058889
2 0.526667 0.641111 0.048889 0.055556
2 0.641667 0.687778 0.041111 0.060000
3 0.517778 0.132222 0.048889 0.068889
3 0.678889 0.200000 0.042222 0.055556
3 0.752778 0.270556 0.041111 0.063333
3 0.291667 0.428889 0.045556 0.055556
3 0.216111 0.476667 0.054444 0.064444
3 0.216667 0.606111 0.053333 0.065556
3 0.271667 0.665556 0.050000 0.060000
3 0.482778 0.708333 0.038889 0.061111
3 0.597222 0.685000 0.038889 0.058889
0 0.498889 0.254444 0.048889 0.064444
0 0.555000 0.447222 0.050000 0.067778
0 0.502222 0.423333 0.046667 0.064444
0 0.798889 0.448333 0.060000 0.067778
0 0.458889 0.625556 0.051111 0.066667
0 0.188889 0.326667 0.048889 0.057778
0 0.707222 0.255000 0.047778 0.067778
1 0.371111 0.769444 0.042222 0.063333
1 0.436667 0.708889 0.046667 0.055556
1 0.600556 0.596111 0.047778 0.054444
1 0.732778 0.404444 0.052222 0.057778
1 0.805000 0.326667 0.038889 0.066667
