0 0.462222 0.050556 0.057778 0.083333
0 0.353333 0.456111 0.060000 0.094444
0 0.488333 0.541667 0.054444 0.065556
0 0.629444 0.603889 0.056667 0.056667
0 0.685556 0.688333 0.055556 0.078889
0 0.827778 0.752222 0.057778 0.075556
0 0.511667 0.727778 0.054444 0.075556
0 0.650556 0.790556 0.054444 0.065556
2 0.425556 0.213889 0.040000 0.067778
2 0.302778 0.426667 0.043333 0.071111
2 0.427222 0.317778 0.056667 0.064444
3 0.718333 0.146111 0.054444 0.067778
3 0.805556 0.506667 0.055556 0.062222
3 0.544444 0.483889 0.051111 0.065556
3 0.631111 0.665556 0.051111 0.057778
3 0.556667 0.674444 0.057778 0.068889
3 0.433889 0.756667 0.054444 0.075556
3 0.545556 0.844444 0.060000 0.064444
3 0.373333 0.887222 0.057778 0.065556
3 0.738333 0.625000 0.052222 0.063333
1 0.236111 0.689444 0.058889 0.083333
1 0.491111 0.658333 0.044444 0.067778
1 0.406111 0.824444 0.056667 0.064444
1 0.640556 0.728333 0.058889 0.056667
1 0.733889 0.457222 0.050000 0.072222
1 0.692778 0.441111 0.058889 0.080000
2 0.461111 0.821667 0.048889 0.063333
2 0.509444 0.793333 0.047778 0.055556
2 0.561111 0.945000 0.051111 0.058889
2 0.633889 0.548333 0.052222 0.052222
2 0.523889 0.616667 0.043333 0.066667
