2 0.534444 0.087222 0.037778 0.054444
2 0.909444 0.162778 0.050000 0.056667
2 0.697778 0.243333 0.044444 0.046667
2 0.708889 0.438333 0.035556 0.063333
2 0.598333 0.267778 0.038889 0.048889
2 0.502222 0.166667 0.044444 0.051111
2 0.302222 0.248333 0.046667 0.056667
2 0.508333 0.427222 0.043333 0.058889
2 0.532778 0.547222 0.045556 0.045556
2 0.523333 0.653889 0.048889 0.045556
2 0.476111 0.702222 0.041111 0.060000
3 0.426111 0.371667 0.047778 0.050000
3 0.797222 0.436667 0.045556 0.066667
3 0.698333 0.196111 0.047778 0.050000
3 0.637778 0.253889 0.042222 0.041111
3 0.456111 0.202778 0.050000 0.065556
3 0.633333 0.309444 0.046667 0.065556
3 0.655000 0.647222 0.052222 0.061111
3 0.407222 0.709444 0.050000 0.061111
3 0.357778 0.615556 0.051111 0.064444
1 0.613889 0.206667 0.045556 0.062222
1 0.235556 0.400000 0.042222 0.060000
1 0.372222 0.331667 0.040000 0.065556
1 0.842778 0.411667 0.045556 0.058889
0 0.512778 0.248333 0.041111 0.061111
0 0.417778 0.293889 0.042222 0.063333
0 0.342222 0.393889 0.053333 0.065556
0 0.472778 0.498889 0.052222 0.057778
0 0.311667 0.582778 0.054444 0.076667
0 0.305000 0.696667 0.061111 0.068889
0 0.570000 0.630556 0.048889 0.058889
0 0.638333 0.588889 0.047778 0.057778
2 0.781111 0.506111 0.051111 0.061111
