0 0.315556 0.275000 0.057778 0.050000
0 0.393333 0.450000 0.057778 0.035556
0 0.458333 0.567222 0.063333 0.047778
0 0.387222 0.661111 0.063333 0.051111
0 0.358333 0.779444 0.061111 0.050000
0 0.394444 0.316667 0.046667 0.040000
3 0.623889 0.248333 0.063333 0.045556
3 0.410556 0.360000 0.045556 0.048889
3 0.561111 0.391111 0.055556 0.044444
3 0.631111 0.471111 0.060000 0.048889
3 0.660556 0.566111 0.061111 0.045556
3 0.452778 0.487778 0.047778 0.044444
3 0.406111 0.542222 0.050000 0.033333
3 0.630000 0.772222 0.057778 0.048889
3 0.486111 0.818333 0.050000 0.047778
2 0.293333 0.531667 0.057778 0.038889
2 0.111667 0.503333 0.054444 0.044444
2 0.585000 0.495556 0.045556 0.040000
2 0.388889 0.417778 0.055556 0.033333
2 0.861667 0.626111 0.056667 0.038889
2 0.748333 0.726111 0.054444 0.038889
2 0.467778 0.667222 0.051111 0.041111
2 0.541111 0.613889 0.048889 0.034444
2 0.460000 0.605000 0.062222 0.030000
2 0.650000 0.834444 0.048889 0.042222
1 0.455556 0.336667 0.048889 0.042222
1 0.532778 0.468889 0.052222 0.046667
1 0.406111 0.495556 0.052222 0.040000
1 0.274444 0.578333 0.057778 0.047778
1 0.282222 0.639444 0.051111 0.038889
1 0.235000 0.627778 0.052222 0.042222
1 0.472222 0.712778 0.066667 0.047778
