2 0.881111 0.114444 0.055556 0.044444
2 0.468889 0.576111 0.046667 0.052222
2 0.637778 0.575556 0.048889 0.044444
2 0.342778 0.385556 0.056667 0.051111
2 0.770000 0.518333 0.028889 0.052222
2 0.748889 0.420000 0.035556 0.042222
3 0.507778 0.421667 0.046667 0.056667
3 0.501667 0.513889 0.056667 0.052222
3 0.647778 0.400000 0.055556 0.037778
3 0.687778 0.605000 0.051111 0.043333
3 0.564444 0.461667 0.055556 0.047778
3 0.736111 0.500000 0.043333 0.053333
3 0.665556 0.438333 0.060000 0.041111
0 0.684444 0.486667 0.060000 0.042222
0 0.626667 0.471111 0.055556 0.044444
0 0.597222 0.537222 0.056667 0.047778
0 0.564444 0.504444 0.055556 0.040000
0 0.360000 0.451111 0.066667 0.051111
1 0.695556 0.391111 0.044444 0.042222
1 0.651667 0.533889 0.047778 0.041111
1 0.451111 0.412222 0.064444 0.053333
0 0.719444 0.436667 0.047778 0.044444
1 0.396667 0.403333 0.053333 0.046667
0 0.787778 0.902778 0.053333 0.043333
1 0.508889 0.973889 0.064444 0.050000
3 0.634444 0.946111 0.066667 0.045556
3 0.273889 0.858333 0.065556 0.045556
2 0.175556 0.820000 0.064444 0.055556
1 0.022778 0.466667 0.043333 0.053333
