2 0.443333 0.146111 0.053333 0.052222
2 0.582778 0.264444 0.056667 0.048889
2 0.859444 0.345000 0.058889 0.045556
2 0.713333 0.406111 0.062222 0.047778
2 0.608889 0.458889 0.066667 0.044444
2 0.855000 0.521111 0.065556 0.042222
2 0.901667 0.581111 0.063333 0.037778
2 0.872222 0.675556 0.051111 0.037778
2 0.334444 0.451111 0.062222 0.035556
2 0.034444 0.593333 0.057778 0.046667
0 0.388333 0.332222 0.067778 0.060000
0 0.256667 0.638889 0.062222 0.042222
0 0.319444 0.742222 0.067778 0.048889
0 0.501111 0.754444 0.064444 0.048889
0 0.053889 0.752778 0.070000 0.052222
3 0.579444 0.530000 0.067778 0.044444
3 0.597778 0.611111 0.064444 0.053333
3 0.681667 0.598889 0.063333 0.042222
3 0.844444 0.791667 0.053333 0.047778
3 0.229444 0.584444 0.065556 0.046667
3 0.032222 0.452778 0.060000 0.041111
3 0.034444 0.410556 0.062222 0.043333
3 0.568889 0.740556 0.062222 0.054444
3 0.076111 0.246111 0.072222 0.054444
3 0.273889 0.152222 0.065556 0.046667
1 0.308333 0.819444 0.074444 0.052222
1 0.689444 0.650556 0.067778 0.052222
1 0.028889 0.293889 0.055556 0.050000
1 0.114444 0.126111 0.055556 0.050000
1 0.261667 0.416667 0.065556 0.044444
0 0.786111 0.795000 0.074444 0.056667
0 0.308333 0.335556 0.056667 0.046667
