3 0.384444 0.037222 0.044444 0.052222
3 0.561111 0.123889 0.046667 0.045556
3 0.730556 0.390556 0.047778 0.063333
3 0.612222 0.349444 0.044444 0.052222
3 0.545000 0.513333 0.050000 0.051111
3 0.500000 0.539444 0.042222 0.058889
3 0.168889 0.652222 0.055556 0.071111
3 0.859444 0.640556 0.045556 0.061111
3 0.456667 0.436111 0.044444 0.063333
1 0.652222 0.192222 0.048889 0.053333
1 0.582222 0.313333 0.033333 0.051111
1 0.362222 0.445556 0.042222 0.064444
1 0.629444 0.760000 0.054444 0.055556
0 0.541111 0.167778 0.048889 0.057778
0 0.710556 0.314444 0.045556 0.060000
0 0.326111 0.358333 0.050000 0.070000
0 0.120000 0.391667 0.048889 0.063333
0 0.385556 0.720556 0.068889 0.074444
0 0.451111 0.656667 0.055556 0.066667
0 0.643333 0.706111 0.051111 0.052222
0 0.222778 0.656667 0.052222 0.060000
0 0.210556 0.406667 0.047778 0.062222
2 0.788889 0.347222 0.051111 0.056667
2 0.623333 0.248889 0.048889 0.048889
2 0.577778 0.448333 0.040000 0.050000
2 0.553889 0.412778 0.041111 0.043333
2 0.470556 0.375556 0.043333 0.048889
2 0.316111 0.491111 0.041111 0.057778
2 0.435556 0.477222 0.044444 0.052222
2 0.394444 0.660000 0.048889 0.051111
2 0.584444 0.792778 0.048889 0.054444
2 0.214444 0.327778 0.042222 0.057778
2 0.163889 0.339444 0.045556 0.052222
2 0.536111 0.456667 0.038889 0.055556
