2 0.678889 0.262778 0.060000 0.052222
2 0.591667 0.250556 0.054444 0.050000
2 0.296111 0.252778 0.052222 0.056667
2 0.487222 0.363333 0.050000 0.060000
2 0.518889 0.446667 0.066667 0.046667
2 0.576111 0.608333 0.063333 0.047778
2 0.737222 0.659444 0.058889 0.054444
2 0.455556 0.578889 0.066667 0.051111
2 0.292222 0.521111 0.053333 0.055556
2 0.228333 0.763889 0.063333 0.045556
2 0.157778 0.483333 0.062222 0.053333
3 0.421667 0.221111 0.078889 0.060000
3 0.406667 0.344444 0.073333 0.064444
3 0.602778 0.405556 0.054444 0.051111
3 0.670000 0.525000 0.057778 0.054444
3 0.825000 0.565000 0.076667 0.054444
3 0.622778 0.672778 0.061111 0.052222
3 0.292222 0.741111 0.062222 0.053333
3 0.241111 0.714444 0.064444 0.055556
3 0.203333 0.287778 0.077778 0.055556
0 0.137222 0.372222 0.074444 0.053333
0 0.331111 0.452222 0.077778 0.053333
0 0.624444 0.331667 0.086667 0.056667
0 0.543889 0.372222 0.063333 0.060000
0 0.642778 0.768333 0.076667 0.052222
0 0.512222 0.791667 0.084444 0.056667
0 0.536667 0.840000 0.075556 0.048889
1 0.211111 0.548889 0.071111 0.053333
1 0.222778 0.621111 0.083333 0.057778
1 0.376667 0.607222 0.075556 0.058889
1 0.483333 0.663333 0.060000 0.060000
1 0.378889 0.782222 0.064444 0.060000
