1 0.241111 0.244444 0.048889 0.051111
1 0.147222 0.216667 0.036667 0.057778
1 0.302222 0.413889 0.037778 0.054444
1 0.582778 0.652222 0.043333 0.046667
1 0.025556 0.836111 0.048889 0.072222
2 0.430556 0.779444 0.041111 0.056667
2 0.431667 0.597222 0.047778 0.052222
2 0.455000 0.565000 0.032222 0.061111
2 0.545000 0.631667 0.036667 0.045556
2 0.042778 0.547222 0.043333 0.050000
2 0.046667 0.500556 0.046667 0.050000
2 0.387778 0.338333 0.046667 0.043333
2 0.536667 0.321111 0.040000 0.051111
1 0.616111 0.270000 0.038889 0.048889
2 0.922778 0.523333 0.043333 0.068889
3 0.461667 0.417778 0.038889 0.048889
3 0.497778 0.331667 0.035556 0.045556
3 0.586667 0.317778 0.037778 0.053333
3 0.576111 0.265556 0.045556 0.053333
3 0.393333 0.296111 0.037778 0.045556
3 0.611667 0.480556 0.047778 0.058889
3 0.751667 0.414444 0.047778 0.051111
3 0.566111 0.702778 0.045556 0.058889
3 0.235000 0.562778 0.050000 0.063333
0 0.519444 0.272778 0.038889 0.052222
0 0.719444 0.341111 0.043333 0.048889
0 0.388333 0.431111 0.052222 0.057778
0 0.261111 0.408333 0.044444 0.063333
0 0.537222 0.573333 0.041111 0.051111
0 0.706667 0.562778 0.048889 0.058889
0 0.729444 0.611111 0.052222 0.066667
0 0.647778 0.770556 0.051111 0.058889
0 0.040556 0.775000 0.047778 0.056667
