3 0.646111 0.100000 0.054444 0.066667
3 0.797222 0.173889 0.056667 0.063333
3 0.639444 0.266111 0.054444 0.067778
3 0.643889 0.351111 0.063333 0.071111
3 0.724444 0.771111 0.051111 0.075556
3 0.646111 0.816667 0.061111 0.066667
3 0.538889 0.635000 0.062222 0.063333
3 0.371111 0.641111 0.062222 0.077778
3 0.430556 0.690556 0.043333 0.076667
1 0.585556 0.918333 0.064444 0.083333
1 0.547222 0.563333 0.054444 0.071111
1 0.336667 0.122222 0.048889 0.068889
1 0.336111 0.330556 0.056667 0.074444
1 0.389444 0.461667 0.047778 0.074444
2 0.672222 0.231667 0.048889 0.056667
2 0.829444 0.373889 0.043333 0.061111
2 0.765556 0.515556 0.053333 0.068889
2 0.667222 0.636111 0.041111 0.063333
2 0.520000 0.459444 0.046667 0.063333
2 0.645000 0.747778 0.054444 0.066667
2 0.525000 0.761667 0.038889 0.067778
2 0.340556 0.543333 0.047778 0.062222
2 0.402778 0.537778 0.045556 0.066667
2 0.448889 0.335556 0.051111 0.055556
2 0.246111 0.453889 0.052222 0.058889
0 0.413333 0.282222 0.057778 0.073333
0 0.210556 0.411667 0.056667 0.074444
0 0.718889 0.177778 0.062222 0.077778
0 0.790000 0.392778 0.055556 0.072222
0 0.702778 0.683889 0.056667 0.087778
0 0.482222 0.807778 0.048889 0.080000
0 0.481111 0.727778 0.048889 0.077778
2 0.461667 0.528333 0.052222 0.067778
0 0.340000 0.480000 0.051111 0.062222
