2 0.442222 0.092778 0.033333 0.050000
2 0.360556 0.199444 0.032222 0.052222
2 0.107222 0.220556 0.034444 0.038889
2 0.093889 0.183889 0.032222 0.045556
2 0.062778 0.194444 0.038889 0.048889
2 0.170000 0.056667 0.031111 0.044444
2 0.242778 0.080000 0.032222 0.048889
2 0.470556 0.603333 0.038889 0.048889
2 0.510556 0.604444 0.036667 0.044444
2 0.457778 0.649444 0.037778 0.052222
2 0.298333 0.986111 0.045556 0.027778
3 0.898333 0.679444 0.050000 0.061111
3 0.543333 0.561667 0.051111 0.050000
3 0.533333 0.451667 0.042222 0.045556
3 0.431111 0.460000 0.037778 0.055556
3 0.385000 0.452778 0.041111 0.056667
3 0.273333 0.118889 0.046667 0.053333
3 0.160000 0.140000 0.042222 0.053333
3 0.081667 0.080000 0.032222 0.051111
3 0.123889 0.262778 0.050000 0.045556
1 0.891111 0.861111 0.046667 0.068889
1 0.201667 0.192222 0.050000 0.055556
1 0.057222 0.387778 0.061111 0.055556
1 0.029444 0.458889 0.047778 0.055556
0 0.204444 0.081667 0.044444 0.061111
0 0.111111 0.103889 0.040000 0.052222
0 0.163333 0.208889 0.040000 0.046667
0 0.373333 0.349444 0.037778 0.054444
0 0.527222 0.506667 0.052222 0.060000
0 0.576111 0.661667 0.045556 0.058889
