0 0.394444 0.033889 0.060000 0.063333
0 0.113333 0.316667 0.057778 0.068889
0 0.436111 0.625556 0.047778 0.075556
0 0.643889 0.898333 0.054444 0.072222
0 0.132778 0.759444 0.054444 0.070000
1 0.173333 0.704444 0.048889 0.062222
1 0.523889 0.567222 0.052222 0.072222
1 0.083333 0.402778 0.042222 0.058889
1 0.286667 0.329444 0.048889 0.056667
3 0.736667 0.530556 0.053333 0.065556
3 0.738889 0.638889 0.060000 0.077778
3 0.418333 0.716667 0.054444 0.068889
3 0.336111 0.705556 0.050000 0.060000
3 0.672778 0.965556 0.058889 0.068889
3 0.235000 0.550556 0.047778 0.061111
3 0.232778 0.376667 0.054444 0.071111
3 0.179444 0.298333 0.054444 0.052222
3 0.058889 0.117778 0.053333 0.066667
1 0.238333 0.847778 0.052222 0.064444
2 0.242222 0.772222 0.046667 0.048889
2 0.082778 0.732222 0.043333 0.060000
2 0.478333 0.581111 0.038889 0.064444
2 0.292778 0.387778 0.047778 0.055556
2 0.304444 0.236667 0.044444 0.071111
2 0.156111 0.052778 0.045556 0.063333
