0 0.443333 0.140000 0.068889 0.084444
0 0.853333 0.205556 0.051111 0.073333
0 0.856667 0.457222 0.055556 0.067778
0 0.925000 0.570000 0.047778 0.068889
0 0.970000 0.597222 0.053333 0.076667
0 0.813333 0.495000 0.044444 0.054444
0 0.690000 0.466667 0.048889 0.064444
0 0.621111 0.851111 0.057778 0.057778
0 0.299444 0.627222 0.061111 0.067778
2 0.680556 0.111111 0.054444 0.055556
2 0.558889 0.120556 0.046667 0.070000
2 0.558889 0.202222 0.048889 0.046667
2 0.755556 0.300556 0.048889 0.061111
2 0.850000 0.593333 0.044444 0.062222
2 0.772778 0.594444 0.043333 0.048889
2 0.644444 0.483333 0.040000 0.062222
2 0.409444 0.357222 0.045556 0.070000
3 0.449444 0.034444 0.052222 0.066667
3 0.208889 0.380000 0.053333 0.066667
3 0.497222 0.402222 0.056667 0.066667
3 0.720556 0.376111 0.045556 0.063333
3 0.687778 0.316667 0.044444 0.060000
3 0.936667 0.418333 0.055556 0.063333
3 0.810000 0.551111 0.046667 0.057778
3 0.738889 0.482778 0.051111 0.065556
3 0.553889 0.263333 0.054444 0.073333
1 0.490000 0.471111 0.053333 0.068889
1 0.652222 0.350556 0.046667 0.065556
1 0.770556 0.522222 0.043333 0.055556
1 0.600000 0.526667 0.048889 0.048889
1 0.598333 0.795000 0.052222 0.056667
