2 0.337778 0.788333 0.057778 0.072222
2 0.523889 0.697778 0.052222 0.077778
2 0.743889 0.625556 0.047778 0.071111
2 0.735556 0.518333 0.048889 0.056667
2 0.328333 0.492222 0.054444 0.057778
2 0.221667 0.466667 0.052222 0.055556
2 0.142222 0.327778 0.044444 0.057778
2 0.492222 0.255000 0.044444 0.063333
2 0.572222 0.206667 0.053333 0.040000
1 0.448333 0.892778 0.063333 0.078889
1 0.350556 0.364444 0.058889 0.055556
1 0.363333 0.422222 0.055556 0.071111
1 0.577778 0.317222 0.037778 0.070000
1 0.388333 0.306667 0.050000 0.062222
3 0.245556 0.300556 0.051111 0.072222
3 0.321111 0.298333 0.051111 0.070000
3 0.549444 0.425000 0.054444 0.072222
3 0.712778 0.406111 0.058889 0.063333
3 0.628889 0.478889 0.053333 0.068889
3 0.534444 0.567222 0.046667 0.067778
3 0.670556 0.759444 0.054444 0.078889
3 0.582222 0.682222 0.055556 0.084444
3 0.468333 0.528333 0.052222 0.070000
0 0.677222 0.296667 0.056667 0.068889
0 0.553333 0.255556 0.057778 0.068889
0 0.483333 0.367778 0.053333 0.075556
0 0.387222 0.566111 0.065556 0.076667
0 0.348333 0.711111 0.050000 0.068889
0 0.193333 0.526667 0.055556 0.073333
0 0.260000 0.566667 0.051111 0.068889
0 0.694444 0.641111 0.053333 0.071111
