3 0.427222 0.180000 0.056667 0.077778
3 0.633889 0.296111 0.058889 0.063333
3 0.660000 0.428333 0.053333 0.065556
3 0.791111 0.595556 0.062222 0.082222
3 0.425556 0.853333 0.053333 0.086667
3 0.259444 0.711667 0.054444 0.076667
3 0.471667 0.571111 0.058889 0.064444
3 0.528333 0.383889 0.054444 0.063333
3 0.312778 0.553889 0.072222 0.083333
0 0.273333 0.227778 0.068889 0.082222
0 0.211667 0.367222 0.054444 0.081111
0 0.157778 0.496111 0.062222 0.074444
0 0.556667 0.708889 0.057778 0.080000
0 0.580000 0.366667 0.057778 0.086667
0 0.521667 0.446667 0.054444 0.066667
0 0.257778 0.594444 0.048889 0.080000
0 0.372222 0.818889 0.051111 0.084444
2 0.746667 0.325000 0.051111 0.065556
2 0.744444 0.723889 0.053333 0.072222
2 0.607778 0.681111 0.046667 0.075556
2 0.638889 0.527778 0.057778 0.068889
2 0.761667 0.417778 0.052222 0.057778
2 0.474444 0.735556 0.053333 0.060000
2 0.234444 0.798889 0.062222 0.071111
2 0.382222 0.443889 0.051111 0.065556
2 0.546667 0.501667 0.040000 0.061111
2 0.329444 0.274444 0.047778 0.066667
2 0.518889 0.868889 0.046667 0.071111
1 0.261111 0.327778 0.064444 0.064444
1 0.209444 0.584444 0.054444 0.075556
1 0.205000 0.650556 0.058889 0.061111
1 0.381111 0.652222 0.064444 0.080000
