3 0.582778 0.066111 0.041111 0.061111
3 0.762778 0.138333 0.043333 0.041111
3 0.937778 0.093889 0.046667 0.052222
3 0.833333 0.272778 0.037778 0.047778
3 0.608889 0.430556 0.044444 0.050000
3 0.880000 0.601111 0.044444 0.046667
3 0.487778 0.934444 0.048889 0.066667
3 0.516111 0.975000 0.045556 0.050000
3 0.404444 0.833333 0.042222 0.053333
2 0.335556 0.218333 0.042222 0.061111
2 0.825556 0.321111 0.042222 0.053333
2 0.796667 0.240556 0.031111 0.054444
2 0.764444 0.293889 0.028889 0.056667
2 0.604444 0.372778 0.042222 0.047778
2 0.440556 0.562222 0.036667 0.051111
2 0.402222 0.780556 0.042222 0.047778
2 0.583889 0.928889 0.034444 0.062222
2 0.147778 0.896111 0.042222 0.061111
0 0.281667 0.060556 0.038889 0.061111
0 0.726111 0.271667 0.043333 0.050000
0 0.761667 0.203333 0.038889 0.064444
0 0.969444 0.293889 0.047778 0.061111
0 0.867778 0.120556 0.044444 0.065556
0 0.971111 0.410000 0.051111 0.051111
0 0.621667 0.965000 0.052222 0.070000
0 0.234444 0.953333 0.055556 0.064444
0 0.177222 0.971111 0.045556 0.057778
0 0.498333 0.013333 0.047778 0.024444
1 0.970556 0.472778 0.050000 0.056667
1 0.820000 0.548333 0.042222 0.054444
1 0.651667 0.431111 0.036667 0.060000
1 0.415000 0.696111 0.045556 0.054444
1 0.627778 0.898889 0.048889 0.057778
