0 0.552222 0.460556 0.044444 0.056667
0 0.589444 0.421111 0.043333 0.064444
0 0.643333 0.433333 0.044444 0.060000
0 0.488333 0.471111 0.043333 0.057778
0 0.489444 0.971667 0.045556 0.054444
0 0.617222 0.291667 0.038889 0.056667
0 0.384444 0.187778 0.042222 0.051111
3 0.562222 0.320556 0.040000 0.052222
3 0.503889 0.391667 0.038889 0.052222
3 0.440556 0.568333 0.038889 0.056667
3 0.720556 0.518333 0.030000 0.056667
3 0.748889 0.508889 0.035556 0.046667
3 0.762778 0.476111 0.041111 0.045556
3 0.701111 0.447222 0.042222 0.050000
2 0.522222 0.356111 0.031111 0.041111
2 0.366667 0.497778 0.035556 0.062222
2 0.393333 0.676111 0.044444 0.054444
2 0.755556 0.554444 0.044444 0.044444
2 0.855000 0.504444 0.041111 0.042222
2 0.945000 0.391111 0.032222 0.046667
2 0.772222 0.436111 0.042222 0.032222
3 0.530000 0.967222 0.035556 0.054444
3 0.755000 0.950000 0.041111 0.057778
3 0.967778 0.570556 0.046667 0.058889
0 0.920000 0.063889 0.037778 0.063333
1 0.920556 0.176111 0.047778 0.047778
1 0.953889 0.438889 0.038889 0.057778
1 0.664444 0.386111 0.044444 0.045556
1 0.579444 0.535556 0.047778 0.048889
1 0.724444 0.638889 0.037778 0.053333
1 0.441667 0.502222 0.038889 0.046667
2 0.613333 0.873333 0.044444 0.046667
