0 0.579444 0.712778 0.058889 0.045556
0 0.452778 0.757778 0.065556 0.044444
0 0.958333 0.845000 0.067778 0.054444
0 0.182222 0.513333 0.060000 0.051111
0 0.262778 0.389444 0.072222 0.045556
0 0.150000 0.066111 0.060000 0.050000
0 0.360556 0.043889 0.052222 0.043333
0 0.451111 0.802778 0.066667 0.047778
0 0.372222 0.781111 0.066667 0.051111
2 0.405000 0.077778 0.041111 0.044444
2 0.541111 0.288333 0.051111 0.036667
2 0.352778 0.356111 0.047778 0.038889
2 0.397222 0.507222 0.056667 0.032222
2 0.372222 0.578333 0.044444 0.041111
2 0.333889 0.538333 0.045556 0.041111
2 0.129444 0.475000 0.052222 0.043333
1 0.647222 0.771111 0.058889 0.044444
1 0.418333 0.651667 0.054444 0.038889
1 0.475000 0.379444 0.056667 0.038889
1 0.455000 0.445000 0.065556 0.041111
1 0.344444 0.239444 0.053333 0.047778
1 0.187778 0.246111 0.062222 0.045556
3 0.399444 0.279444 0.054444 0.041111
3 0.081667 0.212778 0.056667 0.034444
3 0.300000 0.355556 0.055556 0.037778
3 0.441111 0.408889 0.051111 0.035556
3 0.383333 0.538333 0.055556 0.030000
3 0.136667 0.441111 0.066667 0.035556
3 0.090000 0.505000 0.060000 0.041111
3 0.946111 0.508889 0.067778 0.044444
2 0.952778 0.472222 0.056667 0.035556
2 0.922778 0.053889 0.061111 0.043333
