2 0.390000 0.323333 0.044444 0.046667
2 0.566667 0.385556 0.040000 0.057778
2 0.356667 0.422778 0.040000 0.056667
2 0.324444 0.496111 0.046667 0.054444
2 0.216111 0.488333 0.050000 0.052222
2 0.525556 0.804444 0.046667 0.082222
2 0.682778 0.832778 0.061111 0.070000
2 0.822778 0.463889 0.043333 0.063333
0 0.591667 0.247222 0.052222 0.050000
0 0.633333 0.345556 0.051111 0.064444
0 0.415000 0.372778 0.052222 0.067778
0 0.268889 0.458889 0.057778 0.066667
0 0.298333 0.403333 0.047778 0.064444
0 0.693333 0.545000 0.060000 0.070000
3 0.497778 0.170556 0.042222 0.056667
3 0.453333 0.071111 0.046667 0.062222
3 0.646111 0.235556 0.047778 0.048889
3 0.572222 0.301667 0.053333 0.058889
3 0.512222 0.364444 0.046667 0.060000
3 0.458889 0.343333 0.044444 0.053333
3 0.188889 0.313333 0.053333 0.048889
3 0.259444 0.543333 0.054444 0.068889
3 0.637778 0.545556 0.048889 0.062222
3 0.697222 0.606667 0.056667 0.055556
3 0.497222 0.882222 0.058889 0.071111
1 0.386667 0.271111 0.044444 0.060000
1 0.457778 0.288333 0.055556 0.056667
1 0.467222 0.224444 0.047778 0.060000
1 0.671667 0.294444 0.041111 0.062222
1 0.610000 0.402222 0.040000 0.060000
