0 0.611667 0.270556 0.081111 0.058889
0 0.556111 0.366111 0.076667 0.065556
0 0.453333 0.417778 0.068889 0.053333
0 0.337778 0.586667 0.071111 0.048889
0 0.511111 0.552222 0.082222 0.062222
0 0.671667 0.681111 0.090000 0.066667
0 0.877778 0.456111 0.091111 0.061111
3 0.222222 0.643333 0.077778 0.064444
3 0.215000 0.833889 0.072222 0.047778
3 0.800556 0.623333 0.076667 0.046667
3 0.677222 0.611111 0.070000 0.057778
3 0.594444 0.450000 0.064444 0.048889
3 0.667222 0.384444 0.067778 0.048889
3 0.551667 0.486111 0.054444 0.043333
3 0.405000 0.462778 0.074444 0.043333
3 0.403889 0.347222 0.067778 0.043333
3 0.264444 0.381111 0.068889 0.048889
3 0.125556 0.406111 0.066667 0.045556
1 0.245556 0.237778 0.068889 0.060000
1 0.327222 0.401667 0.061111 0.045556
1 0.272778 0.521111 0.083333 0.042222
1 0.426111 0.585000 0.074444 0.045556
1 0.573333 0.722222 0.064444 0.057778
1 0.660556 0.443333 0.072222 0.048889
2 0.861667 0.351111 0.076667 0.057778
2 0.638889 0.341111 0.071111 0.037778
2 0.797222 0.561111 0.074444 0.048889
2 0.700556 0.487222 0.072222 0.043333
2 0.496111 0.458333 0.070000 0.036667
2 0.317222 0.471111 0.054444 0.044444
2 0.503889 0.603889 0.070000 0.036667
2 0.284444 0.565556 0.064444 0.028889
2 0.495000 0.782778 0.074444 0.043333
