2 0.318333 0.272222 0.047778 0.062222
2 0.372222 0.441667 0.046667 0.063333
2 0.629444 0.522778 0.050000 0.063333
2 0.751111 0.412222 0.051111 0.053333
2 0.735000 0.320556 0.052222 0.061111
2 0.538889 0.501667 0.042222 0.070000
2 0.736667 0.711667 0.048889 0.072222
2 0.471111 0.734444 0.057778 0.064444
2 0.515556 0.861667 0.046667 0.076667
2 0.228889 0.798889 0.055556 0.068889
0 0.259444 0.225556 0.067778 0.077778
0 0.199444 0.366667 0.052222 0.068889
0 0.147778 0.497222 0.055556 0.072222
0 0.571111 0.362222 0.053333 0.082222
0 0.513889 0.443333 0.047778 0.068889
0 0.250000 0.592222 0.044444 0.068889
0 0.550556 0.702222 0.052222 0.077778
3 0.417222 0.178333 0.054444 0.074444
3 0.623889 0.294444 0.056667 0.064444
3 0.650000 0.422222 0.051111 0.057778
3 0.517222 0.378889 0.050000 0.062222
3 0.462778 0.570556 0.054444 0.065556
3 0.781667 0.588333 0.056667 0.072222
3 0.297778 0.555556 0.060000 0.080000
3 0.421667 0.851111 0.054444 0.077778
3 0.255000 0.711111 0.056667 0.071111
1 0.249444 0.328889 0.056667 0.062222
1 0.202222 0.585000 0.048889 0.070000
1 0.197222 0.652778 0.058889 0.065556
1 0.374444 0.649444 0.062222 0.072222
1 0.602778 0.670556 0.050000 0.072222
1 0.366667 0.811667 0.057778 0.087778
