3 0.940000 0.285000 0.095556 0.072222
3 0.806111 0.452222 0.083333 0.057778
3 0.823889 0.405556 0.076667 0.057778
3 0.657778 0.411667 0.086667 0.047778
3 0.642222 0.462222 0.064444 0.053333
3 0.728333 0.638889 0.074444 0.053333
3 0.346667 0.630556 0.077778 0.054444
3 0.359444 0.219444 0.074444 0.050000
3 0.530000 0.237778 0.088889 0.068889
3 0.515556 0.683333 0.077778 0.055556
2 0.848889 0.748333 0.088889 0.052222
2 0.668889 0.536667 0.093333 0.053333
2 0.572778 0.455000 0.070000 0.054444
2 0.799444 0.350000 0.083333 0.048889
2 0.397222 0.321111 0.076667 0.057778
2 0.272778 0.326667 0.076667 0.044444
2 0.326111 0.178889 0.061111 0.046667
2 0.098889 0.414444 0.062222 0.053333
2 0.247222 0.458333 0.070000 0.052222
2 0.435556 0.840000 0.073333 0.046667
0 0.516667 0.855556 0.080000 0.066667
0 0.565556 0.781667 0.071111 0.070000
0 0.368333 0.690000 0.094444 0.064444
0 0.189444 0.738333 0.090000 0.074444
0 0.292222 0.573889 0.093333 0.061111
0 0.517222 0.176667 0.090000 0.060000
1 0.769444 0.687222 0.078889 0.065556
1 0.468889 0.743889 0.080000 0.063333
1 0.218889 0.577778 0.064444 0.062222
1 0.383889 0.509444 0.087778 0.065556
1 0.222778 0.633889 0.078889 0.054444
1 0.285000 0.272222 0.078889 0.057778
