0 0.828333 0.342778 0.047778 0.058889
0 0.621111 0.318333 0.042222 0.043333
0 0.349444 0.416111 0.043333 0.050000
0 0.610000 0.526667 0.042222 0.051111
0 0.664444 0.621667 0.048889 0.058889
3 0.471667 0.253889 0.041111 0.045556
3 0.677778 0.362222 0.035556 0.048889
3 0.631667 0.362778 0.036667 0.045556
3 0.649444 0.508333 0.041111 0.056667
3 0.380000 0.580556 0.048889 0.054444
3 0.759444 0.928333 0.050000 0.056667
3 0.465000 0.923889 0.043333 0.056667
2 0.901667 0.346667 0.034444 0.048889
2 0.867222 0.352778 0.030000 0.052222
2 0.697222 0.563333 0.038889 0.040000
2 0.404444 0.682778 0.040000 0.052222
1 0.585556 0.390556 0.035556 0.054444
1 0.350000 0.475556 0.042222 0.053333
1 0.756111 0.575556 0.047778 0.053333
1 0.713889 0.604444 0.038889 0.057778
1 0.943333 0.708889 0.046667 0.062222
