2 0.480556 0.233333 0.072222 0.053333
2 0.342222 0.160000 0.064444 0.033333
2 0.199444 0.315556 0.052222 0.035556
2 0.600000 0.327778 0.060000 0.044444
2 0.712778 0.349444 0.065556 0.058889
2 0.721667 0.458333 0.065556 0.025556
2 0.512222 0.655000 0.064444 0.050000
2 0.510556 0.589444 0.063333 0.043333
3 0.736667 0.272222 0.068889 0.051111
3 0.778333 0.343889 0.065556 0.056667
3 0.602778 0.454444 0.065556 0.053333
3 0.614444 0.632778 0.071111 0.056667
3 0.062222 0.348889 0.068889 0.051111
3 0.132778 0.195556 0.061111 0.055556
3 0.317778 0.348889 0.068889 0.057778
3 0.232778 0.357222 0.070000 0.058889
0 0.141111 0.276111 0.075556 0.065556
0 0.364444 0.203333 0.080000 0.053333
0 0.651667 0.292222 0.085556 0.055556
0 0.683333 0.506111 0.040000 0.050000
3 0.613333 0.537222 0.037778 0.038889
1 0.535000 0.441111 0.070000 0.046667
1 0.881667 0.405556 0.070000 0.062222
