2 0.792778 0.046111 0.058889 0.038889
2 0.716111 0.351667 0.056667 0.045556
2 0.527222 0.542222 0.058889 0.033333
2 0.522222 0.596111 0.053333 0.041111
2 0.297222 0.457222 0.050000 0.041111
2 0.226667 0.251111 0.060000 0.033333
2 0.192222 0.288889 0.057778 0.037778
2 0.211111 0.505000 0.046667 0.041111
0 0.823333 0.238333 0.068889 0.047778
0 0.516111 0.332778 0.061111 0.052222
0 0.421667 0.437222 0.067778 0.034444
0 0.446667 0.547222 0.062222 0.043333
0 0.325556 0.705556 0.062222 0.055556
0 0.387778 0.726667 0.057778 0.051111
0 0.636667 0.712222 0.062222 0.051111
0 0.843333 0.570000 0.062222 0.051111
3 0.363333 0.233889 0.048889 0.045556
3 0.318889 0.255556 0.055556 0.044444
3 0.287778 0.217778 0.060000 0.044444
3 0.545000 0.293889 0.058889 0.045556
3 0.485000 0.371667 0.047778 0.047778
3 0.503333 0.507222 0.055556 0.027778
3 0.871111 0.530556 0.064444 0.038889
3 0.964444 0.566111 0.055556 0.045556
3 0.967222 0.622222 0.063333 0.042222
3 0.416667 0.512222 0.057778 0.037778
3 0.035000 0.192222 0.056667 0.048889
1 0.951111 0.709444 0.064444 0.047778
1 0.452778 0.838333 0.054444 0.050000
1 0.325556 0.498889 0.051111 0.048889
1 0.422778 0.475000 0.058889 0.036667
1 0.205556 0.371667 0.057778 0.045556
