3 0.484444 0.067778 0.051111 0.068889
3 0.395000 0.159444 0.052222 0.063333
3 0.296111 0.145556 0.056667 0.077778
3 0.608333 0.172778 0.063333 0.061111
3 0.240556 0.446111 0.054444 0.072222
3 0.495556 0.535000 0.057778 0.078889
3 0.213333 0.637778 0.073333 0.086667
3 0.537778 0.688889 0.075556 0.106667
3 0.736667 0.594444 0.066667 0.082222
3 0.273889 0.589444 0.063333 0.092222
1 0.601111 0.486667 0.062222 0.084444
1 0.509444 0.411111 0.058889 0.084444
1 0.508333 0.269444 0.056667 0.090000
1 0.460556 0.163889 0.054444 0.065556
1 0.431667 0.775000 0.065556 0.107778
1 0.388333 0.480000 0.063333 0.066667
2 0.240556 0.292778 0.061111 0.083333
2 0.192778 0.211111 0.070000 0.068889
2 0.145000 0.493333 0.078889 0.082222
2 0.460556 0.442222 0.047778 0.080000
2 0.558333 0.352778 0.061111 0.058889
2 0.661667 0.520556 0.056667 0.074444
2 0.493333 0.805000 0.062222 0.094444
2 0.425000 0.352222 0.061111 0.068889
2 0.365000 0.236667 0.054444 0.060000
0 0.388333 0.583333 0.078889 0.106667
0 0.621111 0.241667 0.064444 0.074444
0 0.413333 0.272222 0.066667 0.082222
0 0.346111 0.171111 0.061111 0.066667
0 0.686667 0.697778 0.075556 0.106667
0 0.255556 0.839444 0.088889 0.112222
