2 0.512222 0.107222 0.037778 0.052222
2 0.466667 0.098333 0.040000 0.061111
2 0.440000 0.286111 0.037778 0.047778
2 0.245556 0.223889 0.044444 0.054444
2 0.381667 0.272778 0.038889 0.056667
2 0.449444 0.784444 0.043333 0.062222
2 0.710556 0.849444 0.045556 0.052222
2 0.687222 0.893333 0.038889 0.064444
2 0.920556 0.680556 0.045556 0.056667
0 0.190556 0.061111 0.047778 0.068889
0 0.452222 0.233889 0.044444 0.056667
0 0.708889 0.417778 0.044444 0.064444
0 0.652778 0.513333 0.045556 0.068889
0 0.628889 0.625000 0.053333 0.072222
0 0.332222 0.604444 0.053333 0.075556
0 0.876111 0.950000 0.052222 0.068889
3 0.645556 0.201667 0.048889 0.065556
3 0.866111 0.411111 0.058889 0.071111
3 0.293889 0.502778 0.045556 0.065556
3 0.262778 0.465000 0.041111 0.050000
3 0.609444 0.525556 0.038889 0.060000
3 0.888889 0.791111 0.048889 0.068889
3 0.710556 0.958333 0.052222 0.061111
3 0.731111 0.902222 0.046667 0.057778
1 0.362778 0.493333 0.052222 0.057778
1 0.187222 0.552778 0.050000 0.058889
1 0.681111 0.618333 0.040000 0.063333
1 0.336111 0.895556 0.050000 0.073333
1 0.927222 0.967778 0.050000 0.064444
