3 0.393333 0.234444 0.053333 0.077778
3 0.324444 0.459444 0.055556 0.074444
3 0.914444 0.475556 0.055556 0.066667
3 0.236667 0.848333 0.046667 0.054444
3 0.493889 0.966111 0.045556 0.058889
3 0.398333 0.970000 0.041111 0.057778
3 0.362222 0.972778 0.031111 0.050000
3 0.214444 0.909444 0.037778 0.061111
3 0.051667 0.911111 0.043333 0.060000
2 0.558333 0.881667 0.036667 0.063333
2 0.301667 0.967778 0.034444 0.046667
2 0.296667 0.918889 0.033333 0.057778
2 0.031667 0.962222 0.047778 0.053333
2 0.212778 0.646667 0.058889 0.060000
0 0.688333 0.967778 0.065556 0.064444
0 0.596111 0.960000 0.058889 0.073333
0 0.470000 0.901667 0.046667 0.061111
0 0.442778 0.971111 0.050000 0.057778
0 0.333333 0.932778 0.040000 0.061111
0 0.257778 0.907222 0.042222 0.063333
1 0.375556 0.913889 0.051111 0.050000
1 0.422222 0.908889 0.046667 0.064444
1 0.235000 0.966667 0.052222 0.051111
1 0.183333 0.946667 0.037778 0.066667
