0 0.330000 0.275000 0.057778 0.067778
0 0.375000 0.400000 0.058889 0.073333
0 0.475556 0.186667 0.048889 0.057778
0 0.470556 0.248889 0.050000 0.057778
0 0.716667 0.300556 0.060000 0.078889
0 0.710000 0.443333 0.060000 0.071111
0 0.775000 0.452778 0.050000 0.067778
0 0.590000 0.961667 0.073333 0.076667
2 0.648889 0.236667 0.040000 0.060000
2 0.546111 0.203889 0.038889 0.052222
2 0.548889 0.297778 0.048889 0.046667
2 0.577778 0.362778 0.055556 0.063333
2 0.648889 0.408889 0.051111 0.062222
2 0.818889 0.447778 0.044444 0.073333
2 0.444444 0.405556 0.046667 0.062222
2 0.418333 0.235556 0.047778 0.040000
2 0.506111 0.746111 0.041111 0.067778
3 0.566667 0.164444 0.040000 0.048889
3 0.642778 0.345556 0.045556 0.053333
3 0.763333 0.525000 0.060000 0.065556
3 0.702222 0.552222 0.060000 0.075556
3 0.655000 0.503333 0.052222 0.071111
3 0.621111 0.469444 0.044444 0.065556
3 0.537222 0.552778 0.058889 0.061111
3 0.262778 0.337778 0.054444 0.068889
3 0.371667 0.322222 0.041111 0.060000
3 0.410556 0.336667 0.041111 0.057778
3 0.423889 0.285556 0.045556 0.053333
1 0.427778 0.160556 0.046667 0.056667
1 0.582222 0.259444 0.048889 0.052222
1 0.530556 0.423889 0.052222 0.058889
1 0.550000 0.699444 0.057778 0.072222
1 0.532222 0.625000 0.060000 0.061111
