0 0.539444 0.161667 0.065556 0.052222
0 0.211111 0.345000 0.086667 0.058889
0 0.474444 0.392222 0.060000 0.055556
0 0.523333 0.767778 0.066667 0.053333
0 0.766667 0.664444 0.066667 0.057778
0 0.550000 0.692222 0.064444 0.051111
2 0.656111 0.235556 0.056667 0.053333
2 0.568333 0.226111 0.058889 0.043333
2 0.471667 0.336667 0.065556 0.046667
2 0.180556 0.448889 0.063333 0.042222
2 0.318333 0.500000 0.054444 0.042222
2 0.433889 0.562778 0.052222 0.047778
2 0.589444 0.481111 0.058889 0.046667
2 0.720000 0.532222 0.053333 0.044444
2 0.725000 0.613333 0.052222 0.044444
2 0.262222 0.704444 0.060000 0.055556
3 0.176111 0.208333 0.076667 0.045556
3 0.337778 0.378333 0.060000 0.056667
3 0.571111 0.318889 0.055556 0.053333
3 0.763333 0.426111 0.062222 0.043333
3 0.536667 0.433889 0.062222 0.056667
3 0.621111 0.535000 0.064444 0.054444
3 0.508333 0.632778 0.061111 0.045556
3 0.400556 0.730000 0.072222 0.062222
3 0.371111 0.567778 0.068889 0.055556
3 0.431667 0.520556 0.058889 0.045556
1 0.597222 0.168333 0.054444 0.052222
1 0.357778 0.297778 0.071111 0.048889
1 0.529444 0.378333 0.056667 0.056667
1 0.362222 0.615000 0.073333 0.045556
1 0.558333 0.532222 0.056667 0.051111
1 0.240000 0.577778 0.080000 0.051111
