3 0.404444 0.126667 0.051111 0.064444
3 0.642778 0.218889 0.061111 0.075556
3 0.837222 0.217222 0.043333 0.070000
3 0.380000 0.266111 0.057778 0.070000
3 0.463333 0.401111 0.046667 0.077778
3 0.347778 0.402778 0.044444 0.072222
3 0.452778 0.596111 0.050000 0.067778
3 0.610000 0.677778 0.057778 0.075556
3 0.621667 0.797778 0.050000 0.080000
3 0.387222 0.665000 0.054444 0.070000
2 0.471667 0.320000 0.045556 0.057778
2 0.563889 0.287222 0.034444 0.067778
2 0.456667 0.498889 0.035556 0.068889
2 0.602778 0.504444 0.036667 0.073333
2 0.778889 0.492778 0.051111 0.072222
2 0.561667 0.798333 0.050000 0.074444
2 0.486111 0.701111 0.047778 0.071111
2 0.343333 0.635000 0.044444 0.067778
2 0.351667 0.864444 0.063333 0.071111
1 0.239444 0.245556 0.056667 0.066667
1 0.523333 0.273333 0.046667 0.075556
1 0.721667 0.573889 0.058889 0.061111
1 0.587222 0.425556 0.054444 0.075556
1 0.403333 0.329444 0.051111 0.061111
1 0.442222 0.660556 0.051111 0.070000
0 0.456111 0.876111 0.063333 0.096667
0 0.676111 0.672222 0.070000 0.084444
0 0.551667 0.510556 0.063333 0.087778
0 0.487222 0.550556 0.045556 0.058889
0 0.367222 0.553333 0.063333 0.075556
0 0.271111 0.608333 0.068889 0.074444
0 0.421111 0.453333 0.051111 0.071111
0 0.592222 0.339444 0.048889 0.076667
