2 0.317778 0.061111 0.040000 0.062222
2 0.341111 0.310000 0.046667 0.042222
2 0.212222 0.474444 0.044444 0.055556
2 0.134444 0.434444 0.046667 0.053333
2 0.366667 0.686111 0.040000 0.058889
2 0.960000 0.891667 0.044444 0.058889
2 0.965556 0.957778 0.042222 0.044444
0 0.832222 0.949444 0.055556 0.067778
0 0.924444 0.920000 0.060000 0.068889
0 0.077222 0.791667 0.052222 0.052222
0 0.386111 0.181667 0.043333 0.058889
0 0.720000 0.376111 0.053333 0.067778
0 0.938889 0.350000 0.037778 0.057778
0 0.883333 0.292778 0.048889 0.061111
3 0.580556 0.046111 0.045556 0.063333
3 0.543333 0.084444 0.048889 0.048889
3 0.765556 0.184444 0.044444 0.053333
3 0.587778 0.429444 0.048889 0.054444
3 0.871111 0.393889 0.044444 0.056667
3 0.833889 0.322222 0.047778 0.048889
3 0.656111 0.925000 0.050000 0.067778
3 0.107222 0.737778 0.054444 0.066667
3 0.333889 0.361111 0.047778 0.060000
3 0.218333 0.236667 0.052222 0.062222
3 0.178889 0.234444 0.046667 0.064444
1 0.601111 0.183333 0.044444 0.062222
1 0.954444 0.254444 0.048889 0.066667
1 0.203333 0.181111 0.053333 0.051111
1 0.047778 0.078333 0.051111 0.054444
2 0.922222 0.305556 0.028889 0.046667
2 0.483889 0.514444 0.043333 0.057778
1 0.145556 0.291111 0.044444 0.053333
