2 0.648889 0.337778 0.042222 0.037778
2 0.516111 0.306111 0.045556 0.038889
2 0.505000 0.371667 0.052222 0.032222
2 0.539444 0.432222 0.056667 0.033333
2 0.531111 0.465556 0.046667 0.031111
2 0.636667 0.548889 0.046667 0.035556
2 0.650556 0.647222 0.045556 0.038889
2 0.403889 0.578333 0.047778 0.036667
2 0.348333 0.639444 0.038889 0.041111
2 0.244444 0.534444 0.042222 0.037778
2 0.772222 0.768333 0.051111 0.038889
3 0.580556 0.325556 0.054444 0.042222
3 0.733889 0.425556 0.054444 0.046667
3 0.593889 0.468889 0.045556 0.040000
3 0.459444 0.410000 0.056667 0.046667
3 0.570556 0.497222 0.050000 0.041111
3 0.545000 0.560000 0.043333 0.042222
3 0.378889 0.550000 0.051111 0.033333
3 0.213889 0.436111 0.054444 0.038889
3 0.709444 0.771667 0.054444 0.038889
3 0.477778 0.220000 0.048889 0.044444
0 0.247778 0.374444 0.046667 0.044444
0 0.296111 0.531667 0.052222 0.036667
0 0.265000 0.579444 0.058889 0.050000
0 0.423333 0.609444 0.048889 0.036667
3 0.490000 0.738889 0.055556 0.048889
0 0.257778 0.832222 0.053333 0.046667
1 0.339444 0.252222 0.054444 0.042222
1 0.276111 0.436667 0.058889 0.042222
1 0.219444 0.626111 0.047778 0.041111
1 0.247222 0.774444 0.054444 0.042222
1 0.346111 0.678333 0.054444 0.041111
0 0.298889 0.797778 0.057778 0.044444
1 0.473333 0.602778 0.044444 0.045556
