2 0.335556 0.246667 0.051111 0.060000
2 0.230556 0.298889 0.045556 0.064444
2 0.512778 0.332778 0.034444 0.063333
2 0.718333 0.415000 0.045556 0.050000
2 0.710556 0.502222 0.041111 0.053333
2 0.522778 0.573333 0.045556 0.046667
2 0.470556 0.647222 0.047778 0.050000
2 0.323333 0.526111 0.048889 0.052222
2 0.556667 0.795556 0.048889 0.048889
2 0.223889 0.548333 0.047778 0.050000
1 0.435000 0.147222 0.047778 0.065556
1 0.358333 0.591111 0.045556 0.064444
1 0.346111 0.646111 0.054444 0.052222
1 0.565000 0.689444 0.041111 0.065556
3 0.688889 0.606667 0.051111 0.048889
3 0.611667 0.533889 0.052222 0.058889
3 0.672222 0.383889 0.048889 0.058889
3 0.520000 0.451667 0.042222 0.058889
3 0.565000 0.345000 0.047778 0.070000
3 0.650000 0.272778 0.044444 0.067778
3 0.318889 0.706111 0.044444 0.050000
3 0.460000 0.485000 0.051111 0.063333
3 0.408889 0.329444 0.051111 0.061111
3 0.518889 0.216111 0.048889 0.063333
0 0.657778 0.712222 0.046667 0.057778
0 0.265556 0.751667 0.053333 0.083333
0 0.221667 0.632778 0.063333 0.058889
0 0.198889 0.493333 0.048889 0.060000
0 0.262778 0.452222 0.047778 0.062222
0 0.383889 0.457222 0.056667 0.067778
0 0.346667 0.320000 0.044444 0.066667
1 0.382778 0.704444 0.045556 0.053333
