3 0.310000 0.158889 0.037778 0.064444
3 0.250556 0.285000 0.047778 0.058889
3 0.087222 0.456667 0.054444 0.066667
3 0.918333 0.336111 0.052222 0.067778
3 0.643889 0.330000 0.043333 0.060000
3 0.580556 0.412778 0.052222 0.065556
3 0.547778 0.495000 0.046667 0.052222
3 0.492778 0.638889 0.043333 0.057778
3 0.331667 0.625556 0.052222 0.075556
3 0.321667 0.699444 0.045556 0.070000
2 0.818333 0.291111 0.043333 0.060000
2 0.950556 0.449444 0.043333 0.070000
2 0.925556 0.680000 0.044444 0.066667
2 0.653889 0.590556 0.036667 0.065556
2 0.718333 0.536667 0.041111 0.060000
2 0.340556 0.491667 0.038889 0.052222
2 0.421667 0.475000 0.041111 0.061111
2 0.529444 0.445000 0.050000 0.043333
2 0.719444 0.310000 0.047778 0.051111
0 0.056667 0.226111 0.051111 0.065556
0 0.338889 0.237778 0.053333 0.071111
0 0.537222 0.270000 0.056667 0.068889
0 0.739444 0.262222 0.047778 0.055556
0 0.701667 0.592222 0.054444 0.068889
0 0.524444 0.586667 0.057778 0.062222
0 0.382778 0.436111 0.034444 0.065556
0 0.353333 0.132778 0.051111 0.074444
1 0.305000 0.348889 0.043333 0.066667
1 0.915000 0.574444 0.056667 0.071111
1 0.713333 0.768333 0.048889 0.070000
1 0.562222 0.671667 0.053333 0.067778
1 0.232778 0.559444 0.058889 0.063333
1 0.809444 0.633333 0.050000 0.064444
