3 0.517222 0.132778 0.076667 0.087778
3 0.590556 0.212222 0.061111 0.077778
3 0.531111 0.215556 0.057778 0.077778
3 0.814444 0.201667 0.088889 0.103333
3 0.342778 0.436667 0.076667 0.091111
3 0.201667 0.330000 0.083333 0.097778
3 0.778333 0.528889 0.085556 0.091111
3 0.769444 0.710000 0.081111 0.104444
3 0.598889 0.726667 0.075556 0.102222
3 0.425556 0.916667 0.084444 0.137778
3 0.201667 0.778889 0.083333 0.124444
1 0.320000 0.185556 0.086667 0.117778
1 0.340556 0.347778 0.074444 0.086667
1 0.824444 0.651111 0.075556 0.075556
1 0.551667 0.597222 0.092222 0.090000
1 0.433889 0.593333 0.072222 0.117778
2 0.405000 0.385556 0.065556 0.100000
2 0.516111 0.322222 0.076667 0.086667
2 0.476667 0.431667 0.064444 0.096667
2 0.579444 0.292778 0.081111 0.078889
2 0.329444 0.562778 0.096667 0.094444
2 0.706667 0.507778 0.057778 0.088889
2 0.699444 0.792222 0.070000 0.115556
2 0.437778 0.786111 0.071111 0.085556
0 0.683333 0.311667 0.082222 0.096667
0 0.745000 0.413889 0.092222 0.094444
0 0.505000 0.848889 0.090000 0.120000
0 0.465556 0.192222 0.064444 0.108889
