0 0.594444 0.187778 0.073333 0.062222
0 0.460556 0.192222 0.098889 0.071111
0 0.318889 0.246667 0.102222 0.071111
0 0.625000 0.514444 0.072222 0.068889
0 0.562222 0.561111 0.073333 0.062222
0 0.454444 0.802778 0.088889 0.054444
0 0.901667 0.547222 0.065556 0.052222
2 0.518333 0.155556 0.030000 0.062222
2 0.500556 0.356667 0.083333 0.053333
2 0.397222 0.280556 0.056667 0.061111
2 0.318333 0.334444 0.094444 0.057778
2 0.681111 0.448889 0.071111 0.055556
2 0.795000 0.495556 0.054444 0.055556
2 0.708889 0.725000 0.062222 0.054444
2 0.768889 0.376111 0.060000 0.047778
3 0.574444 0.354444 0.066667 0.048889
3 0.550000 0.401111 0.080000 0.044444
3 0.707222 0.358889 0.070000 0.048889
3 0.805556 0.412778 0.075556 0.052222
3 0.848333 0.498333 0.056667 0.047778
3 0.787222 0.672222 0.067778 0.053333
3 0.713889 0.504444 0.081111 0.055556
3 0.759444 0.580000 0.050000 0.062222
3 0.529444 0.635556 0.074444 0.048889
3 0.115556 0.424444 0.106667 0.075556
1 0.476111 0.668333 0.078889 0.065556
1 0.425000 0.603889 0.081111 0.070000
1 0.444444 0.742778 0.111111 0.070000
1 0.598889 0.607778 0.062222 0.057778
1 0.701111 0.579444 0.073333 0.047778
1 0.762222 0.332778 0.046667 0.045556
1 0.551667 0.502222 0.081111 0.053333
