2 0.406111 0.356111 0.061111 0.105556
2 0.605000 0.280556 0.070000 0.094444
2 0.935000 0.296667 0.085556 0.091111
2 0.881667 0.488333 0.070000 0.090000
2 0.340000 0.543889 0.091111 0.085556
2 0.337778 0.812222 0.080000 0.108889
2 0.464444 0.758333 0.080000 0.087778
2 0.709444 0.721111 0.072222 0.113333
0 0.637222 0.376667 0.081111 0.104444
0 0.542778 0.816111 0.096667 0.127778
0 0.758333 0.346667 0.090000 0.095556
0 0.692222 0.236111 0.097778 0.101111
1 0.307222 0.142778 0.083333 0.114444
1 0.335556 0.318889 0.082222 0.084444
1 0.188333 0.526667 0.090000 0.088889
1 0.448889 0.560556 0.084444 0.123333
1 0.763889 0.477778 0.076667 0.097778
1 0.567222 0.551667 0.081111 0.090000
3 0.188333 0.317778 0.092222 0.102222
3 0.231111 0.188333 0.077778 0.123333
3 0.462778 0.214444 0.083333 0.115556
3 0.665000 0.516667 0.098889 0.131111
3 0.628333 0.675000 0.081111 0.105556
3 0.793889 0.668889 0.085556 0.117778
3 0.918333 0.399444 0.096667 0.105556
3 0.342778 0.413333 0.085556 0.093333
3 0.248333 0.777222 0.085556 0.130000
