2 0.407222 0.361667 0.038889 0.045556
2 0.306667 0.265556 0.031111 0.051111
2 0.351667 0.212778 0.036667 0.047778
2 0.316667 0.206667 0.040000 0.046667
2 0.766667 0.261667 0.048889 0.054444
2 0.048333 0.436111 0.043333 0.052222
2 0.446111 0.955556 0.050000 0.055556
2 0.734444 0.896667 0.044444 0.055556
2 0.597778 0.915000 0.033333 0.058889
0 0.380000 0.152778 0.044444 0.045556
0 0.336667 0.156667 0.042222 0.046667
0 0.277778 0.328333 0.046667 0.063333
0 0.510556 0.935556 0.045556 0.062222
0 0.534444 0.878333 0.048889 0.054444
3 0.568889 0.232222 0.037778 0.053333
3 0.411111 0.194444 0.044444 0.044444
3 0.267222 0.266111 0.043333 0.047778
3 0.436667 0.637222 0.044444 0.065556
3 0.028889 0.478333 0.053333 0.061111
3 0.446111 0.822222 0.038889 0.068889
3 0.641111 0.941667 0.051111 0.058889
3 0.625556 0.880556 0.037778 0.056667
3 0.373889 0.940556 0.050000 0.076667
3 0.821667 0.941667 0.052222 0.056667
3 0.050556 0.950556 0.054444 0.070000
3 0.018333 0.928889 0.034444 0.077778
3 0.017778 0.796667 0.033333 0.073333
1 0.333333 0.332222 0.048889 0.057778
1 0.025556 0.722778 0.048889 0.067778
1 0.570556 0.951667 0.043333 0.058889
