1 0.534444 0.144444 0.060000 0.064444
1 0.942222 0.429444 0.053333 0.065556
1 0.877778 0.032778 0.048889 0.063333
0 0.695556 0.667222 0.062222 0.072222
0 0.608889 0.296111 0.060000 0.081111
0 0.779444 0.217222 0.047778 0.067778
0 0.823889 0.270000 0.052222 0.071111
3 0.793333 0.330000 0.051111 0.060000
3 0.731111 0.175000 0.046667 0.058889
3 0.605000 0.243333 0.054444 0.031111
0 0.977222 0.390556 0.045556 0.065556
2 0.646667 0.513889 0.053333 0.067778
2 0.738889 0.242222 0.046667 0.071111
2 0.866111 0.202222 0.043333 0.066667
2 0.890000 0.135556 0.053333 0.060000
2 0.953333 0.180556 0.053333 0.054444
2 0.937778 0.121111 0.037778 0.071111
2 0.969444 0.127222 0.034444 0.050000
3 0.947778 0.041667 0.046667 0.067778
