3 0.635556 0.147778 0.048889 0.057778
3 0.385000 0.318889 0.054444 0.071111
3 0.678333 0.426667 0.056667 0.075556
3 0.503889 0.566111 0.065556 0.072222
3 0.308889 0.598333 0.055556 0.063333
3 0.557778 0.732778 0.053333 0.076667
2 0.842778 0.588889 0.054444 0.066667
2 0.807222 0.612778 0.052222 0.063333
2 0.526667 0.501667 0.051111 0.056667
2 0.386111 0.542222 0.056667 0.066667
2 0.371667 0.674444 0.050000 0.071111
2 0.406111 0.739444 0.054444 0.056667
2 0.287778 0.761667 0.062222 0.058889
1 0.506111 0.283889 0.045556 0.070000
1 0.640000 0.777778 0.051111 0.077778
1 0.321667 0.703333 0.061111 0.080000
1 0.511111 0.640000 0.062222 0.066667
0 0.579444 0.398333 0.058889 0.072222
0 0.284444 0.522222 0.055556 0.068889
0 0.590556 0.576111 0.056667 0.065556
0 0.735556 0.681111 0.068889 0.086667
