3 0.433889 0.176111 0.056667 0.072222
3 0.474444 0.327778 0.048889 0.057778
3 0.325000 0.376667 0.052222 0.055556
3 0.592778 0.393333 0.050000 0.055556
3 0.771667 0.570556 0.056667 0.072222
3 0.650000 0.588889 0.064444 0.073333
3 0.707778 0.790000 0.057778 0.077778
3 0.281667 0.751111 0.063333 0.071111
3 0.260000 0.702778 0.055556 0.058889
0 0.230000 0.352778 0.057778 0.072222
0 0.158333 0.463889 0.050000 0.078889
0 0.206667 0.485000 0.055556 0.078889
0 0.546111 0.665556 0.054444 0.077778
0 0.378333 0.773889 0.063333 0.078889
0 0.626111 0.855556 0.052222 0.082222
0 0.666111 0.372222 0.056667 0.082222
0 0.625000 0.450000 0.058889 0.060000
2 0.341111 0.262778 0.048889 0.063333
2 0.387778 0.421667 0.044444 0.067778
2 0.417778 0.541111 0.044444 0.064444
2 0.549444 0.476667 0.038889 0.066667
2 0.731111 0.318889 0.053333 0.060000
2 0.747222 0.407222 0.047778 0.061111
2 0.630556 0.509444 0.050000 0.054444
2 0.743333 0.699444 0.051111 0.061111
2 0.473333 0.702778 0.053333 0.058889
2 0.512778 0.836111 0.058889 0.063333
1 0.335556 0.513889 0.060000 0.063333
1 0.217778 0.618889 0.055556 0.071111
1 0.387222 0.617778 0.058889 0.073333
1 0.448889 0.783889 0.055556 0.078889
2 0.235000 0.764444 0.043333 0.068889
