2 0.541111 0.081667 0.046667 0.041111
2 0.549444 0.175556 0.045556 0.044444
2 0.205556 0.206667 0.051111 0.044444
2 0.583333 0.350556 0.042222 0.041111
2 0.670556 0.303333 0.050000 0.046667
2 0.544444 0.605000 0.051111 0.038889
2 0.038889 0.273889 0.060000 0.032222
2 0.036111 0.243889 0.065556 0.027778
1 0.717222 0.648333 0.063333 0.041111
1 0.469444 0.596667 0.052222 0.044444
1 0.028333 0.665000 0.054444 0.054444
1 0.633333 0.329444 0.055556 0.045556
1 0.977222 0.459444 0.045556 0.041111
1 0.582222 0.562222 0.057778 0.044444
0 0.962778 0.331111 0.070000 0.048889
0 0.656667 0.165556 0.060000 0.051111
0 0.405000 0.301111 0.061111 0.051111
0 0.271667 0.178889 0.063333 0.044444
0 0.032222 0.203889 0.060000 0.038889
0 0.505000 0.420556 0.056667 0.045556
0 0.580556 0.457778 0.065556 0.048889
0 0.498333 0.185556 0.052222 0.037778
3 0.476667 0.294444 0.044444 0.044444
3 0.642778 0.483333 0.061111 0.037778
3 0.606667 0.507778 0.051111 0.037778
3 0.570000 0.656111 0.051111 0.038889
3 0.504444 0.653333 0.051111 0.048889
3 0.440556 0.640556 0.056667 0.050000
3 0.094444 0.657778 0.062222 0.040000
3 0.977222 0.371667 0.045556 0.043333
3 0.121667 0.891111 0.067778 0.048889
3 0.976667 0.271667 0.046667 0.045556
