1 0.348889 0.392222 0.046667 0.040000
1 0.910000 0.389444 0.044444 0.041111
1 0.908333 0.522222 0.058889 0.044444
1 0.732778 0.886111 0.058889 0.052222
0 0.259444 0.147222 0.052222 0.045556
0 0.157778 0.180556 0.053333 0.054444
0 0.410000 0.358889 0.057778 0.048889
0 0.392778 0.408889 0.043333 0.037778
0 0.572778 0.406667 0.056667 0.048889
0 0.585556 0.125556 0.046667 0.040000
0 0.968889 0.387778 0.062222 0.044444
1 0.323889 0.418333 0.052222 0.036667
2 0.102778 0.165000 0.045556 0.041111
2 0.317778 0.126111 0.044444 0.041111
2 0.685000 0.112222 0.050000 0.042222
2 0.690556 0.272222 0.047778 0.035556
2 0.947222 0.584444 0.054444 0.040000
2 0.967222 0.303333 0.056667 0.051111
0 0.931667 0.186111 0.063333 0.043333
2 0.065556 0.685556 0.060000 0.040000
2 0.065556 0.850556 0.057778 0.043333
3 0.139444 0.238889 0.054444 0.040000
3 0.296111 0.346667 0.047778 0.035556
3 0.313333 0.312222 0.066667 0.035556
3 0.642778 0.357222 0.058889 0.036667
3 0.480000 0.348333 0.048889 0.036667
3 0.759444 0.538889 0.054444 0.044444
3 0.962222 0.428889 0.060000 0.037778
3 0.962778 0.516111 0.056667 0.036667
1 0.979444 0.698889 0.041111 0.042222
3 0.841111 0.221111 0.057778 0.033333
3 0.951111 0.149444 0.055556 0.034444
