1 0.413333 0.100000 0.051111 0.060000
1 0.846111 0.363333 0.056667 0.075556
1 0.667222 0.472222 0.043333 0.057778
1 0.646667 0.534444 0.048889 0.062222
1 0.427222 0.556111 0.047778 0.063333
3 0.648333 0.176667 0.047778 0.053333
3 0.748889 0.297222 0.060000 0.074444
3 0.709444 0.401667 0.052222 0.063333
3 0.602778 0.465556 0.056667 0.062222
3 0.767778 0.730000 0.066667 0.075556
3 0.380556 0.767778 0.050000 0.077778
3 0.441667 0.618889 0.052222 0.064444
3 0.296667 0.454444 0.051111 0.064444
3 0.270000 0.375556 0.037778 0.071111
2 0.390556 0.156111 0.056667 0.050000
2 0.666667 0.236111 0.051111 0.052222
2 0.658889 0.368333 0.037778 0.063333
2 0.528889 0.367778 0.051111 0.060000
2 0.436667 0.483333 0.040000 0.066667
2 0.491111 0.581111 0.048889 0.053333
2 0.482778 0.669444 0.056667 0.050000
2 0.451111 0.720556 0.051111 0.063333
2 0.637222 0.773333 0.045556 0.071111
0 0.316667 0.386667 0.057778 0.071111
0 0.491667 0.485000 0.056667 0.085556
0 0.612222 0.345556 0.057778 0.075556
0 0.316111 0.032222 0.056667 0.062222
0 0.771667 0.619444 0.058889 0.076667
0 0.689444 0.817222 0.065556 0.083333
0 0.593889 0.802778 0.052222 0.081111
0 0.456111 0.958889 0.061111 0.077778
3 0.289444 0.522222 0.058889 0.062222
