1 0.395000 0.534444 0.054444 0.055556
1 0.690556 0.380556 0.054444 0.056667
3 0.960556 0.110556 0.061111 0.074444
3 0.941111 0.015556 0.053333 0.028889
3 0.452778 0.436111 0.047778 0.065556
3 0.478333 0.508889 0.045556 0.060000
3 0.080000 0.973333 0.064444 0.053333
2 0.835000 0.371667 0.054444 0.056667
2 0.227222 0.475556 0.058889 0.057778
2 0.288889 0.503889 0.048889 0.065556
2 0.621667 0.666667 0.058889 0.062222
0 0.275000 0.412222 0.061111 0.068889
0 0.671667 0.477222 0.054444 0.061111
0 0.408889 0.618889 0.062222 0.086667
0 0.513333 0.545000 0.051111 0.067778
0 0.870556 0.282222 0.058889 0.060000
0 0.858333 0.425556 0.056667 0.068889
