1 0.399444 0.098889 0.056667 0.066667
1 0.371667 0.516667 0.052222 0.064444
1 0.356111 0.577778 0.045556 0.051111
1 0.325000 0.634444 0.052222 0.062222
1 0.557778 0.729444 0.048889 0.067778
1 0.736111 0.031111 0.056667 0.060000
0 0.648333 0.205000 0.050000 0.058889
0 0.572222 0.279444 0.051111 0.058889
0 0.403889 0.333333 0.056667 0.077778
0 0.375000 0.437778 0.058889 0.080000
0 0.484444 0.458889 0.051111 0.075556
0 0.437222 0.582778 0.043333 0.070000
0 0.372222 0.661111 0.046667 0.064444
0 0.858333 0.462778 0.058889 0.061111
2 0.773333 0.263333 0.048889 0.048889
2 0.705556 0.278889 0.044444 0.064444
2 0.449444 0.258333 0.050000 0.050000
2 0.267222 0.346111 0.043333 0.065556
2 0.613889 0.505556 0.054444 0.057778
2 0.913889 0.514444 0.041111 0.057778
2 0.780000 0.750556 0.053333 0.058889
2 0.453889 0.850000 0.050000 0.060000
3 0.285000 0.267778 0.056667 0.068889
3 0.310000 0.374444 0.053333 0.075556
3 0.561111 0.340000 0.055556 0.062222
3 0.842222 0.568333 0.060000 0.063333
3 0.869444 0.515556 0.045556 0.046667
3 0.481667 0.588333 0.041111 0.065556
3 0.265000 0.585556 0.045556 0.064444
3 0.155556 0.567222 0.048889 0.072222
3 0.606111 0.788889 0.047778 0.060000
3 0.397778 0.598333 0.035556 0.070000
