3 0.646667 0.060556 0.060000 0.065556
3 0.805556 0.133889 0.057778 0.063333
3 0.643333 0.231667 0.055556 0.067778
3 0.650000 0.318333 0.064444 0.081111
3 0.546111 0.601111 0.063333 0.068889
3 0.727778 0.736667 0.048889 0.075556
3 0.657222 0.779444 0.072222 0.067778
3 0.370000 0.613333 0.055556 0.060000
3 0.465000 0.613333 0.043333 0.042222
3 0.341667 0.448333 0.047778 0.058889
1 0.596667 0.883333 0.066667 0.082222
1 0.555000 0.531667 0.052222 0.061111
2 0.649444 0.710556 0.061111 0.065556
2 0.671111 0.600556 0.042222 0.058889
2 0.768889 0.480000 0.057778 0.068889
2 0.410000 0.509444 0.046667 0.056667
2 0.346667 0.514444 0.048889 0.053333
2 0.841667 0.343333 0.050000 0.064444
2 0.681111 0.192778 0.048889 0.047778
2 0.542222 0.716111 0.026667 0.052222
0 0.710000 0.652222 0.055556 0.080000
0 0.796667 0.363333 0.064444 0.073333
0 0.728333 0.141111 0.072222 0.075556
0 0.492222 0.679444 0.042222 0.041111
