2 0.885000 0.277778 0.047778 0.042222
2 0.581667 0.451111 0.058889 0.033333
2 0.382778 0.286111 0.043333 0.043333
2 0.537778 0.565556 0.046667 0.042222
2 0.832222 0.561111 0.048889 0.033333
2 0.843333 0.592778 0.046667 0.034444
2 0.830556 0.675000 0.054444 0.038889
2 0.674444 0.617222 0.060000 0.036667
2 0.641111 0.799444 0.048889 0.041111
2 0.551111 0.692778 0.048889 0.032222
2 0.476667 0.739444 0.051111 0.038889
3 0.650000 0.303333 0.044444 0.040000
3 0.832222 0.278333 0.060000 0.047778
3 0.466667 0.337222 0.048889 0.050000
3 0.441667 0.436111 0.063333 0.050000
3 0.323889 0.369444 0.054444 0.052222
3 0.276111 0.497778 0.063333 0.044444
3 0.590000 0.584444 0.048889 0.046667
3 0.310556 0.581111 0.058889 0.040000
3 0.624444 0.752778 0.053333 0.038889
0 0.518889 0.223333 0.071111 0.053333
0 0.833889 0.341667 0.065556 0.050000
0 0.577778 0.533333 0.064444 0.044444
0 0.597222 0.670000 0.050000 0.048889
0 0.644444 0.686667 0.048889 0.051111
0 0.593333 0.712222 0.046667 0.042222
0 0.401667 0.752778 0.058889 0.047778
3 0.683333 0.551111 0.060000 0.042222
1 0.077778 0.122778 0.073333 0.054444
1 0.376667 0.383889 0.046667 0.052222
1 0.659444 0.580000 0.045556 0.035556
1 0.483333 0.612222 0.053333 0.044444
1 0.251111 0.571667 0.066667 0.041111
1 0.457778 0.772778 0.053333 0.043333
