3 0.291667 0.146111 0.043333 0.058889
3 0.446667 0.156667 0.042222 0.055556
3 0.537778 0.146111 0.042222 0.061111
3 0.682222 0.465556 0.044444 0.060000
3 0.513333 0.458333 0.044444 0.052222
0 0.650000 0.380556 0.042222 0.052222
3 0.395556 0.421667 0.044444 0.054444
3 0.320000 0.511111 0.044444 0.053333
3 0.541667 0.619444 0.045556 0.067778
3 0.058889 0.602778 0.048889 0.067778
3 0.320556 0.596667 0.050000 0.060000
0 0.437778 0.276111 0.051111 0.063333
0 0.656667 0.320000 0.048889 0.057778
0 0.655556 0.261667 0.042222 0.052222
0 0.652222 0.208333 0.040000 0.056667
0 0.885556 0.397222 0.046667 0.056667
0 0.707778 0.699444 0.048889 0.056667
0 0.693333 0.826667 0.048889 0.064444
0 0.448889 0.557222 0.055556 0.063333
2 0.568333 0.197778 0.027778 0.055556
2 0.601111 0.217222 0.037778 0.054444
2 0.603333 0.293333 0.037778 0.048889
2 0.344444 0.278889 0.037778 0.053333
2 0.880000 0.660000 0.046667 0.053333
2 0.759444 0.762778 0.043333 0.052222
2 0.723333 0.886667 0.040000 0.062222
2 0.670556 0.895000 0.041111 0.065556
1 0.693333 0.106111 0.042222 0.054444
1 0.687222 0.188889 0.034444 0.053333
1 0.500556 0.377778 0.045556 0.053333
1 0.744444 0.845000 0.042222 0.056667
2 0.170000 0.357778 0.042222 0.057778
