0 0.410000 0.245556 0.055556 0.051111
0 0.367778 0.343889 0.055556 0.054444
0 0.585000 0.371667 0.052222 0.070000
0 0.702222 0.400000 0.055556 0.060000
0 0.730556 0.458889 0.058889 0.068889
0 0.304444 0.543889 0.064444 0.067778
2 0.177778 0.463333 0.053333 0.071111
2 0.476111 0.799444 0.043333 0.074444
2 0.318333 0.832222 0.065556 0.071111
2 0.674444 0.495000 0.055556 0.058889
2 0.782222 0.491111 0.053333 0.055556
2 0.643333 0.426111 0.042222 0.065556
2 0.434444 0.384444 0.048889 0.064444
2 0.609444 0.326667 0.045556 0.046667
3 0.546111 0.075000 0.047778 0.065556
3 0.501667 0.170000 0.047778 0.053333
3 0.353333 0.241667 0.048889 0.063333
3 0.814444 0.315000 0.055556 0.054444
3 0.536111 0.343889 0.041111 0.054444
3 0.486111 0.363333 0.047778 0.064444
3 0.427222 0.302778 0.054444 0.054444
3 0.741111 0.542778 0.053333 0.067778
3 0.362778 0.545556 0.045556 0.060000
3 0.303333 0.610000 0.057778 0.060000
3 0.503333 0.881667 0.057778 0.074444
1 0.615556 0.267778 0.042222 0.060000
1 0.533889 0.222222 0.043333 0.062222
1 0.545000 0.285000 0.052222 0.056667
1 0.905000 0.440556 0.054444 0.061111
1 0.388333 0.400556 0.043333 0.056667
1 0.330000 0.289444 0.044444 0.056667
