2 0.379444 0.137222 0.041111 0.050000
2 0.275000 0.247778 0.041111 0.051111
2 0.166667 0.351111 0.046667 0.044444
2 0.386667 0.456111 0.040000 0.045556
2 0.502222 0.412778 0.044444 0.043333
2 0.394444 0.540000 0.037778 0.062222
2 0.331111 0.530556 0.037778 0.047778
2 0.583333 0.611111 0.028889 0.053333
2 0.467778 0.708333 0.037778 0.052222
2 0.359444 0.715556 0.041111 0.048889
2 0.498889 0.891111 0.040000 0.060000
3 0.751667 0.380000 0.047778 0.060000
3 0.611111 0.438889 0.037778 0.053333
3 0.530556 0.364444 0.041111 0.057778
3 0.435000 0.337778 0.047778 0.060000
0 0.682778 0.605556 0.043333 0.057778
3 0.641667 0.583333 0.038889 0.053333
3 0.512778 0.548889 0.043333 0.044444
3 0.458889 0.590556 0.035556 0.052222
3 0.228889 0.370556 0.055556 0.056667
3 0.181667 0.511667 0.054444 0.054444
0 0.727222 0.687778 0.047778 0.055556
0 0.547778 0.607222 0.040000 0.061111
0 0.432222 0.538889 0.046667 0.066667
0 0.430556 0.437222 0.050000 0.063333
0 0.222778 0.639444 0.047778 0.063333
0 0.340000 0.612222 0.055556 0.066667
0 0.536667 0.468333 0.046667 0.050000
1 0.422222 0.726111 0.046667 0.061111
1 0.288889 0.525000 0.046667 0.063333
1 0.663333 0.544444 0.037778 0.048889
1 0.371111 0.765000 0.044444 0.050000
