0 0.701111 0.138333 0.042222 0.063333
0 0.844444 0.371111 0.048889 0.057778
0 0.659444 0.486111 0.054444 0.067778
0 0.590000 0.536667 0.051111 0.051111
0 0.561667 0.447778 0.043333 0.055556
0 0.381111 0.601111 0.048889 0.060000
0 0.166111 0.400556 0.052222 0.061111
0 0.323889 0.406667 0.047778 0.051111
2 0.657222 0.667778 0.043333 0.057778
2 0.493333 0.784444 0.046667 0.048889
2 0.400000 0.856111 0.042222 0.067778
2 0.467778 0.439444 0.042222 0.050000
2 0.447222 0.374444 0.047778 0.042222
2 0.317222 0.457222 0.050000 0.043333
2 0.299444 0.267222 0.036667 0.047778
2 0.366667 0.138333 0.037778 0.050000
2 0.498889 0.151111 0.035556 0.048889
2 0.576111 0.220000 0.032222 0.055556
2 0.263889 0.177778 0.045556 0.040000
3 0.650000 0.741111 0.042222 0.060000
3 0.581667 0.965000 0.041111 0.061111
3 0.497778 0.878333 0.037778 0.072222
3 0.544444 0.898333 0.053333 0.070000
3 0.864444 0.429444 0.055556 0.063333
3 0.721111 0.196111 0.042222 0.056667
3 0.608889 0.220556 0.035556 0.065556
3 0.386111 0.258333 0.045556 0.054444
3 0.381111 0.310556 0.044444 0.052222
1 0.556111 0.832222 0.047778 0.064444
1 0.543889 0.398333 0.041111 0.054444
1 0.427222 0.270556 0.041111 0.067778
1 0.268889 0.221111 0.051111 0.051111
1 0.250556 0.465556 0.045556 0.062222
1 0.447222 0.837778 0.045556 0.062222
