0 0.620000 0.146667 0.051111 0.073333
0 0.448889 0.077222 0.055556 0.065556
0 0.787222 0.275556 0.054444 0.080000
0 0.420556 0.364444 0.056667 0.080000
0 0.802778 0.518333 0.047778 0.065556
0 0.569444 0.900556 0.052222 0.054444
3 0.452222 0.190556 0.051111 0.076667
3 0.558889 0.226111 0.048889 0.058889
3 0.335000 0.250000 0.054444 0.077778
3 0.708333 0.485556 0.047778 0.062222
3 0.505556 0.538889 0.055556 0.073333
3 0.549444 0.622778 0.043333 0.067778
3 0.703333 0.650000 0.051111 0.057778
3 0.607222 0.695000 0.047778 0.061111
3 0.402778 0.720000 0.052222 0.071111
3 0.729444 0.753889 0.050000 0.065556
2 0.709444 0.216667 0.050000 0.053333
2 0.534444 0.323889 0.044444 0.052222
2 0.817222 0.423889 0.050000 0.061111
2 0.561667 0.522778 0.036667 0.052222
2 0.619444 0.508889 0.050000 0.051111
2 0.478889 0.724444 0.048889 0.060000
2 0.505000 0.831667 0.045556 0.054444
2 0.642778 0.791667 0.041111 0.058889
2 0.763889 0.590556 0.041111 0.061111
1 0.688333 0.388333 0.045556 0.074444
1 0.361111 0.478889 0.053333 0.060000
1 0.416111 0.567222 0.054444 0.065556
1 0.292778 0.568333 0.054444 0.061111
1 0.323889 0.800556 0.045556 0.074444
1 0.413889 0.880556 0.054444 0.067778
