3 0.550556 0.159444 0.045556 0.063333
3 0.499444 0.281667 0.045556 0.063333
3 0.375000 0.311111 0.056667 0.062222
3 0.631111 0.411667 0.044444 0.061111
3 0.313333 0.510000 0.057778 0.064444
3 0.217222 0.616111 0.061111 0.070000
3 0.482778 0.757778 0.061111 0.073333
3 0.710556 0.727222 0.058889 0.063333
3 0.601111 0.601667 0.057778 0.081111
3 0.568333 0.672222 0.045556 0.071111
2 0.433333 0.583889 0.048889 0.058889
2 0.346111 0.596667 0.054444 0.057778
2 0.372222 0.676667 0.055556 0.060000
2 0.508889 0.638889 0.048889 0.071111
2 0.307222 0.634444 0.054444 0.071111
2 0.431111 0.449444 0.040000 0.065556
2 0.588889 0.407222 0.040000 0.081111
2 0.428333 0.386111 0.043333 0.065556
1 0.748333 0.531667 0.052222 0.065556
1 0.552778 0.518889 0.056667 0.073333
1 0.441111 0.257222 0.046667 0.050000
1 0.903889 0.081667 0.054444 0.056667
1 0.161667 0.700556 0.070000 0.076667
0 0.230556 0.501667 0.058889 0.072222
0 0.377778 0.486111 0.051111 0.074444
0 0.470000 0.413333 0.046667 0.060000
0 0.451111 0.313889 0.053333 0.058889
0 0.739444 0.346111 0.058889 0.085556
0 0.741667 0.601111 0.065556 0.075556
0 0.656111 0.767222 0.056667 0.090000
0 0.711667 0.798333 0.072222 0.081111
0 0.601667 0.325556 0.058889 0.064444
2 0.550556 0.750556 0.050000 0.076667
