3 0.595556 0.095000 0.055556 0.065556
3 0.534444 0.200556 0.044444 0.063333
3 0.202778 0.217222 0.052222 0.061111
3 0.124444 0.411667 0.064444 0.078889
3 0.403889 0.555000 0.058889 0.072222
3 0.538333 0.464444 0.052222 0.062222
3 0.666667 0.424444 0.048889 0.064444
3 0.385556 0.274444 0.051111 0.057778
0 0.129444 0.774444 0.070000 0.091111
0 0.315556 0.687778 0.077778 0.086667
0 0.483889 0.637778 0.067778 0.100000
0 0.603889 0.706111 0.054444 0.087778
3 0.822778 0.650556 0.061111 0.094444
0 0.670556 0.626111 0.061111 0.078889
0 0.802778 0.450556 0.045556 0.065556
0 0.702778 0.227778 0.050000 0.073333
0 0.243333 0.483889 0.057778 0.072222
0 0.285556 0.445000 0.048889 0.067778
2 0.543333 0.336111 0.051111 0.067778
2 0.758333 0.329444 0.050000 0.047778
2 0.797222 0.296111 0.054444 0.056667
2 0.471111 0.384444 0.057778 0.062222
2 0.373333 0.355556 0.048889 0.060000
2 0.317222 0.360000 0.047778 0.055556
2 0.445000 0.498889 0.047778 0.068889
2 0.327222 0.501111 0.043333 0.068889
1 0.291667 0.175556 0.052222 0.066667
1 0.662222 0.270556 0.051111 0.063333
1 0.775556 0.202222 0.055556 0.064444
1 0.722778 0.176667 0.041111 0.046667
1 0.438889 0.173333 0.044444 0.066667
1 0.658889 0.720000 0.055556 0.077778
