0 0.600000 0.029444 0.073333 0.054444
0 0.567222 0.075000 0.063333 0.050000
0 0.852222 0.376667 0.057778 0.051111
0 0.207222 0.148889 0.074444 0.055556
0 0.137222 0.560556 0.087778 0.065556
0 0.463889 0.308333 0.065556 0.047778
0 0.493333 0.186667 0.057778 0.044444
0 0.459444 0.140000 0.063333 0.053333
3 0.417778 0.060000 0.071111 0.053333
3 0.377778 0.277222 0.062222 0.043333
3 0.317222 0.310000 0.058889 0.044444
3 0.478889 0.264444 0.060000 0.053333
3 0.258333 0.450000 0.072222 0.057778
3 0.401111 0.503333 0.066667 0.044444
3 0.033333 0.552778 0.064444 0.056667
3 0.380000 0.790000 0.066667 0.062222
0 0.627778 0.705556 0.071111 0.064444
2 0.301667 0.240556 0.056667 0.047778
2 0.110000 0.315556 0.057778 0.048889
2 0.114444 0.441667 0.064444 0.045556
2 0.200000 0.443333 0.048889 0.053333
2 0.483889 0.353333 0.058889 0.044444
2 0.593333 0.227778 0.051111 0.046667
2 0.593889 0.150556 0.061111 0.041111
3 0.555000 0.188889 0.065556 0.053333
1 0.352778 0.343889 0.067778 0.043333
1 0.523889 0.230000 0.061111 0.046667
1 0.471667 0.508889 0.076667 0.048889
1 0.528333 0.398889 0.058889 0.048889
1 0.797222 0.401667 0.052222 0.052222
2 0.357778 0.590556 0.066667 0.038889
