3 0.243333 0.181111 0.048889 0.060000
3 0.268333 0.331111 0.063333 0.068889
3 0.562778 0.182778 0.050000 0.056667
3 0.562222 0.316111 0.037778 0.065556
3 0.718889 0.407778 0.048889 0.068889
3 0.712778 0.345556 0.052222 0.053333
3 0.561667 0.651111 0.050000 0.075556
3 0.455556 0.817222 0.051111 0.067778
3 0.276111 0.692778 0.045556 0.063333
2 0.854444 0.063889 0.048889 0.063333
2 0.865000 0.309444 0.050000 0.067778
2 0.743889 0.261111 0.043333 0.057778
2 0.664444 0.516667 0.035556 0.057778
2 0.627222 0.506667 0.038889 0.066667
2 0.528889 0.548333 0.057778 0.050000
2 0.441667 0.531111 0.047778 0.068889
2 0.528889 0.454444 0.040000 0.057778
2 0.345000 0.437222 0.050000 0.058889
2 0.381111 0.295000 0.031111 0.054444
2 0.415556 0.304444 0.044444 0.060000
2 0.335000 0.576667 0.050000 0.053333
0 0.378333 0.627778 0.050000 0.064444
0 0.296667 0.631111 0.053333 0.064444
0 0.782222 0.555556 0.044444 0.064444
0 0.745556 0.626667 0.055556 0.082222
0 0.492222 0.425000 0.044444 0.061111
0 0.647222 0.353889 0.050000 0.054444
0 0.676111 0.220000 0.045556 0.060000
0 0.478889 0.234444 0.044444 0.051111
3 0.717778 0.196667 0.048889 0.057778
1 0.692778 0.561111 0.047778 0.048889
1 0.676111 0.670000 0.056667 0.068889
0 0.157778 0.640000 0.062222 0.066667
1 0.657222 0.406667 0.050000 0.055556
