0 0.382778 0.132778 0.058889 0.076667
0 0.578889 0.395556 0.057778 0.086667
0 0.298333 0.586667 0.056667 0.071111
0 0.457778 0.742222 0.053333 0.066667
0 0.590556 0.842778 0.065556 0.083333
3 0.290556 0.257778 0.061111 0.071111
3 0.380000 0.028333 0.044444 0.054444
3 0.071667 0.107778 0.047778 0.064444
3 0.138889 0.138889 0.042222 0.064444
3 0.582778 0.653333 0.063333 0.077778
3 0.770000 0.886667 0.048889 0.068889
3 0.373333 0.981111 0.051111 0.037778
2 0.657778 0.455556 0.053333 0.071111
2 0.168889 0.028333 0.057778 0.052222
2 0.180556 0.178333 0.043333 0.063333
2 0.145556 0.263889 0.042222 0.063333
2 0.026111 0.301111 0.050000 0.060000
2 0.155000 0.448889 0.052222 0.064444
2 0.081111 0.027778 0.046667 0.053333
1 0.188889 0.264444 0.051111 0.066667
0 0.240000 0.198889 0.057778 0.064444
1 0.831111 0.973889 0.055556 0.052222
1 0.907778 0.825556 0.053333 0.077778
2 0.987778 0.488333 0.024444 0.067778
