3 0.661111 0.124444 0.048889 0.057778
3 0.430556 0.265000 0.050000 0.067778
3 0.288889 0.332778 0.053333 0.063333
3 0.543889 0.424444 0.047778 0.044444
3 0.350000 0.491667 0.042222 0.043333
3 0.623889 0.560556 0.038889 0.061111
3 0.695556 0.595556 0.033333 0.046667
3 0.660556 0.625000 0.043333 0.054444
3 0.299444 0.595556 0.050000 0.066667
3 0.911111 0.371667 0.040000 0.058889
2 0.532222 0.022222 0.051111 0.042222
2 0.537222 0.323889 0.043333 0.054444
2 0.462222 0.386111 0.046667 0.056667
2 0.436111 0.413889 0.041111 0.047778
2 0.682778 0.425000 0.043333 0.043333
2 0.600000 0.677778 0.040000 0.037778
2 0.468333 0.820556 0.043333 0.050000
2 0.906111 0.884444 0.045556 0.053333
1 0.840000 0.401111 0.048889 0.055556
1 0.410000 0.584444 0.042222 0.062222
1 0.376667 0.536667 0.046667 0.060000
1 0.622778 0.636667 0.038889 0.055556
1 0.473333 0.775556 0.046667 0.044444
1 0.921667 0.120000 0.043333 0.055556
0 0.613333 0.293889 0.048889 0.070000
0 0.724444 0.410556 0.042222 0.045556
0 0.672778 0.516667 0.045556 0.044444
0 0.663889 0.567778 0.038889 0.057778
0 0.449444 0.578333 0.038889 0.056667
0 0.387222 0.658333 0.047778 0.056667
0 0.569444 0.639444 0.043333 0.052222
0 0.633889 0.701111 0.043333 0.060000
