0 0.171667 0.222222 0.090000 0.071111
0 0.298333 0.370556 0.067778 0.063333
0 0.729444 0.285556 0.065556 0.057778
0 0.911667 0.327778 0.070000 0.053333
0 0.726667 0.497222 0.068889 0.052222
0 0.565556 0.609444 0.064444 0.050000
0 0.807222 0.663333 0.076667 0.057778
1 0.218333 0.287778 0.072222 0.060000
1 0.633333 0.273333 0.075556 0.055556
1 0.500556 0.487222 0.061111 0.056667
1 0.587778 0.830000 0.077778 0.062222
1 0.835556 0.386111 0.064444 0.047778
1 0.532778 0.676111 0.065556 0.052222
3 0.440556 0.292222 0.081111 0.057778
3 0.632778 0.428333 0.063333 0.056667
3 0.480000 0.538889 0.060000 0.048889
3 0.217222 0.443333 0.061111 0.051111
3 0.323333 0.549444 0.064444 0.045556
3 0.301667 0.593889 0.072222 0.052222
3 0.294444 0.658333 0.080000 0.052222
3 0.386667 0.602778 0.071111 0.052222
3 0.127778 0.526111 0.075556 0.045556
3 0.636111 0.679444 0.063333 0.058889
2 0.443333 0.646111 0.066667 0.047778
2 0.609444 0.505556 0.054444 0.044444
2 0.578333 0.533333 0.052222 0.046667
2 0.540556 0.567778 0.061111 0.037778
2 0.780556 0.488889 0.043333 0.044444
2 0.802778 0.458889 0.056667 0.044444
2 0.401111 0.436667 0.077778 0.037778
2 0.440000 0.470000 0.057778 0.040000
2 0.415556 0.547778 0.064444 0.044444
2 0.540000 0.786111 0.057778 0.045556
2 0.171667 0.167778 0.085556 0.037778
