2 0.277222 0.389444 0.052222 0.052222
2 0.645000 0.411667 0.043333 0.052222
2 0.683889 0.486667 0.043333 0.053333
2 0.712778 0.546111 0.047778 0.045556
2 0.689444 0.567778 0.038889 0.048889
2 0.621667 0.523333 0.047778 0.040000
2 0.551667 0.583889 0.047778 0.054444
2 0.441667 0.828889 0.047778 0.055556
3 0.656111 0.087222 0.043333 0.063333
3 0.611111 0.191111 0.051111 0.053333
3 0.422222 0.112222 0.053333 0.062222
3 0.480000 0.310000 0.042222 0.073333
3 0.835000 0.383333 0.047778 0.055556
3 0.567778 0.753889 0.051111 0.056667
3 0.535000 0.713333 0.045556 0.053333
3 0.450556 0.768333 0.052222 0.065556
3 0.421111 0.396667 0.033333 0.051111
3 0.380000 0.390000 0.053333 0.066667
0 0.206111 0.355000 0.054444 0.074444
0 0.443333 0.275556 0.035556 0.057778
0 0.462778 0.398889 0.038889 0.048889
0 0.613889 0.467222 0.052222 0.065556
0 0.647778 0.568889 0.044444 0.060000
0 0.646667 0.624444 0.051111 0.060000
0 0.450556 0.569444 0.056667 0.065556
0 0.352778 0.530000 0.050000 0.062222
1 0.414444 0.179444 0.051111 0.061111
1 0.442222 0.449444 0.042222 0.054444
1 0.497778 0.527778 0.042222 0.062222
1 0.769444 0.443889 0.045556 0.050000
1 0.478889 0.670556 0.046667 0.058889
1 0.358333 0.656667 0.052222 0.057778
