0 0.757222 0.148889 0.067778 0.093333
0 0.830000 0.462222 0.064444 0.075556
0 0.775000 0.435000 0.054444 0.074444
0 0.758889 0.705000 0.068889 0.087778
0 0.803333 0.626667 0.062222 0.064444
0 0.380556 0.698333 0.076667 0.094444
0 0.452778 0.346667 0.063333 0.080000
0 0.286111 0.392778 0.067778 0.085556
0 0.640556 0.762778 0.052222 0.078889
1 0.687778 0.208889 0.060000 0.084444
1 0.531111 0.283333 0.055556 0.077778
1 0.603333 0.438889 0.068889 0.080000
1 0.771667 0.575000 0.058889 0.056667
1 0.590000 0.760000 0.055556 0.084444
1 0.675556 0.704444 0.060000 0.082222
3 0.313333 0.257222 0.071111 0.092222
3 0.673333 0.557222 0.060000 0.085556
2 0.740556 0.348333 0.056667 0.067778
2 0.455000 0.490000 0.061111 0.060000
2 0.559444 0.517222 0.054444 0.058889
2 0.604444 0.567222 0.060000 0.061111
2 0.401111 0.533889 0.062222 0.058889
2 0.347222 0.570556 0.058889 0.074444
2 0.456667 0.689444 0.048889 0.085556
2 0.521667 0.752778 0.052222 0.083333
