3 0.350556 0.190000 0.070000 0.091111
3 0.371111 0.376111 0.055556 0.081111
3 0.572222 0.332222 0.064444 0.075556
3 0.854444 0.516111 0.060000 0.078889
3 0.613333 0.476667 0.057778 0.084444
3 0.596111 0.687778 0.056667 0.075556
3 0.523889 0.745000 0.067778 0.078889
3 0.263333 0.667778 0.064444 0.086667
3 0.088889 0.781667 0.082222 0.098889
3 0.941111 0.302778 0.051111 0.065556
3 0.888889 0.315000 0.057778 0.074444
1 0.418889 0.280000 0.064444 0.084444
1 0.167778 0.414444 0.080000 0.095556
1 0.425556 0.687222 0.064444 0.081111
1 0.631111 0.081667 0.062222 0.083333
2 0.083333 0.227222 0.073333 0.087778
2 0.705000 0.173333 0.063333 0.077778
2 0.825556 0.274444 0.046667 0.048889
2 0.970000 0.097222 0.044444 0.072222
2 0.325556 0.317222 0.066667 0.063333
2 0.550000 0.592778 0.044444 0.083333
2 0.610556 0.597778 0.067778 0.062222
2 0.627778 0.840556 0.057778 0.070000
0 0.561111 0.935000 0.073333 0.098889
0 0.504444 0.630556 0.057778 0.083333
0 0.196111 0.306111 0.085556 0.107778
0 0.496111 0.298333 0.063333 0.087778
0 0.784444 0.377778 0.064444 0.082222
0 0.824444 0.336111 0.048889 0.070000
0 0.768889 0.303889 0.062222 0.081111
0 0.701111 0.490000 0.075556 0.086667
1 0.985000 0.312222 0.030000 0.080000
