2 0.602222 0.306667 0.048889 0.037778
2 0.606667 0.411111 0.055556 0.044444
2 0.502222 0.383889 0.048889 0.047778
2 0.572778 0.592778 0.047778 0.045556
2 0.798333 0.602222 0.058889 0.048889
2 0.524444 0.788889 0.064444 0.053333
2 0.413333 0.148333 0.060000 0.036667
2 0.522778 0.043333 0.043333 0.046667
3 0.312778 0.113889 0.058889 0.047778
3 0.388889 0.113333 0.053333 0.035556
3 0.470000 0.328889 0.066667 0.044444
3 0.753889 0.534444 0.063333 0.040000
3 0.357222 0.617222 0.050000 0.041111
3 0.683889 0.649444 0.074444 0.054444
3 0.338889 0.498889 0.055556 0.046667
3 0.047778 0.370000 0.060000 0.042222
3 0.984444 0.481667 0.031111 0.043333
0 0.590000 0.343889 0.066667 0.045556
0 0.568333 0.383889 0.052222 0.043333
0 0.536667 0.528889 0.064444 0.048889
0 0.495000 0.487778 0.061111 0.048889
0 0.392222 0.481667 0.060000 0.050000
0 0.306111 0.593889 0.061111 0.052222
0 0.412222 0.643333 0.068889 0.053333
0 0.364444 0.574444 0.051111 0.040000
0 0.625556 0.761111 0.077778 0.062222
1 0.536667 0.455000 0.062222 0.038889
1 0.480000 0.033333 0.046667 0.044444
1 0.504444 0.610556 0.064444 0.047778
1 0.415556 0.596667 0.060000 0.037778
0 0.284444 0.741667 0.071111 0.047778
1 0.964444 0.518333 0.060000 0.043333
