3 0.608889 0.232222 0.057778 0.077778
3 0.085000 0.478333 0.058889 0.070000
3 0.676111 0.460000 0.052222 0.075556
3 0.766111 0.847222 0.058889 0.058889
3 0.946111 0.910556 0.052222 0.065556
3 0.600000 0.965000 0.037778 0.056667
3 0.633333 0.968889 0.037778 0.051111
3 0.507778 0.968889 0.055556 0.062222
3 0.783333 0.909444 0.040000 0.063333
2 0.786111 0.641667 0.067778 0.063333
2 0.446111 0.880000 0.041111 0.060000
2 0.702778 0.917222 0.036667 0.056667
2 0.695000 0.969444 0.043333 0.043333
2 0.973889 0.956111 0.036667 0.052222
0 0.320000 0.969444 0.068889 0.061111
0 0.405000 0.960000 0.058889 0.073333
0 0.528889 0.898889 0.051111 0.062222
0 0.558333 0.968333 0.043333 0.063333
0 0.666111 0.933333 0.041111 0.062222
0 0.741667 0.910000 0.041111 0.062222
1 0.576111 0.908333 0.045556 0.063333
1 0.623333 0.911111 0.044444 0.062222
1 0.770000 0.966111 0.051111 0.054444
1 0.820556 0.946667 0.047778 0.066667
1 0.921111 0.961667 0.044444 0.050000
