2 0.438333 0.256111 0.054444 0.038889
2 0.693889 0.338889 0.061111 0.042222
2 0.809444 0.532778 0.063333 0.038889
2 0.652222 0.493889 0.055556 0.038889
2 0.501667 0.543333 0.058889 0.046667
2 0.566667 0.543889 0.055556 0.036667
2 0.398889 0.470000 0.055556 0.044444
3 0.596667 0.463333 0.057778 0.031111
3 0.746667 0.465000 0.053333 0.038889
3 0.262222 0.426111 0.062222 0.038889
3 0.270556 0.525000 0.058889 0.038889
3 0.437778 0.529444 0.055556 0.052222
3 0.343333 0.482222 0.064444 0.046667
3 0.292222 0.461111 0.060000 0.040000
3 0.712222 0.608889 0.055556 0.046667
3 0.608333 0.616111 0.065556 0.036667
0 0.496111 0.307778 0.058889 0.037778
0 0.383889 0.316111 0.056667 0.047778
0 0.401667 0.366111 0.058889 0.038889
0 0.558333 0.402778 0.054444 0.041111
0 0.592222 0.496667 0.055556 0.035556
0 0.620556 0.531111 0.056667 0.046667
0 0.654444 0.652222 0.066667 0.055556
0 0.558889 0.580000 0.066667 0.042222
0 0.334444 0.573889 0.071111 0.045556
0 0.646667 0.306667 0.066667 0.037778
1 0.556111 0.058889 0.052222 0.042222
1 0.260556 0.350000 0.052222 0.040000
1 0.455000 0.453889 0.052222 0.036667
1 0.407222 0.431667 0.058889 0.034444
1 0.334444 0.761667 0.071111 0.047778
2 0.652222 0.727222 0.046667 0.047778
