3 0.403889 0.247222 0.076667 0.085556
3 0.667222 0.203889 0.061111 0.090000
3 0.503333 0.393333 0.086667 0.102222
3 0.604444 0.379444 0.077778 0.094444
3 0.654444 0.439444 0.080000 0.074444
0 0.349444 0.367222 0.070000 0.098889
0 0.323889 0.287778 0.081111 0.088889
0 0.332778 0.209444 0.061111 0.087778
0 0.254444 0.776111 0.097778 0.134444
2 0.417778 0.701667 0.088889 0.085556
2 0.573333 0.617778 0.071111 0.100000
2 0.676667 0.510000 0.077778 0.075556
2 0.159444 0.740000 0.074444 0.100000
1 0.742778 0.214444 0.072222 0.106667
1 0.572222 0.457778 0.071111 0.082222
1 0.180000 0.528333 0.073333 0.072222
1 0.226111 0.608889 0.085556 0.088889
3 0.667778 0.625000 0.086667 0.096667
