2 0.490000 0.322778 0.033333 0.050000
2 0.425000 0.376667 0.041111 0.051111
2 0.397222 0.235000 0.041111 0.050000
2 0.506667 0.500000 0.037778 0.048889
2 0.735000 0.497778 0.043333 0.042222
2 0.733333 0.595556 0.035556 0.060000
2 0.528333 0.588889 0.043333 0.046667
2 0.288889 0.562222 0.035556 0.044444
2 0.290000 0.639444 0.028889 0.047778
2 0.508333 0.750556 0.041111 0.047778
2 0.464444 0.841111 0.048889 0.057778
0 0.624444 0.167778 0.053333 0.066667
0 0.685000 0.251111 0.056667 0.060000
0 0.615556 0.383889 0.044444 0.061111
0 0.442778 0.205556 0.041111 0.064444
0 0.613333 0.547778 0.042222 0.051111
0 0.422222 0.520556 0.046667 0.065556
0 0.688889 0.786111 0.046667 0.070000
0 0.247778 0.841111 0.044444 0.057778
3 0.423333 0.081111 0.051111 0.060000
3 0.398889 0.176111 0.040000 0.056667
3 0.630000 0.282222 0.044444 0.053333
3 0.764444 0.338889 0.055556 0.057778
3 0.717222 0.348889 0.038889 0.055556
3 0.722778 0.296111 0.038889 0.041111
3 0.747222 0.543889 0.041111 0.054444
3 0.532778 0.533333 0.043333 0.051111
3 0.328333 0.546667 0.045556 0.051111
3 0.342778 0.768333 0.045556 0.061111
3 0.367222 0.862778 0.045556 0.065556
1 0.527778 0.690000 0.051111 0.048889
1 0.730000 0.448333 0.046667 0.061111
1 0.460000 0.570000 0.040000 0.055556
2 0.320556 0.670556 0.045556 0.047778
