0 0.601667 0.230000 0.065556 0.051111
0 0.708333 0.317778 0.061111 0.048889
0 0.809444 0.280000 0.076667 0.057778
0 0.648889 0.350556 0.060000 0.050000
0 0.603333 0.536667 0.068889 0.046667
0 0.653333 0.615000 0.073333 0.054444
0 0.141667 0.210000 0.063333 0.046667
0 0.417778 0.029444 0.073333 0.054444
1 0.415000 0.405556 0.054444 0.046667
1 0.628889 0.486667 0.066667 0.046667
1 0.983333 0.508889 0.033333 0.055556
1 0.588889 0.674444 0.071111 0.053333
1 0.458333 0.673333 0.067778 0.044444
1 0.130000 0.982778 0.080000 0.034444
2 0.253333 0.178889 0.068889 0.046667
2 0.518333 0.376667 0.056667 0.048889
2 0.851111 0.479444 0.057778 0.047778
2 0.562222 0.488333 0.055556 0.043333
2 0.357778 0.356667 0.051111 0.037778
2 0.218889 0.565000 0.064444 0.038889
2 0.556111 0.596111 0.070000 0.036667
2 0.512222 0.693889 0.051111 0.045556
3 0.280000 0.845556 0.071111 0.046667
3 0.227222 0.760556 0.072222 0.052222
3 0.401111 0.153333 0.062222 0.051111
3 0.432222 0.120556 0.057778 0.043333
3 0.278333 0.142222 0.058889 0.037778
3 0.053333 0.120556 0.062222 0.047778
3 0.411111 0.346667 0.060000 0.042222
3 0.346667 0.394444 0.064444 0.042222
3 0.472778 0.446111 0.061111 0.047778
3 0.501667 0.482222 0.065556 0.042222
