0 0.490000 0.396667 0.057778 0.073333
0 0.497778 0.476111 0.051111 0.056667
0 0.599444 0.405000 0.052222 0.054444
0 0.797222 0.318889 0.047778 0.057778
0 0.400556 0.618333 0.052222 0.065556
0 0.341667 0.801111 0.065556 0.073333
0 0.313889 0.442778 0.041111 0.056667
1 0.374444 0.339444 0.042222 0.067778
1 0.573333 0.259444 0.040000 0.054444
1 0.271667 0.532778 0.047778 0.065556
1 0.215556 0.505000 0.044444 0.063333
1 0.149444 0.751111 0.052222 0.062222
3 0.330000 0.316667 0.046667 0.051111
3 0.601667 0.226111 0.038889 0.056667
3 0.703889 0.365000 0.041111 0.061111
3 0.722222 0.493889 0.046667 0.061111
3 0.609444 0.614444 0.045556 0.062222
3 0.681111 0.695556 0.046667 0.068889
3 0.768889 0.667778 0.055556 0.060000
3 0.570000 0.681111 0.053333 0.066667
3 0.467222 0.727778 0.050000 0.057778
3 0.237222 0.368333 0.052222 0.052222
2 0.192222 0.327778 0.051111 0.053333
2 0.126667 0.592778 0.051111 0.061111
2 0.372222 0.507778 0.048889 0.057778
2 0.488333 0.547778 0.043333 0.060000
2 0.611111 0.478889 0.042222 0.053333
2 0.686667 0.555556 0.046667 0.053333
2 0.247778 0.733333 0.048889 0.057778
2 0.364444 0.281111 0.048889 0.046667
