0 0.283889 0.561111 0.063333 0.080000
0 0.184444 0.725556 0.051111 0.064444
0 0.673333 0.064444 0.048889 0.075556
0 0.853889 0.255000 0.058889 0.070000
1 0.423333 0.577778 0.046667 0.062222
3 0.677222 0.310000 0.043333 0.071111
3 0.864444 0.397222 0.055556 0.063333
3 0.903333 0.163333 0.060000 0.066667
3 0.251667 0.697778 0.052222 0.068889
3 0.106111 0.925556 0.061111 0.062222
3 0.120556 0.725000 0.052222 0.067778
3 0.298889 0.920000 0.055556 0.071111
3 0.068889 0.513333 0.053333 0.073333
3 0.555000 0.446111 0.052222 0.047778
3 0.923889 0.853333 0.067778 0.077778
2 0.841667 0.106667 0.045556 0.064444
2 0.740000 0.095556 0.046667 0.057778
2 0.551667 0.645556 0.047778 0.055556
2 0.459444 0.771111 0.050000 0.060000
2 0.123889 0.620556 0.045556 0.067778
2 0.064444 0.741667 0.046667 0.056667
2 0.054444 0.919444 0.042222 0.067778
0 0.368333 0.687778 0.058889 0.075556
3 0.073889 0.985556 0.054444 0.028889
