0 0.139444 0.361111 0.081111 0.055556
0 0.491667 0.463333 0.061111 0.044444
0 0.721111 0.388333 0.086667 0.058889
0 0.620556 0.530000 0.067778 0.055556
0 0.564444 0.560556 0.064444 0.052222
0 0.801111 0.527222 0.080000 0.054444
0 0.602222 0.848889 0.075556 0.060000
2 0.456667 0.183889 0.060000 0.038889
2 0.518333 0.303333 0.063333 0.048889
2 0.867222 0.578333 0.070000 0.047778
2 0.654444 0.623333 0.068889 0.046667
2 0.412222 0.559444 0.066667 0.054444
2 0.338333 0.686667 0.065556 0.046667
2 0.172778 0.750556 0.058889 0.056667
2 0.253889 0.862778 0.067778 0.047778
3 0.349444 0.278889 0.067778 0.053333
3 0.398889 0.220556 0.055556 0.058889
3 0.559444 0.213333 0.072222 0.055556
3 0.634444 0.301111 0.062222 0.042222
3 0.563889 0.346111 0.050000 0.050000
3 0.149444 0.513333 0.065556 0.046667
3 0.338333 0.637222 0.063333 0.041111
3 0.936667 0.545556 0.073333 0.053333
3 0.736667 0.767222 0.064444 0.050000
0 0.225556 0.625556 0.068889 0.055556
3 0.357222 0.761111 0.074444 0.046667
1 0.151111 0.274444 0.068889 0.064444
1 0.250000 0.391111 0.075556 0.060000
1 0.674444 0.794444 0.068889 0.055556
1 0.729444 0.849444 0.065556 0.045556
1 0.550556 0.765000 0.063333 0.058889
1 0.357778 0.923333 0.071111 0.053333
