1 0.337222 0.448889 0.050000 0.057778
1 0.772778 0.952778 0.052222 0.063333
1 0.923333 0.948889 0.057778 0.086667
1 0.957778 0.474444 0.048889 0.071111
3 0.646667 0.222222 0.040000 0.064444
3 0.707222 0.120000 0.056667 0.068889
3 0.537222 0.182222 0.038889 0.055556
3 0.406111 0.308889 0.043333 0.066667
3 0.352222 0.225000 0.037778 0.054444
3 0.272778 0.231667 0.054444 0.065556
3 0.218333 0.127222 0.043333 0.061111
3 0.202222 0.713889 0.060000 0.058889
3 0.516667 0.760556 0.040000 0.063333
3 0.596111 0.735000 0.047778 0.074444
3 0.937222 0.373889 0.043333 0.054444
0 0.362778 0.167778 0.038889 0.053333
0 0.252778 0.178333 0.052222 0.050000
0 0.178333 0.319444 0.045556 0.063333
0 0.476667 0.729444 0.048889 0.067778
0 0.657778 0.805556 0.048889 0.066667
0 0.770556 0.447222 0.050000 0.065556
0 0.803333 0.505000 0.048889 0.063333
2 0.350000 0.366111 0.044444 0.045556
2 0.306667 0.390000 0.042222 0.046667
2 0.443333 0.567222 0.040000 0.054444
2 0.217222 0.950556 0.050000 0.056667
2 0.694444 0.777222 0.044444 0.050000
2 0.835000 0.713333 0.045556 0.064444
2 0.903889 0.457222 0.050000 0.054444
2 0.837778 0.238333 0.037778 0.058889
2 0.873333 0.238889 0.037778 0.060000
2 0.909444 0.320556 0.047778 0.054444
2 0.210556 0.198889 0.036667 0.053333
1 0.757222 0.502778 0.047778 0.050000
