2 0.588333 0.610556 0.043333 0.054444
2 0.613889 0.502778 0.047778 0.047778
2 0.697222 0.602778 0.038889 0.052222
2 0.852778 0.414444 0.038889 0.055556
2 0.957222 0.526111 0.043333 0.045556
2 0.407778 0.573889 0.044444 0.052222
2 0.213889 0.523889 0.047778 0.061111
2 0.398889 0.798333 0.051111 0.054444
3 0.631667 0.047778 0.050000 0.062222
3 0.886111 0.313889 0.045556 0.056667
3 0.882222 0.387222 0.042222 0.045556
3 0.670000 0.469444 0.048889 0.054444
3 0.497778 0.338889 0.046667 0.051111
3 0.382778 0.360000 0.047778 0.046667
3 0.467222 0.754444 0.043333 0.062222
3 0.350556 0.681111 0.052222 0.068889
3 0.515556 0.983333 0.046667 0.033333
0 0.406111 0.308333 0.050000 0.054444
0 0.257778 0.281667 0.051111 0.070000
0 0.521111 0.391667 0.051111 0.056667
0 0.513889 0.491667 0.045556 0.063333
0 0.472222 0.538333 0.051111 0.061111
0 0.356111 0.410000 0.047778 0.075556
0 0.423889 0.363889 0.036667 0.052222
0 0.657778 0.588889 0.042222 0.068889
0 0.617222 0.567222 0.045556 0.054444
0 0.241111 0.625000 0.057778 0.074444
1 0.389444 0.506111 0.045556 0.065556
1 0.545000 0.536111 0.043333 0.067778
1 0.402222 0.414444 0.042222 0.064444
1 0.966111 0.481667 0.047778 0.038889
1 0.478333 0.965000 0.043333 0.061111
