2 0.612778 0.306111 0.054444 0.038889
2 0.633889 0.351111 0.050000 0.042222
2 0.429444 0.442222 0.056667 0.044444
2 0.221667 0.696667 0.047778 0.046667
2 0.285000 0.837778 0.067778 0.040000
2 0.765000 0.838333 0.065556 0.041111
2 0.761667 0.877222 0.065556 0.036667
2 0.676667 0.907222 0.055556 0.047778
2 0.545556 0.903889 0.048889 0.050000
2 0.800000 0.209444 0.055556 0.034444
2 0.051667 0.217222 0.067778 0.045556
1 0.545000 0.337778 0.061111 0.046667
1 0.496667 0.754444 0.044444 0.051111
1 0.527222 0.957778 0.061111 0.053333
3 0.286111 0.201667 0.054444 0.058889
3 0.776667 0.350556 0.055556 0.041111
3 0.870556 0.215556 0.058889 0.044444
3 0.769444 0.270556 0.065556 0.052222
3 0.776111 0.645000 0.065556 0.041111
3 0.267222 0.594444 0.074444 0.053333
3 0.243889 0.513333 0.058889 0.042222
3 0.818889 0.535556 0.057778 0.042222
3 0.626111 0.939444 0.058889 0.045556
3 0.882778 0.706111 0.074444 0.045556
1 0.049444 0.774444 0.065556 0.046667
1 0.048333 0.922778 0.081111 0.052222
0 0.548889 0.772222 0.060000 0.053333
0 0.193889 0.655000 0.067778 0.038889
0 0.270000 0.476111 0.068889 0.050000
0 0.676111 0.175556 0.072222 0.042222
0 0.822222 0.251111 0.055556 0.055556
0 0.494444 0.802778 0.062222 0.045556
1 0.687222 0.406667 0.065556 0.048889
0 0.834444 0.364444 0.053333 0.048889
