3 0.520000 0.108333 0.055556 0.078889
3 0.452778 0.173889 0.056667 0.081111
3 0.511111 0.183889 0.055556 0.076667
3 0.806111 0.303889 0.078889 0.090000
3 0.685556 0.404444 0.077778 0.082222
3 0.281111 0.459444 0.088889 0.076667
3 0.283333 0.626111 0.062222 0.103333
3 0.441667 0.639444 0.070000 0.087778
3 0.591111 0.812222 0.071111 0.115556
3 0.687778 0.810000 0.088889 0.120000
0 0.365000 0.267222 0.067778 0.096667
0 0.310556 0.351667 0.083333 0.085556
0 0.572222 0.160000 0.055556 0.104444
0 0.521111 0.751667 0.084444 0.118889
2 0.553889 0.385556 0.063333 0.097778
2 0.517222 0.279444 0.067778 0.072222
2 0.466111 0.255000 0.067778 0.070000
2 0.620000 0.345000 0.064444 0.090000
2 0.582778 0.698889 0.067778 0.057778
2 0.348333 0.700000 0.067778 0.100000
1 0.596111 0.527222 0.078889 0.107778
1 0.681111 0.290000 0.073333 0.086667
1 0.486667 0.531111 0.080000 0.082222
1 0.555000 0.610000 0.078889 0.102222
1 0.232222 0.571667 0.062222 0.076667
