1 0.097778 0.113889 0.060000 0.043333
1 0.566111 0.128889 0.056667 0.044444
1 0.394444 0.368333 0.057778 0.043333
1 0.198333 0.323889 0.052222 0.045556
1 0.448333 0.547778 0.065556 0.037778
1 0.981667 0.579444 0.036667 0.052222
0 0.216667 0.102778 0.062222 0.043333
0 0.512778 0.155556 0.063333 0.042222
0 0.623333 0.376111 0.066667 0.052222
0 0.570000 0.358333 0.048889 0.041111
0 0.484444 0.317778 0.053333 0.037778
0 0.661111 0.477778 0.057778 0.048889
0 0.481111 0.681667 0.080000 0.058889
0 0.975556 0.415556 0.048889 0.046667
2 0.376667 0.141667 0.062222 0.038889
2 0.552222 0.275000 0.048889 0.041111
2 0.626111 0.290000 0.047778 0.048889
2 0.783889 0.507222 0.058889 0.036667
2 0.626111 0.702778 0.061111 0.043333
2 0.468889 0.512222 0.060000 0.037778
2 0.378889 0.503333 0.053333 0.037778
2 0.950556 0.032222 0.058889 0.042222
3 0.949444 0.243889 0.056667 0.045556
3 0.733333 0.410000 0.055556 0.046667
3 0.538889 0.317222 0.051111 0.038889
3 0.433333 0.441111 0.055556 0.044444
3 0.352222 0.465556 0.057778 0.044444
3 0.301667 0.450000 0.058889 0.046667
3 0.285000 0.523889 0.058889 0.052222
3 0.674444 0.516667 0.062222 0.037778
3 0.456667 0.936667 0.055556 0.057778
