0 0.551111 0.096111 0.048889 0.065556
0 0.515556 0.375556 0.068889 0.073333
0 0.561111 0.438333 0.060000 0.072222
0 0.801667 0.542778 0.058889 0.074444
0 0.248889 0.679444 0.071111 0.096667
0 0.193333 0.538889 0.073333 0.095556
0 0.186667 0.403333 0.071111 0.071111
3 0.424444 0.882778 0.075556 0.103333
3 0.637222 0.463889 0.041111 0.058889
3 0.356111 0.425556 0.045556 0.064444
3 0.401111 0.451111 0.048889 0.075556
3 0.580556 0.239444 0.050000 0.050000
3 0.503889 0.283333 0.054444 0.073333
3 0.500000 0.150556 0.044444 0.058889
3 0.411667 0.191111 0.050000 0.077778
3 0.360000 0.288889 0.048889 0.068889
3 0.672222 0.212778 0.051111 0.067778
2 0.336667 0.682222 0.055556 0.086667
2 0.283889 0.607778 0.067778 0.062222
2 0.356111 0.496111 0.050000 0.076667
2 0.143333 0.493889 0.037778 0.054444
2 0.449444 0.322222 0.054444 0.068889
2 0.375000 0.228333 0.045556 0.054444
2 0.724444 0.291111 0.060000 0.060000
2 0.497778 0.207778 0.057778 0.055556
1 0.609444 0.408889 0.063333 0.075556
1 0.584444 0.301111 0.046667 0.073333
1 0.335556 0.236667 0.044444 0.046667
1 0.605556 0.574444 0.073333 0.077778
1 0.670000 0.523889 0.073333 0.070000
0 0.746111 0.557222 0.063333 0.103333
1 0.503889 0.446111 0.050000 0.085556
