0 0.582222 0.135000 0.077778 0.063333
0 0.511111 0.162778 0.084444 0.076667
0 0.687222 0.270000 0.090000 0.071111
0 0.767778 0.357222 0.093333 0.074444
0 0.552778 0.378333 0.067778 0.058889
0 0.535000 0.453333 0.078889 0.066667
0 0.436667 0.376111 0.077778 0.058889
0 0.533333 0.597778 0.108889 0.075556
0 0.198889 0.612222 0.093333 0.064444
2 0.601667 0.241667 0.083333 0.047778
2 0.501667 0.280000 0.078889 0.044444
2 0.634444 0.478889 0.088889 0.055556
2 0.761667 0.490000 0.078889 0.060000
2 0.891111 0.735556 0.077778 0.060000
2 0.468889 0.424444 0.062222 0.055556
2 0.138333 0.508889 0.070000 0.060000
2 0.159444 0.802778 0.090000 0.056667
3 0.248333 0.197222 0.078889 0.056667
3 0.308333 0.626667 0.087778 0.066667
3 0.376667 0.417778 0.057778 0.066667
3 0.490556 0.335000 0.061111 0.063333
3 0.430556 0.302222 0.072222 0.064444
3 0.585556 0.287778 0.066667 0.048889
3 0.403333 0.151111 0.077778 0.071111
3 0.570000 0.825000 0.097778 0.076667
3 0.615000 0.415556 0.072222 0.066667
1 0.369444 0.213333 0.087778 0.062222
1 0.644444 0.572778 0.093333 0.058889
1 0.393333 0.613333 0.077778 0.060000
1 0.886111 0.526111 0.083333 0.070000
