2 0.548889 0.123333 0.051111 0.046667
2 0.648889 0.219444 0.048889 0.050000
2 0.148333 0.210000 0.074444 0.044444
2 0.288889 0.223889 0.057778 0.056667
2 0.712778 0.466111 0.047778 0.045556
2 0.652222 0.540000 0.048889 0.046667
2 0.677222 0.733889 0.050000 0.050000
2 0.712222 0.764444 0.051111 0.051111
3 0.547778 0.319444 0.060000 0.041111
3 0.422778 0.357778 0.072222 0.046667
3 0.552778 0.407222 0.054444 0.043333
3 0.708889 0.399444 0.060000 0.047778
3 0.790000 0.480556 0.057778 0.050000
3 0.824444 0.569444 0.053333 0.036667
3 0.773889 0.531111 0.056667 0.042222
3 0.603889 0.558333 0.052222 0.043333
3 0.535000 0.606111 0.054444 0.045556
3 0.401111 0.791667 0.073333 0.056667
0 0.521111 0.280000 0.062222 0.046667
0 0.345556 0.361667 0.075556 0.058889
0 0.392778 0.504444 0.081111 0.053333
0 0.440000 0.622778 0.068889 0.056667
0 0.421667 0.671667 0.067778 0.052222
0 0.747222 0.678889 0.070000 0.051111
0 0.765000 0.626667 0.065556 0.044444
0 0.574444 0.767778 0.057778 0.044444
2 0.763333 0.307222 0.051111 0.045556
2 0.602222 0.390556 0.053333 0.056667
2 0.374444 0.614444 0.064444 0.053333
2 0.788889 0.739444 0.060000 0.045556
2 0.808333 0.706667 0.043333 0.046667
2 0.807778 0.436667 0.057778 0.037778
