3 0.165000 0.335556 0.054444 0.060000
3 0.199444 0.500000 0.058889 0.057778
3 0.402778 0.454444 0.047778 0.060000
3 0.458889 0.385556 0.053333 0.060000
3 0.494444 0.310556 0.044444 0.061111
3 0.413333 0.257222 0.053333 0.058889
3 0.750000 0.472222 0.057778 0.066667
3 0.720556 0.700000 0.063333 0.077778
3 0.783889 0.810000 0.054444 0.080000
2 0.716111 0.301111 0.043333 0.062222
2 0.608889 0.233889 0.042222 0.058889
2 0.625000 0.377222 0.038889 0.056667
2 0.673889 0.436667 0.052222 0.062222
2 0.400000 0.356111 0.048889 0.063333
2 0.520556 0.757778 0.050000 0.064444
2 0.536111 0.840556 0.054444 0.070000
0 0.483889 0.252222 0.047778 0.051111
0 0.419444 0.213889 0.050000 0.050000
0 0.732778 0.388889 0.061111 0.073333
0 0.763333 0.353333 0.057778 0.071111
0 0.566667 0.673333 0.073333 0.082222
0 0.550000 0.495556 0.055556 0.068889
0 0.316111 0.373889 0.058889 0.067778
1 0.627778 0.462778 0.062222 0.063333
1 0.586111 0.392778 0.052222 0.061111
0 0.538889 0.341667 0.051111 0.063333
0 0.373889 0.289444 0.050000 0.047778
0 0.486111 0.638889 0.061111 0.073333
0 0.490556 0.570556 0.047778 0.067778
