2 0.212222 0.063889 0.048889 0.052222
2 0.691667 0.118889 0.043333 0.053333
2 0.785556 0.524444 0.042222 0.060000
2 0.583889 0.683889 0.045556 0.061111
2 0.882222 0.935000 0.062222 0.065556
2 0.308333 0.858333 0.052222 0.052222
2 0.405556 0.560556 0.035556 0.061111
2 0.238889 0.533889 0.037778 0.054444
2 0.387222 0.488889 0.038889 0.053333
2 0.427222 0.262778 0.038889 0.056667
3 0.253333 0.161111 0.046667 0.062222
3 0.587778 0.219444 0.040000 0.063333
3 0.635556 0.202778 0.051111 0.063333
3 0.539444 0.357222 0.036667 0.061111
3 0.456111 0.322222 0.045556 0.064444
3 0.815000 0.572222 0.045556 0.064444
3 0.638889 0.703333 0.046667 0.060000
3 0.306667 0.926111 0.053333 0.072222
3 0.262778 0.587778 0.050000 0.068889
3 0.027222 0.627778 0.047778 0.057778
3 0.894444 0.163889 0.042222 0.070000
0 0.366111 0.117778 0.054444 0.066667
0 0.780000 0.255000 0.048889 0.058889
0 0.801667 0.310556 0.050000 0.063333
0 0.752222 0.310000 0.051111 0.066667
0 0.557222 0.292778 0.054444 0.061111
0 0.717778 0.558333 0.066667 0.070000
0 0.444444 0.626667 0.060000 0.066667
0 0.362222 0.436111 0.055556 0.065556
1 0.498889 0.338889 0.046667 0.073333
1 0.543333 0.666667 0.035556 0.068889
1 0.129444 0.756667 0.050000 0.062222
1 0.472222 0.264444 0.046667 0.060000
