3 0.742222 0.192222 0.080000 0.104444
3 0.819444 0.452222 0.081111 0.086667
3 0.532222 0.213333 0.064444 0.084444
3 0.472778 0.223333 0.054444 0.077778
3 0.407778 0.258889 0.057778 0.095556
3 0.295556 0.430000 0.066667 0.082222
3 0.162778 0.328333 0.078889 0.094444
3 0.172778 0.752222 0.076667 0.108889
3 0.377778 0.869444 0.080000 0.125556
3 0.540556 0.691667 0.076667 0.092222
3 0.695556 0.675000 0.073333 0.101111
1 0.275000 0.186111 0.085556 0.098889
1 0.289444 0.345556 0.076667 0.075556
1 0.660556 0.522778 0.074444 0.087778
1 0.379444 0.572222 0.076667 0.111111
2 0.517778 0.297778 0.071111 0.075556
2 0.461111 0.325000 0.062222 0.072222
2 0.425000 0.423333 0.056667 0.091111
2 0.354444 0.380556 0.051111 0.092222
2 0.282222 0.548333 0.084444 0.090000
2 0.382222 0.751667 0.064444 0.074444
2 0.795000 0.537222 0.058889 0.081111
2 0.629444 0.751667 0.070000 0.096667
0 0.618889 0.307222 0.080000 0.103333
0 0.672778 0.402222 0.074444 0.093333
0 0.556111 0.421667 0.076667 0.090000
0 0.452222 0.803333 0.084444 0.111111
0 0.495000 0.574444 0.076667 0.082222
