0 0.412222 0.212778 0.068889 0.052222
0 0.657778 0.329444 0.068889 0.058889
0 0.797222 0.409444 0.061111 0.043333
0 0.722222 0.682778 0.066667 0.058889
0 0.522778 0.696667 0.054444 0.053333
0 0.482222 0.648333 0.057778 0.047778
0 0.490000 0.776667 0.057778 0.053333
0 0.227222 0.591111 0.074444 0.042222
2 0.379444 0.330556 0.052222 0.050000
2 0.531111 0.326667 0.055556 0.046667
2 0.557778 0.503889 0.051111 0.047778
2 0.309444 0.516667 0.058889 0.051111
2 0.180556 0.469444 0.056667 0.034444
2 0.418889 0.581111 0.046667 0.042222
2 0.693889 0.565000 0.054444 0.036667
2 0.710000 0.602222 0.046667 0.044444
2 0.663333 0.629444 0.048889 0.045556
2 0.241111 0.707222 0.055556 0.052222
0 0.598333 0.375556 0.052222 0.044444
3 0.611111 0.246111 0.073333 0.045556
3 0.425556 0.435000 0.068889 0.052222
3 0.544444 0.369444 0.057778 0.043333
3 0.583889 0.548333 0.063333 0.047778
3 0.420000 0.540556 0.057778 0.041111
3 0.355556 0.583333 0.062222 0.046667
3 0.235556 0.367222 0.066667 0.043333
3 0.228333 0.405556 0.076667 0.037778
1 0.719444 0.285556 0.054444 0.042222
1 0.823889 0.361111 0.063333 0.044444
1 0.697778 0.492222 0.062222 0.046667
1 0.342222 0.627222 0.064444 0.041111
2 0.786111 0.446667 0.056667 0.035556
