0 0.320556 0.455000 0.067778 0.072222
3 0.259444 0.155556 0.058889 0.075556
3 0.435000 0.211667 0.054444 0.072222
3 0.188333 0.276667 0.058889 0.062222
3 0.658333 0.563889 0.058889 0.061111
3 0.812778 0.597222 0.058889 0.070000
3 0.023333 0.734444 0.044444 0.080000
3 0.149444 0.058333 0.054444 0.067778
2 0.138889 0.155000 0.046667 0.052222
3 0.196667 0.033333 0.060000 0.064444
2 0.384444 0.396111 0.053333 0.054444
2 0.620000 0.342222 0.051111 0.060000
2 0.177778 0.508333 0.053333 0.067778
1 0.580000 0.506111 0.051111 0.065556
2 0.887222 0.946667 0.050000 0.082222
