3 0.252222 0.033333 0.048889 0.060000
3 0.175000 0.202778 0.032222 0.052222
3 0.054444 0.446111 0.044444 0.063333
3 0.082222 0.717222 0.051111 0.056667
3 0.028889 0.733889 0.053333 0.065556
3 0.360556 0.950556 0.052222 0.070000
3 0.803333 0.905556 0.048889 0.066667
3 0.732778 0.768889 0.054444 0.066667
3 0.708889 0.472778 0.042222 0.052222
3 0.967778 0.455556 0.048889 0.051111
0 0.396111 0.053889 0.047778 0.065556
0 0.795556 0.159444 0.051111 0.056667
0 0.137222 0.138889 0.056667 0.055556
0 0.301111 0.900556 0.055556 0.067778
0 0.821111 0.713333 0.057778 0.073333
0 0.976667 0.955556 0.046667 0.060000
1 0.867222 0.253889 0.047778 0.058889
1 0.793889 0.250000 0.043333 0.057778
1 0.762222 0.196111 0.053333 0.056667
1 0.304444 0.121111 0.048889 0.064444
1 0.057778 0.557778 0.048889 0.062222
2 0.142778 0.898889 0.050000 0.051111
2 0.679444 0.745000 0.043333 0.063333
2 0.858889 0.872778 0.044444 0.056667
3 0.931111 0.941667 0.046667 0.074444
2 0.711111 0.080000 0.042222 0.051111
2 0.206667 0.213333 0.040000 0.053333
2 0.149444 0.237778 0.041111 0.053333
2 0.137778 0.187778 0.037778 0.042222
2 0.108333 0.096667 0.045556 0.037778
2 0.098889 0.453889 0.046667 0.052222
