0 0.494444 0.223889 0.048889 0.058889
0 0.554444 0.185556 0.040000 0.055556
0 0.434444 0.440556 0.046667 0.061111
0 0.397222 0.494444 0.043333 0.064444
0 0.117778 0.922778 0.046667 0.061111
0 0.827778 0.962222 0.048889 0.055556
2 0.392222 0.177778 0.033333 0.046667
2 0.605556 0.487778 0.035556 0.051111
2 0.468889 0.514444 0.040000 0.053333
2 0.289444 0.537222 0.032222 0.052222
2 0.548333 0.697778 0.041111 0.044444
2 0.270556 0.673333 0.032222 0.051111
2 0.238889 0.669444 0.031111 0.047778
2 0.048333 0.501111 0.034444 0.053333
3 0.077222 0.271111 0.038889 0.053333
3 0.499444 0.424444 0.036667 0.055556
3 0.341667 0.438889 0.038889 0.046667
3 0.308889 0.455000 0.040000 0.045556
3 0.358333 0.476111 0.034444 0.045556
3 0.521667 0.529444 0.038889 0.047778
3 0.433333 0.547222 0.037778 0.050000
3 0.371667 0.580000 0.043333 0.040000
3 0.322778 0.588333 0.038889 0.050000
3 0.207222 0.615000 0.045556 0.054444
3 0.231111 0.943889 0.046667 0.061111
1 0.377778 0.428333 0.037778 0.052222
1 0.260000 0.238889 0.046667 0.051111
1 0.324444 0.535556 0.037778 0.057778
1 0.222222 0.734444 0.048889 0.051111
1 0.463889 0.971111 0.038889 0.057778
1 0.083889 0.950556 0.025556 0.054444
