0 0.397222 0.137778 0.050000 0.073333
0 0.447222 0.155000 0.050000 0.065556
0 0.713889 0.216667 0.058889 0.075556
0 0.356111 0.286111 0.056667 0.072222
0 0.212222 0.139444 0.051111 0.058889
3 0.901111 0.371111 0.060000 0.048889
3 0.912222 0.427778 0.053333 0.064444
3 0.704444 0.478333 0.042222 0.065556
3 0.682222 0.552778 0.064444 0.063333
3 0.525000 0.622222 0.052222 0.077778
3 0.420556 0.389444 0.050000 0.058889
3 0.480556 0.340000 0.056667 0.057778
2 0.414444 0.869444 0.060000 0.072222
2 0.793889 0.597778 0.056667 0.068889
2 0.451667 0.582222 0.054444 0.064444
2 0.437222 0.443333 0.054444 0.055556
2 0.651111 0.416667 0.046667 0.057778
2 0.783889 0.335556 0.050000 0.046667
2 0.593333 0.242778 0.048889 0.052222
2 0.626111 0.201667 0.038889 0.058889
2 0.836111 0.222778 0.052222 0.056667
1 0.459444 0.257778 0.054444 0.066667
1 0.743889 0.443889 0.043333 0.056667
1 0.582222 0.358889 0.053333 0.055556
1 0.515000 0.514444 0.058889 0.073333
0 0.506111 0.399444 0.047778 0.072222
0 0.685000 0.669444 0.056667 0.085556
0 0.579444 0.568333 0.061111 0.081111
1 0.527778 0.318333 0.053333 0.070000
3 0.385556 0.231667 0.055556 0.056667
0 0.565556 0.017778 0.044444 0.033333
