0 0.178889 0.238889 0.053333 0.068889
0 0.326667 0.220556 0.053333 0.074444
0 0.487778 0.281111 0.048889 0.062222
0 0.503889 0.510000 0.058889 0.064444
0 0.655556 0.657222 0.055556 0.076667
3 0.331667 0.137222 0.047778 0.056667
3 0.292222 0.073889 0.042222 0.056667
3 0.762778 0.055556 0.050000 0.066667
3 0.692778 0.625556 0.038889 0.060000
3 0.512222 0.576111 0.040000 0.058889
3 0.391667 0.878333 0.054444 0.072222
3 0.471667 0.658889 0.043333 0.057778
3 0.357222 0.534444 0.052222 0.068889
3 0.278889 0.412222 0.044444 0.066667
3 0.395556 0.405000 0.046667 0.054444
3 0.356111 0.399444 0.041111 0.063333
3 0.634444 0.121111 0.053333 0.060000
2 0.277222 0.227778 0.043333 0.048889
2 0.561667 0.290000 0.041111 0.057778
2 0.804444 0.208889 0.044444 0.057778
2 0.768889 0.196667 0.035556 0.057778
2 0.658889 0.527778 0.044444 0.051111
2 0.633889 0.592778 0.050000 0.052222
2 0.733333 0.653889 0.042222 0.058889
2 0.165000 0.638333 0.050000 0.054444
2 0.378889 0.451111 0.042222 0.044444
1 0.263889 0.109444 0.041111 0.054444
1 0.404444 0.031667 0.053333 0.061111
3 0.243333 0.020000 0.048889 0.037778
1 0.548333 0.628889 0.038889 0.064444
1 0.398889 0.501667 0.040000 0.056667
1 0.374444 0.345000 0.048889 0.058889
