2 0.451111 0.086111 0.044444 0.047778
2 0.535556 0.189444 0.040000 0.054444
2 0.162778 0.222778 0.045556 0.056667
2 0.363333 0.342222 0.037778 0.060000
2 0.512222 0.474444 0.046667 0.053333
2 0.776111 0.495000 0.043333 0.067778
2 0.838889 0.622222 0.042222 0.068889
2 0.948889 0.329444 0.055556 0.061111
2 0.750000 0.370000 0.042222 0.057778
2 0.690000 0.621111 0.044444 0.057778
2 0.733889 0.312778 0.041111 0.047778
2 0.329444 0.814444 0.052222 0.060000
3 0.432222 0.233333 0.033333 0.064444
3 0.468889 0.243889 0.040000 0.065556
3 0.573333 0.441111 0.044444 0.051111
3 0.794444 0.392222 0.046667 0.066667
3 0.705000 0.257222 0.047778 0.047778
3 0.688889 0.298333 0.046667 0.054444
3 0.738333 0.593889 0.047778 0.076667
3 0.194444 0.675000 0.057778 0.070000
3 0.160000 0.504444 0.046667 0.051111
3 0.022222 0.611667 0.042222 0.065556
3 0.194444 0.300000 0.046667 0.064444
0 0.637778 0.627222 0.055556 0.067778
0 0.692222 0.559444 0.048889 0.063333
0 0.582222 0.513333 0.057778 0.071111
0 0.432222 0.618889 0.051111 0.068889
0 0.375556 0.592222 0.064444 0.075556
0 0.659444 0.342778 0.041111 0.065556
1 0.072222 0.646111 0.055556 0.056667
1 0.509444 0.608333 0.050000 0.058889
1 0.705556 0.357778 0.048889 0.066667
1 0.420000 0.353889 0.051111 0.054444
3 0.063333 0.586667 0.062222 0.051111
