3 0.590000 0.256111 0.055556 0.038889
3 0.217222 0.438333 0.054444 0.052222
3 0.333889 0.398889 0.050000 0.044444
3 0.533333 0.411667 0.053333 0.036667
3 0.753889 0.412222 0.058889 0.044444
3 0.563889 0.466111 0.045556 0.041111
3 0.916667 0.366667 0.060000 0.040000
3 0.927222 0.676111 0.058889 0.047778
3 0.965000 0.868889 0.058889 0.051111
3 0.609444 0.912778 0.065556 0.061111
3 0.057778 0.082778 0.048889 0.036667
2 0.438889 0.064444 0.057778 0.037778
2 0.378333 0.048889 0.050000 0.033333
2 0.500000 0.558889 0.057778 0.048889
2 0.583333 0.399444 0.048889 0.030000
2 0.588889 0.429444 0.055556 0.027778
2 0.483889 0.480000 0.045556 0.031111
2 0.658333 0.110556 0.038889 0.036667
2 0.216111 0.048889 0.047778 0.044444
1 0.262222 0.060556 0.051111 0.041111
1 0.302222 0.292222 0.060000 0.042222
1 0.603333 0.510556 0.051111 0.043333
1 0.934444 0.526111 0.048889 0.043333
1 0.885556 0.512222 0.060000 0.042222
0 0.298333 0.237222 0.063333 0.036667
0 0.626667 0.053889 0.071111 0.047778
1 0.066667 0.047222 0.051111 0.036667
0 0.710000 0.057222 0.048889 0.038889
0 0.452222 0.353333 0.066667 0.040000
0 0.457222 0.443889 0.054444 0.032222
0 0.585556 0.557222 0.066667 0.045556
0 0.906111 0.827778 0.061111 0.060000
