0 0.431111 0.059444 0.066667 0.096667
0 0.436111 0.233333 0.054444 0.093333
0 0.550556 0.543889 0.061111 0.085556
0 0.764444 0.487222 0.066667 0.070000
0 0.782222 0.413333 0.071111 0.086667
0 0.688889 0.335000 0.057778 0.090000
0 0.758889 0.688333 0.077778 0.096667
0 0.463889 0.599444 0.074444 0.098889
0 0.448889 0.683889 0.071111 0.072222
2 0.323889 0.142222 0.067778 0.073333
2 0.478333 0.351667 0.056667 0.085556
2 0.725000 0.273889 0.045556 0.076667
2 0.804444 0.559444 0.057778 0.070000
2 0.458889 0.505556 0.055556 0.082222
2 0.251667 0.488889 0.067778 0.068889
2 0.215556 0.579444 0.066667 0.065556
2 0.526111 0.825556 0.061111 0.077778
1 0.598333 0.262222 0.052222 0.088889
1 0.575000 0.374444 0.054444 0.082222
1 0.628333 0.543889 0.058889 0.081111
1 0.260000 0.786667 0.071111 0.093333
1 0.146667 0.568333 0.060000 0.094444
3 0.868889 0.324444 0.057778 0.086667
3 0.738333 0.353889 0.050000 0.063333
3 0.870556 0.581667 0.063333 0.078889
3 0.623333 0.426111 0.057778 0.078889
3 0.638333 0.698333 0.074444 0.092222
3 0.551667 0.724444 0.063333 0.071111
3 0.344444 0.620000 0.071111 0.088889
3 0.248333 0.651667 0.070000 0.076667
3 0.267778 0.403889 0.064444 0.085556
3 0.234444 0.279444 0.062222 0.085556
