0 0.622222 0.043889 0.048889 0.063333
0 0.342222 0.383889 0.055556 0.058889
0 0.307778 0.941667 0.060000 0.076667
0 0.367778 0.915556 0.051111 0.075556
0 0.746667 0.872222 0.048889 0.066667
0 0.632778 0.887222 0.038889 0.054444
0 0.696111 0.898889 0.043333 0.053333
2 0.788889 0.531111 0.051111 0.051111
2 0.425000 0.526111 0.045556 0.047778
2 0.416667 0.831111 0.044444 0.053333
2 0.664444 0.859444 0.037778 0.054444
2 0.658889 0.926111 0.035556 0.047778
3 0.895000 0.878889 0.050000 0.071111
3 0.734444 0.811111 0.046667 0.051111
3 0.567778 0.933333 0.037778 0.062222
3 0.604444 0.929444 0.033333 0.063333
3 0.422222 0.928889 0.046667 0.060000
3 0.069444 0.466111 0.050000 0.065556
1 0.535556 0.875556 0.053333 0.060000
1 0.847778 0.911111 0.046667 0.062222
1 0.735556 0.927222 0.051111 0.052222
1 0.784444 0.922778 0.046667 0.058889
1 0.586667 0.866667 0.053333 0.055556
