2 0.663889 0.217778 0.041111 0.051111
2 0.391667 0.372778 0.041111 0.047778
2 0.240000 0.293333 0.042222 0.048889
2 0.174444 0.322222 0.040000 0.051111
2 0.206111 0.240000 0.034444 0.051111
2 0.558333 0.563333 0.036667 0.048889
2 0.596667 0.779444 0.037778 0.050000
2 0.416111 0.926667 0.034444 0.060000
2 0.853333 0.897222 0.044444 0.061111
1 0.583333 0.696111 0.046667 0.056667
1 0.350000 0.430556 0.044444 0.058889
1 0.180000 0.546111 0.037778 0.058889
1 0.372778 0.897222 0.050000 0.058889
1 0.026667 0.471667 0.051111 0.056667
3 0.121667 0.601111 0.047778 0.044444
3 0.390556 0.431667 0.043333 0.050000
3 0.237778 0.136667 0.044444 0.044444
3 0.416667 0.065556 0.040000 0.060000
3 0.061111 0.092222 0.051111 0.053333
3 0.595556 0.832778 0.044444 0.056667
3 0.511111 0.930000 0.044444 0.066667
3 0.484444 0.974444 0.042222 0.051111
3 0.717778 0.058333 0.042222 0.061111
0 0.131111 0.120000 0.051111 0.064444
0 0.236667 0.203333 0.040000 0.064444
0 0.272222 0.272222 0.044444 0.044444
0 0.031667 0.291111 0.052222 0.060000
0 0.028889 0.409444 0.046667 0.054444
0 0.377222 0.965000 0.054444 0.067778
0 0.823333 0.972222 0.042222 0.055556
0 0.766111 0.953333 0.050000 0.071111
3 0.167778 0.271111 0.048889 0.046667
