1 0.096111 0.258889 0.072222 0.042222
1 0.196667 0.260556 0.075556 0.038889
1 0.242222 0.548889 0.064444 0.051111
1 0.333333 0.633889 0.082222 0.052222
1 0.397222 0.373889 0.070000 0.052222
1 0.610000 0.279444 0.084444 0.054444
0 0.302778 0.236667 0.070000 0.057778
0 0.222222 0.307778 0.075556 0.053333
0 0.437778 0.325556 0.071111 0.062222
0 0.713333 0.451111 0.075556 0.057778
0 0.721667 0.520556 0.078889 0.065556
0 0.203889 0.590000 0.081111 0.057778
0 0.508889 0.236667 0.064444 0.051111
3 0.793333 0.392222 0.080000 0.060000
3 0.881667 0.640556 0.090000 0.065556
3 0.648889 0.718333 0.080000 0.047778
3 0.584444 0.460556 0.064444 0.054444
3 0.554444 0.521667 0.082222 0.050000
3 0.452778 0.616667 0.074444 0.048889
3 0.143333 0.556667 0.066667 0.042222
3 0.143333 0.757778 0.071111 0.051111
3 0.358889 0.301111 0.073333 0.051111
3 0.600556 0.223889 0.065556 0.054444
2 0.688889 0.312222 0.073333 0.040000
2 0.538333 0.323889 0.063333 0.038889
2 0.293333 0.358889 0.057778 0.048889
2 0.227222 0.370000 0.067778 0.044444
2 0.208889 0.406111 0.071111 0.038889
2 0.308889 0.692778 0.066667 0.041111
2 0.398333 0.581667 0.052222 0.052222
2 0.535556 0.634444 0.075556 0.046667
2 0.802778 0.630556 0.070000 0.061111
0 0.147778 0.447778 0.080000 0.048889
