3 0.752222 0.362778 0.057778 0.065556
3 0.696667 0.337778 0.051111 0.066667
3 0.194444 0.584444 0.062222 0.071111
3 0.525000 0.434444 0.058889 0.073333
3 0.391667 0.451667 0.045556 0.063333
3 0.341667 0.302222 0.047778 0.073333
3 0.757222 0.017222 0.052222 0.032222
0 0.383333 0.275556 0.053333 0.071111
0 0.438889 0.391111 0.048889 0.071111
0 0.383333 0.540556 0.068889 0.090000
0 0.535556 0.631111 0.071111 0.095556
0 0.431111 0.663889 0.066667 0.090000
0 0.542222 0.872778 0.071111 0.107778
0 0.142778 0.684444 0.065556 0.077778
0 0.266667 0.363333 0.060000 0.068889
1 0.682222 0.392778 0.060000 0.070000
1 0.723889 0.735000 0.076667 0.083333
1 0.125000 0.582778 0.063333 0.063333
1 0.397222 0.222778 0.050000 0.038889
2 0.354444 0.401111 0.053333 0.055556
2 0.482222 0.407222 0.042222 0.067778
2 0.697778 0.498889 0.060000 0.060000
2 0.610000 0.467222 0.057778 0.061111
2 0.538889 0.551111 0.055556 0.057778
2 0.102778 0.531667 0.061111 0.045556
2 0.062222 0.517778 0.057778 0.066667
2 0.018333 0.515000 0.034444 0.072222
