2 0.238889 0.301111 0.042222 0.044444
2 0.471111 0.393333 0.037778 0.033333
2 0.568889 0.374444 0.042222 0.040000
2 0.423333 0.481667 0.044444 0.038889
2 0.380556 0.555556 0.043333 0.042222
2 0.543333 0.523333 0.044444 0.040000
2 0.738333 0.579444 0.038889 0.050000
2 0.892222 0.543333 0.048889 0.040000
2 0.825556 0.398333 0.048889 0.032222
0 0.095000 0.493889 0.052222 0.043333
0 0.272222 0.462222 0.048889 0.042222
0 0.301111 0.398333 0.053333 0.038889
0 0.648889 0.608333 0.060000 0.043333
0 0.535000 0.480000 0.061111 0.033333
0 0.541667 0.435000 0.056667 0.038889
0 0.713333 0.462778 0.042222 0.036667
3 0.456667 0.595556 0.055556 0.042222
3 0.571111 0.601111 0.051111 0.037778
3 0.337222 0.428333 0.045556 0.030000
3 0.356667 0.502778 0.053333 0.036667
3 0.472222 0.797222 0.051111 0.036667
3 0.616667 0.785556 0.057778 0.048889
3 0.785000 0.423889 0.052222 0.034444
1 0.755556 0.512222 0.051111 0.040000
1 0.667778 0.550000 0.048889 0.040000
1 0.650000 0.408333 0.044444 0.038889
1 0.728889 0.765556 0.046667 0.035556
1 0.836667 0.798333 0.060000 0.034444
3 0.694444 0.392222 0.048889 0.031111
3 0.477778 0.357778 0.046667 0.037778
3 0.243333 0.650000 0.060000 0.048889
