2 0.391667 0.132222 0.038889 0.053333
2 0.290556 0.244444 0.036667 0.048889
2 0.183889 0.344444 0.047778 0.051111
2 0.402778 0.452222 0.036667 0.051111
2 0.516667 0.410000 0.040000 0.044444
2 0.347778 0.525556 0.044444 0.060000
2 0.411111 0.533889 0.033333 0.058889
2 0.597222 0.605556 0.036667 0.057778
2 0.480556 0.701111 0.038889 0.060000
2 0.374444 0.710000 0.035556 0.053333
2 0.511667 0.885556 0.041111 0.055556
3 0.245556 0.364444 0.057778 0.057778
3 0.448889 0.333333 0.046667 0.068889
3 0.541667 0.358889 0.045556 0.057778
3 0.627778 0.433889 0.044444 0.056667
3 0.768889 0.376111 0.042222 0.058889
0 0.698333 0.601111 0.045556 0.048889
3 0.654444 0.583333 0.044444 0.055556
3 0.528889 0.545000 0.051111 0.043333
3 0.472778 0.586667 0.036667 0.055556
0 0.355000 0.606111 0.052222 0.065556
0 0.240556 0.632222 0.045556 0.062222
0 0.738889 0.682222 0.046667 0.060000
0 0.562222 0.604444 0.037778 0.060000
0 0.547222 0.465000 0.045556 0.054444
0 0.444444 0.431111 0.046667 0.055556
0 0.448333 0.533889 0.043333 0.067778
3 0.200000 0.504444 0.051111 0.051111
1 0.436111 0.721111 0.041111 0.062222
1 0.304444 0.520000 0.046667 0.060000
1 0.678889 0.538889 0.037778 0.048889
2 0.517778 0.589444 0.042222 0.056667
1 0.388333 0.759444 0.041111 0.050000
