3 0.250000 0.381111 0.044444 0.057778
3 0.391667 0.438889 0.043333 0.053333
3 0.469444 0.362778 0.043333 0.056667
3 0.567222 0.336111 0.050000 0.058889
3 0.774444 0.368889 0.053333 0.064444
3 0.820000 0.512222 0.048889 0.055556
3 0.361111 0.587778 0.048889 0.055556
3 0.484444 0.549444 0.046667 0.038889
3 0.543333 0.593333 0.037778 0.053333
2 0.623333 0.137778 0.044444 0.055556
2 0.728333 0.250000 0.038889 0.055556
2 0.832222 0.349444 0.040000 0.054444
2 0.612222 0.460000 0.035556 0.051111
2 0.668889 0.532778 0.042222 0.050000
2 0.605000 0.540000 0.034444 0.060000
2 0.497778 0.412222 0.037778 0.040000
2 0.533333 0.710000 0.033333 0.057778
2 0.417222 0.613333 0.030000 0.055556
2 0.502778 0.888889 0.038889 0.051111
2 0.642222 0.717778 0.033333 0.046667
0 0.570000 0.433889 0.040000 0.063333
0 0.468889 0.468333 0.042222 0.047778
0 0.565556 0.539444 0.042222 0.070000
0 0.663333 0.610000 0.048889 0.064444
0 0.777778 0.639444 0.053333 0.058889
0 0.273889 0.683889 0.050000 0.056667
0 0.318889 0.603889 0.040000 0.045556
0 0.450556 0.606111 0.041111 0.063333
1 0.336667 0.543333 0.044444 0.048889
1 0.713333 0.522222 0.051111 0.060000
1 0.577778 0.725556 0.040000 0.057778
1 0.629444 0.763333 0.038889 0.048889
2 0.496667 0.593889 0.044444 0.052222
