0 0.680556 0.202778 0.058889 0.043333
0 0.598333 0.398889 0.054444 0.046667
0 0.604444 0.508889 0.071111 0.062222
0 0.525556 0.504444 0.064444 0.051111
0 0.383333 0.600556 0.064444 0.041111
0 0.198889 0.660556 0.077778 0.050000
3 0.332778 0.230556 0.058889 0.054444
3 0.506111 0.278889 0.065556 0.046667
3 0.303889 0.319444 0.067778 0.047778
3 0.321111 0.425556 0.068889 0.053333
3 0.274444 0.535000 0.055556 0.050000
3 0.557222 0.687778 0.056667 0.046667
3 0.630000 0.764444 0.046667 0.051111
3 0.685556 0.669444 0.053333 0.045556
3 0.772778 0.397222 0.058889 0.038889
3 0.633889 0.299444 0.074444 0.034444
3 0.387222 0.390000 0.061111 0.040000
2 0.441667 0.317778 0.058889 0.051111
2 0.520556 0.390000 0.045556 0.044444
2 0.451111 0.512222 0.057778 0.046667
2 0.491667 0.628333 0.056667 0.052222
2 0.718333 0.632778 0.045556 0.043333
2 0.267222 0.753333 0.052222 0.051111
2 0.410000 0.872222 0.053333 0.051111
2 0.673333 0.806111 0.051111 0.045556
1 0.249444 0.850556 0.063333 0.054444
1 0.498889 0.787222 0.057778 0.052222
1 0.466667 0.726667 0.068889 0.051111
1 0.662778 0.626111 0.063333 0.045556
1 0.661667 0.579444 0.061111 0.043333
1 0.738889 0.426111 0.051111 0.036667
