0 0.166667 0.948889 0.064444 0.071111
0 0.077222 0.922222 0.056667 0.075556
0 0.281667 0.380556 0.056667 0.076667
0 0.615000 0.180556 0.043333 0.061111
0 0.065556 0.350556 0.053333 0.061111
0 0.115000 0.295000 0.054444 0.067778
3 0.232778 0.187222 0.047778 0.056667
3 0.127778 0.393333 0.044444 0.060000
3 0.161667 0.320000 0.047778 0.055556
3 0.411111 0.431111 0.048889 0.066667
3 0.665556 0.363333 0.046667 0.064444
3 0.822222 0.234444 0.037778 0.060000
3 0.778889 0.236111 0.046667 0.058889
3 0.889444 0.738333 0.054444 0.067778
3 0.341667 0.925000 0.047778 0.067778
3 0.457222 0.083333 0.047778 0.055556
3 0.419444 0.048889 0.050000 0.064444
2 0.077778 0.306667 0.028889 0.042222
2 0.658889 0.310556 0.051111 0.038889
2 0.787222 0.471667 0.045556 0.056667
2 0.863889 0.435556 0.054444 0.055556
2 0.515000 0.513333 0.045556 0.057778
2 0.632778 0.687222 0.045556 0.067778
2 0.682222 0.059444 0.037778 0.065556
2 0.031111 0.950556 0.040000 0.052222
2 0.036667 0.891111 0.033333 0.055556
1 0.399444 0.185000 0.047778 0.063333
1 0.046667 0.250000 0.042222 0.064444
1 0.794444 0.180556 0.051111 0.052222
1 0.852222 0.296111 0.048889 0.058889
1 0.950556 0.077222 0.045556 0.063333
1 0.923333 0.787222 0.048889 0.070000
