2 0.437222 0.287778 0.043333 0.040000
2 0.362778 0.291111 0.047778 0.037778
2 0.763889 0.395556 0.058889 0.040000
2 0.622778 0.425556 0.058889 0.035556
2 0.675000 0.492778 0.050000 0.034444
2 0.500556 0.509444 0.052222 0.036667
2 0.412222 0.527778 0.044444 0.042222
2 0.247778 0.511111 0.053333 0.037778
2 0.163333 0.463889 0.055556 0.034444
2 0.403333 0.732778 0.057778 0.036667
2 0.502222 0.730000 0.044444 0.042222
3 0.455556 0.327222 0.055556 0.034444
3 0.232222 0.343333 0.057778 0.044444
3 0.138333 0.365556 0.072222 0.046667
3 0.470000 0.531667 0.053333 0.043333
3 0.825000 0.399444 0.056667 0.038889
3 0.716111 0.629444 0.054444 0.043333
3 0.652778 0.720000 0.050000 0.037778
3 0.660000 0.761111 0.064444 0.048889
3 0.456667 0.747778 0.053333 0.042222
0 0.159444 0.245000 0.058889 0.041111
0 0.476667 0.421667 0.060000 0.043333
0 0.795000 0.442222 0.056667 0.037778
0 0.920556 0.421111 0.058889 0.042222
0 0.828889 0.620556 0.071111 0.047778
0 0.748889 0.685556 0.064444 0.057778
0 0.616111 0.615556 0.058889 0.046667
0 0.453889 0.613333 0.047778 0.040000
0 0.212778 0.690556 0.063333 0.047778
1 0.330556 0.318889 0.045556 0.040000
1 0.433333 0.461111 0.053333 0.040000
1 0.311111 0.526111 0.051111 0.043333
1 0.551111 0.727778 0.062222 0.046667
1 0.705000 0.720556 0.047778 0.045556
