0 0.732778 0.220556 0.054444 0.078889
0 0.777222 0.337778 0.058889 0.060000
0 0.801667 0.481111 0.054444 0.064444
0 0.745556 0.517222 0.057778 0.058889
0 0.750556 0.601667 0.045556 0.058889
0 0.620556 0.518889 0.061111 0.064444
0 0.326111 0.602222 0.054444 0.057778
0 0.335556 0.273333 0.053333 0.062222
3 0.488889 0.762778 0.060000 0.056667
3 0.352778 0.715556 0.043333 0.071111
3 0.440000 0.635556 0.055556 0.075556
3 0.408889 0.529444 0.055556 0.061111
3 0.599444 0.647778 0.050000 0.062222
3 0.480000 0.525556 0.042222 0.055556
3 0.537778 0.495556 0.055556 0.066667
3 0.304444 0.379444 0.053333 0.058889
3 0.677222 0.270556 0.045556 0.063333
2 0.437778 0.186111 0.046667 0.052222
2 0.529444 0.331667 0.047778 0.050000
2 0.470000 0.407222 0.046667 0.045556
2 0.675000 0.450556 0.052222 0.054444
2 0.773889 0.426111 0.045556 0.052222
2 0.418889 0.468333 0.046667 0.058889
2 0.285556 0.485556 0.046667 0.057778
2 0.280000 0.575556 0.044444 0.055556
2 0.491111 0.651667 0.040000 0.063333
2 0.730556 0.748333 0.045556 0.067778
1 0.648889 0.332222 0.055556 0.046667
1 0.617778 0.273889 0.051111 0.045556
1 0.433333 0.291111 0.053333 0.062222
1 0.649444 0.722222 0.058889 0.060000
1 0.641111 0.386667 0.048889 0.062222
