2 0.423889 0.101667 0.052222 0.058889
2 0.564444 0.113333 0.053333 0.037778
2 0.565556 0.383333 0.057778 0.060000
2 0.393333 0.405556 0.053333 0.066667
2 0.326667 0.507222 0.057778 0.072222
2 0.451667 0.743889 0.070000 0.067778
2 0.625556 0.641667 0.057778 0.072222
2 0.815000 0.579444 0.063333 0.074444
2 0.587222 0.575000 0.054444 0.065556
2 0.333333 0.615556 0.046667 0.077778
3 0.330556 0.212778 0.054444 0.072222
3 0.520556 0.346111 0.056667 0.063333
3 0.868889 0.464444 0.064444 0.082222
3 0.716111 0.628889 0.058889 0.084444
3 0.435000 0.828333 0.061111 0.092222
3 0.346667 0.864444 0.064444 0.088889
3 0.434444 0.646111 0.062222 0.090000
3 0.387778 0.599444 0.060000 0.076667
3 0.336111 0.420000 0.063333 0.077778
3 0.800000 0.297778 0.062222 0.064444
0 0.257222 0.889444 0.074444 0.105556
0 0.267222 0.644444 0.061111 0.084444
0 0.521667 0.598889 0.072222 0.097778
0 0.637222 0.517778 0.067778 0.095556
0 0.286667 0.568889 0.055556 0.075556
0 0.437222 0.549444 0.065556 0.087778
1 0.701667 0.227222 0.056667 0.076667
1 0.765000 0.249444 0.054444 0.056667
1 0.186667 0.454444 0.066667 0.080000
1 0.377222 0.704444 0.070000 0.080000
0 0.281111 0.215556 0.044444 0.068889
1 0.570000 0.166667 0.053333 0.068889
1 0.833333 0.362222 0.060000 0.071111
