0 0.260556 0.188889 0.081111 0.084444
0 0.424444 0.290000 0.066667 0.088889
0 0.311667 0.368333 0.061111 0.085556
0 0.317222 0.518889 0.056667 0.075556
0 0.218333 0.566111 0.063333 0.072222
0 0.145000 0.519444 0.070000 0.078889
0 0.821111 0.516111 0.060000 0.083333
2 0.586111 0.100556 0.067778 0.065556
2 0.670000 0.272222 0.044444 0.073333
2 0.817778 0.325556 0.057778 0.066667
3 0.781667 0.361111 0.052222 0.077778
2 0.677778 0.397778 0.062222 0.071111
2 0.540556 0.248333 0.052222 0.081111
2 0.164444 0.436111 0.062222 0.074444
2 0.541667 0.570556 0.056667 0.063333
2 0.462222 0.669444 0.051111 0.076667
2 0.250556 0.847778 0.056667 0.091111
2 0.647778 0.802778 0.055556 0.083333
1 0.419444 0.215000 0.056667 0.058889
1 0.366111 0.223333 0.052222 0.075556
1 0.491111 0.383889 0.062222 0.083333
1 0.253889 0.472222 0.070000 0.080000
1 0.725556 0.285000 0.060000 0.083333
3 0.759444 0.530556 0.067778 0.090000
3 0.587222 0.658333 0.056667 0.092222
3 0.533333 0.641667 0.057778 0.067778
3 0.712778 0.940556 0.078889 0.094444
3 0.540000 0.806111 0.057778 0.081111
3 0.362778 0.732778 0.061111 0.083333
3 0.366111 0.346667 0.052222 0.080000
1 0.311667 0.771667 0.061111 0.081111
3 0.595556 0.821667 0.048889 0.074444
