3 0.565000 0.173889 0.058889 0.076667
3 0.515556 0.243889 0.048889 0.058889
3 0.514444 0.326111 0.048889 0.061111
3 0.677222 0.386111 0.052222 0.061111
3 0.741111 0.559444 0.057778 0.072222
3 0.391111 0.400000 0.051111 0.060000
3 0.181667 0.559444 0.056667 0.067778
3 0.265556 0.814444 0.057778 0.077778
3 0.330000 0.605000 0.066667 0.078889
2 0.661111 0.264444 0.048889 0.066667
2 0.631667 0.399444 0.041111 0.065556
2 0.505556 0.406667 0.057778 0.055556
2 0.248889 0.316111 0.051111 0.061111
2 0.232778 0.401667 0.056667 0.054444
2 0.351667 0.519444 0.054444 0.056667
2 0.436667 0.488889 0.046667 0.071111
2 0.572222 0.557778 0.048889 0.068889
2 0.511111 0.727222 0.062222 0.056667
2 0.239444 0.707778 0.052222 0.071111
0 0.770556 0.365000 0.054444 0.070000
0 0.850556 0.477778 0.054444 0.073333
0 0.357778 0.460000 0.062222 0.062222
0 0.314444 0.374444 0.060000 0.077778
0 0.292222 0.464444 0.055556 0.080000
0 0.438333 0.686111 0.058889 0.083333
0 0.351111 0.885000 0.053333 0.076667
1 0.664444 0.528333 0.055556 0.067778
1 0.603889 0.638889 0.063333 0.071111
1 0.807778 0.667222 0.048889 0.078889
1 0.537222 0.811111 0.056667 0.077778
1 0.467222 0.862778 0.061111 0.065556
1 0.604444 0.800000 0.051111 0.097778
