0 0.665556 0.120000 0.053333 0.075556
0 0.578333 0.356667 0.063333 0.077778
0 0.427778 0.351111 0.062222 0.080000
0 0.263889 0.431667 0.065556 0.076667
0 0.833889 0.490000 0.061111 0.080000
0 0.891111 0.343889 0.048889 0.070000
0 0.845556 0.574444 0.064444 0.055556
0 0.520556 0.620000 0.054444 0.075556
0 0.396667 0.614444 0.068889 0.086667
3 0.837222 0.068333 0.045556 0.072222
3 0.777778 0.323889 0.051111 0.058889
3 0.628889 0.302222 0.057778 0.066667
3 0.735000 0.379444 0.056667 0.065556
3 0.635000 0.432778 0.052222 0.061111
3 0.732778 0.542222 0.054444 0.077778
3 0.435556 0.420000 0.046667 0.066667
3 0.344444 0.437778 0.060000 0.077778
1 0.703889 0.262778 0.052222 0.074444
1 0.747222 0.446667 0.050000 0.068889
1 0.906111 0.425000 0.058889 0.067778
1 0.473889 0.456111 0.041111 0.067778
1 0.284444 0.591111 0.064444 0.068889
1 0.772778 0.740556 0.054444 0.052222
2 0.724444 0.721111 0.042222 0.064444
2 0.678889 0.716111 0.044444 0.070000
2 0.491111 0.676667 0.053333 0.064444
2 0.502778 0.498889 0.047778 0.064444
2 0.398333 0.467222 0.054444 0.058889
2 0.681111 0.481667 0.051111 0.067778
2 0.823889 0.350000 0.050000 0.057778
2 0.687778 0.321667 0.048889 0.061111
