1 0.855556 0.130556 0.053333 0.061111
1 0.823333 0.381111 0.046667 0.066667
1 0.931111 0.813889 0.042222 0.065556
1 0.471667 0.787778 0.047778 0.064444
3 0.555000 0.081111 0.047778 0.066667
3 0.836667 0.076111 0.040000 0.056667
3 0.916111 0.166667 0.047778 0.066667
3 0.703333 0.285556 0.035556 0.060000
3 0.756667 0.533333 0.048889 0.066667
3 0.867222 0.594444 0.056667 0.064444
3 0.565556 0.585556 0.037778 0.062222
3 0.329444 0.826111 0.041111 0.065556
3 0.045000 0.750556 0.056667 0.063333
2 0.667222 0.049444 0.041111 0.063333
2 0.796667 0.083333 0.037778 0.062222
2 0.781111 0.269444 0.040000 0.050000
2 0.823889 0.258889 0.036667 0.062222
2 0.883889 0.404444 0.043333 0.055556
2 0.867778 0.654444 0.046667 0.057778
2 0.250556 0.743333 0.041111 0.064444
2 0.206111 0.913333 0.038889 0.060000
2 0.334444 0.525000 0.042222 0.065556
0 0.617222 0.757778 0.070000 0.073333
0 0.314444 0.760556 0.051111 0.061111
0 0.260556 0.820556 0.052222 0.072222
0 0.087778 0.979444 0.060000 0.041111
0 0.929444 0.301111 0.056667 0.060000
0 0.971667 0.518333 0.054444 0.070000
