3 0.466111 0.238889 0.087778 0.073333
3 0.352778 0.465556 0.065556 0.057778
3 0.337778 0.406667 0.088889 0.055556
3 0.198333 0.455000 0.096667 0.070000
3 0.173889 0.397778 0.087778 0.048889
3 0.063333 0.282778 0.106667 0.083333
3 0.632778 0.220556 0.081111 0.052222
3 0.652778 0.627778 0.090000 0.062222
3 0.266111 0.640556 0.090000 0.065556
2 0.669444 0.182222 0.061111 0.048889
2 0.602778 0.321111 0.076667 0.060000
2 0.720000 0.327222 0.080000 0.050000
2 0.903333 0.412222 0.060000 0.051111
2 0.757222 0.460000 0.083333 0.053333
2 0.426111 0.457222 0.074444 0.056667
2 0.330556 0.540000 0.083333 0.055556
2 0.149444 0.751667 0.087778 0.052222
2 0.563333 0.841111 0.077778 0.057778
2 0.196111 0.347778 0.085556 0.051111
3 0.481111 0.683889 0.075556 0.056667
0 0.485000 0.177778 0.090000 0.057778
0 0.713889 0.273889 0.083333 0.063333
0 0.811111 0.740000 0.095556 0.084444
0 0.710556 0.576667 0.098889 0.066667
0 0.630000 0.686667 0.080000 0.055556
0 0.432778 0.780556 0.078889 0.065556
0 0.483889 0.857222 0.083333 0.070000
1 0.231111 0.687778 0.077778 0.064444
1 0.531111 0.745556 0.084444 0.062222
1 0.780000 0.640000 0.077778 0.057778
1 0.785000 0.581111 0.063333 0.062222
1 0.616111 0.505556 0.085556 0.068889
