3 0.354444 0.098889 0.048889 0.062222
3 0.203333 0.172222 0.053333 0.062222
3 0.362222 0.267778 0.060000 0.066667
3 0.355556 0.349444 0.055556 0.070000
3 0.276667 0.770556 0.048889 0.070000
3 0.351111 0.813333 0.060000 0.064444
3 0.568333 0.688889 0.047778 0.073333
3 0.628889 0.640556 0.062222 0.072222
3 0.460000 0.633889 0.051111 0.063333
0 0.280000 0.177778 0.064444 0.082222
0 0.210000 0.397222 0.053333 0.074444
0 0.296667 0.684444 0.060000 0.086667
0 0.513889 0.728333 0.054444 0.074444
0 0.518889 0.807778 0.053333 0.075556
0 0.659444 0.479444 0.047778 0.061111
0 0.787778 0.415000 0.053333 0.072222
0 0.586111 0.281111 0.056667 0.066667
1 0.662778 0.122778 0.045556 0.072222
1 0.663889 0.332222 0.050000 0.073333
1 0.610000 0.463333 0.053333 0.075556
1 0.453333 0.564444 0.051111 0.071111
1 0.411111 0.921111 0.062222 0.075556
2 0.553889 0.332778 0.047778 0.052222
2 0.329444 0.230000 0.041111 0.051111
2 0.168889 0.374444 0.033333 0.057778
2 0.481667 0.458889 0.047778 0.062222
2 0.235556 0.512778 0.051111 0.065556
2 0.334444 0.635000 0.044444 0.063333
2 0.353333 0.747778 0.053333 0.066667
2 0.476111 0.757222 0.041111 0.063333
2 0.754444 0.454444 0.048889 0.062222
2 0.661667 0.540556 0.050000 0.061111
2 0.597778 0.535556 0.042222 0.064444
1 0.538333 0.526667 0.050000 0.073333
