2 0.424444 0.100556 0.051111 0.058889
2 0.562222 0.113333 0.051111 0.046667
2 0.392778 0.403333 0.052222 0.068889
2 0.568889 0.385000 0.071111 0.058889
2 0.585000 0.575000 0.052222 0.067778
2 0.624444 0.639444 0.057778 0.072222
2 0.450556 0.745000 0.065556 0.074444
2 0.336111 0.616111 0.038889 0.083333
2 0.325000 0.510000 0.047778 0.077778
2 0.815000 0.577222 0.056667 0.072222
0 0.283889 0.215000 0.050000 0.070000
0 0.435556 0.548889 0.066667 0.088889
0 0.520556 0.596111 0.067778 0.103333
0 0.639444 0.516111 0.056667 0.096667
0 0.267778 0.642778 0.062222 0.087778
0 0.288333 0.568333 0.056667 0.076667
0 0.254444 0.889444 0.071111 0.112222
3 0.432778 0.827222 0.061111 0.092222
3 0.345000 0.866111 0.065556 0.098889
3 0.441111 0.647222 0.062222 0.094444
3 0.387778 0.602222 0.064444 0.075556
3 0.714444 0.626667 0.057778 0.088889
3 0.334444 0.416111 0.062222 0.078889
3 0.521111 0.345556 0.062222 0.062222
3 0.327778 0.210000 0.051111 0.075556
3 0.866667 0.466667 0.062222 0.084444
3 0.798889 0.298333 0.066667 0.063333
1 0.568333 0.167778 0.054444 0.068889
1 0.833333 0.362778 0.062222 0.076667
1 0.701111 0.226667 0.062222 0.073333
1 0.765556 0.248333 0.055556 0.054444
1 0.188889 0.452778 0.068889 0.078889
1 0.377778 0.706111 0.075556 0.081111
