2 0.742222 0.227222 0.068889 0.041111
2 0.614444 0.468333 0.060000 0.047778
2 0.315000 0.430556 0.076667 0.041111
2 0.933333 0.312222 0.057778 0.051111
2 0.875000 0.305000 0.070000 0.043333
0 0.853889 0.629444 0.090000 0.063333
0 0.280000 0.502778 0.066667 0.054444
0 0.133333 0.154444 0.084444 0.053333
0 0.433889 0.076667 0.072222 0.053333
0 0.542778 0.071111 0.072222 0.060000
0 0.757222 0.331667 0.067778 0.056667
3 0.357778 0.566111 0.080000 0.063333
3 0.457778 0.766111 0.066667 0.061111
3 0.205000 0.681111 0.074444 0.055556
3 0.356111 0.477222 0.065556 0.041111
3 0.742778 0.536667 0.076667 0.055556
3 0.453889 0.127222 0.063333 0.045556
3 0.655000 0.039444 0.070000 0.061111
3 0.384444 0.120556 0.073333 0.047778
3 0.906667 0.248889 0.066667 0.044444
1 0.841111 0.203333 0.068889 0.046667
1 0.763889 0.272222 0.067778 0.044444
1 0.153889 0.107778 0.078889 0.048889
