2 0.500000 0.153333 0.033333 0.048889
2 0.576667 0.220556 0.031111 0.052222
2 0.370556 0.140000 0.036667 0.053333
2 0.271667 0.179444 0.041111 0.036667
2 0.305556 0.269444 0.033333 0.045556
2 0.327222 0.453889 0.052222 0.045556
2 0.468333 0.435556 0.047778 0.044444
2 0.657222 0.662222 0.038889 0.057778
2 0.500000 0.777778 0.046667 0.051111
2 0.404444 0.841667 0.046667 0.065556
0 0.661111 0.483889 0.055556 0.070000
0 0.844444 0.368889 0.048889 0.060000
0 0.563333 0.445000 0.042222 0.050000
0 0.591667 0.532778 0.041111 0.047778
0 0.385556 0.595000 0.048889 0.061111
0 0.176111 0.396111 0.052222 0.052222
0 0.328889 0.403889 0.055556 0.052222
1 0.454444 0.827778 0.042222 0.060000
1 0.548333 0.393889 0.041111 0.052222
1 0.432778 0.271667 0.041111 0.058889
1 0.276111 0.222222 0.045556 0.051111
1 0.257222 0.457778 0.036667 0.057778
1 0.560000 0.823333 0.040000 0.068889
3 0.650556 0.731667 0.034444 0.061111
3 0.582778 0.954444 0.041111 0.064444
3 0.548333 0.887778 0.050000 0.068889
3 0.502222 0.866667 0.040000 0.071111
3 0.863889 0.427778 0.056667 0.057778
3 0.722222 0.201667 0.040000 0.054444
3 0.612222 0.219444 0.035556 0.056667
3 0.384444 0.310556 0.042222 0.050000
3 0.391111 0.258889 0.040000 0.053333
0 0.701667 0.139444 0.041111 0.063333
