1 0.150000 0.238333 0.044444 0.058889
1 0.186111 0.128889 0.043333 0.057778
1 0.835000 0.246667 0.050000 0.051111
1 0.427778 0.911111 0.042222 0.053333
0 0.084444 0.240556 0.042222 0.054444
0 0.451667 0.857778 0.050000 0.062222
0 0.823889 0.902778 0.047778 0.056667
0 0.678333 0.884444 0.050000 0.064444
0 0.853333 0.862778 0.046667 0.063333
0 0.907222 0.869444 0.054444 0.074444
3 0.420556 0.186111 0.045556 0.052222
3 0.472778 0.111111 0.041111 0.051111
3 0.236667 0.088333 0.044444 0.054444
3 0.348333 0.466111 0.047778 0.054444
3 0.526667 0.420000 0.042222 0.051111
3 0.866111 0.283333 0.038889 0.053333
3 0.757778 0.907222 0.040000 0.054444
3 0.471667 0.911667 0.043333 0.047778
3 0.190556 0.890000 0.047778 0.066667
0 0.127222 0.899444 0.050000 0.061111
3 0.126667 0.081111 0.042222 0.055556
2 0.743333 0.191111 0.035556 0.062222
2 0.603889 0.395556 0.030000 0.057778
3 0.427222 0.087778 0.034444 0.053333
2 0.235000 0.400556 0.041111 0.054444
2 0.140000 0.341111 0.035556 0.053333
2 0.578333 0.906111 0.045556 0.052222
2 0.640556 0.819444 0.038889 0.063333
2 0.972778 0.905000 0.050000 0.050000
