0 0.548889 0.369444 0.064444 0.058889
0 0.395556 0.291667 0.068889 0.056667
0 0.464444 0.384444 0.066667 0.046667
0 0.875000 0.147778 0.070000 0.057778
1 0.587778 0.175556 0.062222 0.068889
1 0.687222 0.195000 0.054444 0.050000
1 0.329444 0.332778 0.065556 0.043333
1 0.277778 0.367778 0.057778 0.055556
3 0.131111 0.210556 0.053333 0.052222
3 0.186667 0.200556 0.068889 0.058889
3 0.251667 0.318333 0.070000 0.047778
3 0.325000 0.290556 0.070000 0.034444
3 0.459444 0.325556 0.067778 0.044444
3 0.568889 0.415000 0.071111 0.041111
2 0.625000 0.473889 0.067778 0.050000
2 0.533889 0.442778 0.058889 0.041111
2 0.376111 0.113889 0.052222 0.050000
2 0.281111 0.162778 0.053333 0.045556
2 0.088333 0.141667 0.063333 0.043333
2 0.635556 0.192222 0.051111 0.055556
3 0.807222 0.221111 0.081111 0.055556
3 0.697222 0.042222 0.061111 0.053333
0 0.733333 0.016667 0.048889 0.031111
0 0.810556 0.928889 0.078889 0.077778
0 0.766111 0.973333 0.092222 0.053333
3 0.124444 0.972778 0.093333 0.054444
