3 0.646667 0.098889 0.053333 0.071111
3 0.796111 0.173333 0.054444 0.062222
3 0.642778 0.348889 0.058889 0.073333
3 0.640000 0.265000 0.064444 0.065556
3 0.722778 0.770000 0.047778 0.073333
3 0.648333 0.813333 0.061111 0.066667
3 0.538889 0.632778 0.053333 0.056667
3 0.431667 0.688333 0.047778 0.070000
3 0.372222 0.643333 0.064444 0.075556
3 0.480556 0.807222 0.054444 0.074444
1 0.588889 0.921667 0.062222 0.076667
1 0.545556 0.562222 0.051111 0.073333
1 0.336111 0.331111 0.056667 0.073333
1 0.388333 0.457778 0.052222 0.062222
1 0.336111 0.121667 0.045556 0.074444
2 0.447778 0.333333 0.053333 0.055556
2 0.675000 0.230556 0.043333 0.061111
2 0.831111 0.374444 0.035556 0.062222
2 0.763333 0.512778 0.053333 0.076667
2 0.667222 0.633333 0.041111 0.062222
2 0.646111 0.744444 0.056667 0.062222
2 0.522222 0.761111 0.035556 0.060000
2 0.520556 0.459444 0.054444 0.065556
2 0.401111 0.535556 0.046667 0.075556
2 0.339444 0.541667 0.050000 0.061111
2 0.244444 0.456667 0.044444 0.071111
0 0.719444 0.175556 0.063333 0.082222
0 0.413889 0.281111 0.052222 0.068889
0 0.791111 0.394444 0.053333 0.073333
0 0.340556 0.478889 0.054444 0.057778
0 0.207778 0.411667 0.051111 0.076667
0 0.701111 0.688333 0.060000 0.085556
0 0.482222 0.724444 0.053333 0.073333
1 0.464444 0.526667 0.048889 0.071111
