3 0.566111 0.152222 0.043333 0.051111
3 0.327222 0.312778 0.047778 0.061111
3 0.559444 0.342778 0.045556 0.056667
3 0.602778 0.413889 0.047778 0.067778
3 0.545556 0.525000 0.044444 0.067778
3 0.506667 0.543333 0.042222 0.057778
3 0.747778 0.706111 0.048889 0.061111
3 0.416667 0.461667 0.040000 0.063333
3 0.383333 0.779444 0.055556 0.070000
0 0.790556 0.506667 0.052222 0.071111
0 0.842222 0.503333 0.055556 0.068889
0 0.646667 0.312778 0.046667 0.063333
0 0.520556 0.237778 0.054444 0.064444
0 0.464444 0.555000 0.044444 0.070000
0 0.658889 0.719444 0.048889 0.054444
0 0.501667 0.703889 0.047778 0.067778
0 0.477778 0.803333 0.062222 0.088889
1 0.642222 0.775556 0.055556 0.062222
1 0.562778 0.690556 0.058889 0.056667
1 0.432778 0.762222 0.043333 0.062222
1 0.477778 0.298889 0.042222 0.073333
1 0.423333 0.358889 0.048889 0.055556
2 0.517222 0.304444 0.038889 0.057778
2 0.367222 0.334444 0.036667 0.051111
2 0.546667 0.448889 0.042222 0.048889
2 0.473333 0.390556 0.044444 0.045556
2 0.480556 0.439444 0.036667 0.050000
2 0.503889 0.483889 0.043333 0.052222
2 0.374444 0.394444 0.042222 0.046667
2 0.543333 0.642778 0.044444 0.045556
2 0.594444 0.812778 0.053333 0.056667
2 0.398889 0.848333 0.046667 0.065556
2 0.311667 0.785000 0.050000 0.070000
