3 0.584444 0.176667 0.053333 0.073333
3 0.375000 0.293889 0.052222 0.061111
3 0.349444 0.421111 0.056667 0.057778
3 0.480556 0.375556 0.054444 0.060000
3 0.699444 0.554444 0.061111 0.077778
3 0.536667 0.568889 0.057778 0.064444
3 0.218889 0.588889 0.057778 0.075556
3 0.743889 0.711111 0.056667 0.066667
3 0.577778 0.850556 0.055556 0.081111
0 0.736667 0.227222 0.064444 0.078889
0 0.798333 0.366667 0.052222 0.068889
0 0.850556 0.497222 0.058889 0.072222
0 0.748889 0.590556 0.044444 0.072222
0 0.485556 0.444444 0.048889 0.068889
0 0.448889 0.701667 0.053333 0.083333
2 0.263889 0.322222 0.047778 0.062222
2 0.249444 0.413333 0.047778 0.055556
2 0.370000 0.525556 0.048889 0.068889
2 0.462778 0.501111 0.041111 0.071111
2 0.627778 0.442222 0.044444 0.066667
2 0.681667 0.274444 0.047778 0.066667
2 0.529444 0.734444 0.054444 0.057778
2 0.771667 0.797222 0.052222 0.067778
2 0.485556 0.865556 0.046667 0.068889
2 0.265556 0.715556 0.042222 0.071111
0 0.428333 0.360556 0.056667 0.085556
1 0.630556 0.814444 0.052222 0.091111
1 0.801667 0.650000 0.056667 0.068889
1 0.623889 0.648889 0.061111 0.080000
1 0.796111 0.586111 0.050000 0.078889
1 0.748889 0.326111 0.053333 0.067778
1 0.397778 0.674444 0.046667 0.077778
