2 0.557778 0.159444 0.028889 0.043333
2 0.258333 0.227778 0.030000 0.044444
2 0.130556 0.185000 0.036667 0.034444
2 0.093333 0.348889 0.031111 0.044444
2 0.365556 0.452778 0.028889 0.043333
2 0.401111 0.475000 0.028889 0.050000
2 0.041667 0.776667 0.041111 0.048889
2 0.521111 0.833333 0.028889 0.053333
2 0.755556 0.726667 0.035556 0.040000
3 0.298889 0.060556 0.035556 0.038889
3 0.132222 0.063333 0.037778 0.040000
3 0.491667 0.164444 0.032222 0.051111
3 0.575556 0.296111 0.035556 0.041111
3 0.512778 0.402222 0.034444 0.051111
3 0.372778 0.376667 0.034444 0.035556
3 0.268889 0.367222 0.033333 0.045556
3 0.173889 0.354444 0.036667 0.042222
3 0.134444 0.659444 0.035556 0.061111
3 0.290556 0.845556 0.043333 0.055556
3 0.670000 0.778889 0.033333 0.048889
0 0.844444 0.760000 0.051111 0.053333
0 0.708889 0.793333 0.042222 0.060000
0 0.682778 0.853889 0.047778 0.054444
0 0.319444 0.321667 0.038889 0.052222
0 0.063889 0.450556 0.045556 0.054444
0 0.155000 0.310000 0.045556 0.048889
0 0.146111 0.118889 0.036667 0.048889
1 0.110000 0.225000 0.035556 0.043333
1 0.375556 0.415000 0.042222 0.036667
1 0.577222 0.854444 0.045556 0.055556
1 0.484444 0.848333 0.031111 0.054444
1 0.180556 0.742222 0.045556 0.051111
3 0.023333 0.731111 0.044444 0.046667
