2 0.758333 0.031667 0.045556 0.061111
2 0.693333 0.188889 0.044444 0.066667
2 0.659444 0.265000 0.050000 0.063333
2 0.355556 0.420000 0.053333 0.053333
2 0.468889 0.587778 0.051111 0.060000
2 0.364444 0.548333 0.053333 0.061111
2 0.328333 0.620556 0.054444 0.067778
2 0.623889 0.603889 0.047778 0.056667
1 0.689444 0.845556 0.047778 0.075556
1 0.650000 0.548889 0.046667 0.062222
1 0.197222 0.178889 0.058889 0.075556
1 0.378333 0.481111 0.054444 0.066667
1 0.279444 0.582222 0.047778 0.071111
0 0.731667 0.598889 0.056667 0.080000
0 0.471667 0.656667 0.056667 0.082222
0 0.501111 0.446667 0.051111 0.057778
0 0.732222 0.355556 0.064444 0.075556
0 0.877778 0.563333 0.055556 0.064444
0 0.732778 0.255000 0.056667 0.074444
0 0.781111 0.292222 0.053333 0.057778
0 0.747222 0.176667 0.056667 0.080000
3 0.300556 0.114444 0.058889 0.071111
3 0.146111 0.306111 0.067778 0.081111
3 0.365556 0.265556 0.060000 0.068889
3 0.413333 0.376667 0.044444 0.073333
3 0.729444 0.465000 0.047778 0.063333
3 0.866667 0.480556 0.053333 0.056667
3 0.840556 0.422222 0.047778 0.068889
3 0.813333 0.246111 0.046667 0.065556
3 0.582778 0.550000 0.063333 0.071111
3 0.401111 0.588333 0.044444 0.061111
1 0.690000 0.505000 0.042222 0.070000
