2 0.275000 0.300000 0.036667 0.055556
2 0.403333 0.233333 0.040000 0.053333
2 0.483333 0.198333 0.040000 0.050000
2 0.590556 0.221111 0.038889 0.044444
2 0.608333 0.154444 0.027778 0.048889
2 0.579444 0.172222 0.034444 0.053333
2 0.413333 0.385000 0.040000 0.045556
2 0.519444 0.858333 0.052222 0.058889
2 0.338333 0.943333 0.052222 0.055556
2 0.545000 0.926667 0.045556 0.055556
0 0.912222 0.313889 0.048889 0.063333
0 0.744444 0.250000 0.046667 0.053333
0 0.613333 0.280556 0.053333 0.063333
0 0.492222 0.292222 0.051111 0.057778
0 0.420556 0.963889 0.050000 0.070000
3 0.496111 0.084444 0.038889 0.044444
3 0.428333 0.063889 0.043333 0.050000
3 0.921111 0.111111 0.044444 0.057778
3 0.836667 0.073889 0.042222 0.063333
3 0.890556 0.075556 0.038889 0.057778
3 0.426111 0.304444 0.038889 0.055556
3 0.461667 0.335556 0.036667 0.046667
3 0.517222 0.344444 0.043333 0.057778
3 0.140556 0.379444 0.043333 0.054444
3 0.571667 0.494444 0.050000 0.060000
0 0.752778 0.495556 0.052222 0.064444
0 0.642778 0.153333 0.038889 0.060000
1 0.675000 0.556667 0.047778 0.068889
1 0.963333 0.965556 0.055556 0.062222
1 0.464444 0.955556 0.040000 0.075556
2 0.870556 0.971111 0.061111 0.057778
1 0.513889 0.968333 0.047778 0.061111
1 0.050000 0.850000 0.062222 0.062222
