3 0.574444 0.885556 0.077778 0.108889
3 0.361111 0.465556 0.044444 0.068889
3 0.598889 0.448889 0.048889 0.075556
3 0.645556 0.424444 0.046667 0.066667
3 0.640556 0.289444 0.047778 0.070000
3 0.495556 0.285000 0.055556 0.070000
3 0.585000 0.190000 0.047778 0.075556
3 0.501111 0.153889 0.046667 0.058889
3 0.420000 0.240556 0.053333 0.050000
3 0.328889 0.211667 0.053333 0.070000
3 0.449444 0.100000 0.058889 0.064444
2 0.665000 0.680556 0.056667 0.083333
2 0.713333 0.607222 0.066667 0.063333
2 0.850556 0.479444 0.072222 0.027778
2 0.645000 0.496667 0.056667 0.080000
2 0.551111 0.319444 0.057778 0.056667
2 0.626111 0.224444 0.041111 0.053333
2 0.505556 0.207778 0.053333 0.055556
2 0.277222 0.293333 0.054444 0.062222
0 0.486667 0.373889 0.062222 0.074444
0 0.501111 0.447222 0.062222 0.087778
0 0.440556 0.436111 0.058889 0.076667
0 0.392222 0.409444 0.055556 0.078889
0 0.814444 0.405556 0.064444 0.080000
0 0.811111 0.537222 0.071111 0.098889
0 0.752222 0.676111 0.071111 0.092222
0 0.195000 0.543889 0.056667 0.083333
0 0.253333 0.559444 0.068889 0.101111
1 0.665000 0.241667 0.043333 0.056667
1 0.422222 0.299444 0.048889 0.061111
1 0.395000 0.573333 0.081111 0.075556
1 0.329444 0.523889 0.067778 0.074444
