2 0.637778 0.056111 0.044444 0.061111
2 0.667778 0.267778 0.035556 0.055556
2 0.543889 0.137778 0.041111 0.062222
2 0.256111 0.273889 0.047778 0.061111
2 0.136111 0.155000 0.036667 0.063333
2 0.395556 0.361111 0.060000 0.051111
2 0.555000 0.521111 0.052222 0.053333
2 0.555556 0.629444 0.051111 0.054444
2 0.377778 0.519444 0.051111 0.052222
2 0.546667 0.460556 0.044444 0.047778
2 0.381667 0.970556 0.061111 0.054444
3 0.297778 0.106111 0.055556 0.072222
3 0.103889 0.110000 0.045556 0.066667
3 0.505556 0.171111 0.048889 0.057778
3 0.575556 0.181111 0.042222 0.060000
3 0.538889 0.411667 0.048889 0.054444
3 0.726111 0.391111 0.043333 0.066667
3 0.240556 0.564444 0.058889 0.066667
3 0.510000 0.510000 0.042222 0.055556
3 0.738889 0.966667 0.062222 0.066667
3 0.262778 0.216111 0.043333 0.058889
0 0.313333 0.292222 0.046667 0.066667
0 0.619444 0.290556 0.054444 0.063333
0 0.668889 0.333333 0.048889 0.064444
0 0.336667 0.448889 0.055556 0.057778
0 0.409444 0.425000 0.063333 0.078889
0 0.458889 0.523333 0.055556 0.068889
0 0.497222 0.573889 0.056667 0.072222
1 0.306111 0.947222 0.050000 0.078889
1 0.633889 0.638889 0.050000 0.075556
1 0.598889 0.472778 0.040000 0.072222
1 0.489444 0.456111 0.052222 0.061111
2 0.710000 0.305000 0.042222 0.063333
