1 0.220000 0.322222 0.040000 0.066667
1 0.756667 0.247778 0.042222 0.066667
1 0.560000 0.422222 0.033333 0.057778
1 0.383889 0.657778 0.043333 0.062222
1 0.160000 0.592222 0.042222 0.060000
0 0.298889 0.312222 0.053333 0.068889
0 0.466667 0.327222 0.048889 0.058889
0 0.387222 0.316667 0.052222 0.051111
0 0.800000 0.235556 0.048889 0.057778
0 0.862222 0.551667 0.057778 0.067778
0 0.566667 0.558889 0.042222 0.062222
0 0.271111 0.555000 0.048889 0.065556
2 0.246667 0.077778 0.051111 0.055556
2 0.466667 0.083889 0.040000 0.065556
2 0.663333 0.137778 0.044444 0.057778
2 0.593333 0.424444 0.037778 0.051111
2 0.472778 0.422778 0.043333 0.050000
2 0.686667 0.715556 0.053333 0.046667
2 0.847222 0.739444 0.045556 0.052222
2 0.414444 0.754444 0.051111 0.051111
3 0.149444 0.146111 0.061111 0.065556
3 0.622778 0.236667 0.043333 0.053333
3 0.892222 0.235556 0.042222 0.055556
3 0.842222 0.132222 0.051111 0.060000
3 0.725556 0.211111 0.040000 0.053333
3 0.707222 0.397222 0.050000 0.056667
3 0.716111 0.456667 0.036667 0.053333
3 0.915000 0.478333 0.043333 0.050000
3 0.420556 0.494444 0.043333 0.062222
3 0.563333 0.813889 0.044444 0.054444
3 0.275000 0.880556 0.050000 0.067778
3 0.221667 0.787778 0.050000 0.064444
