0 0.664444 0.328889 0.060000 0.048889
0 0.707222 0.380000 0.063333 0.055556
0 0.709444 0.686667 0.065556 0.051111
0 0.553333 0.661667 0.060000 0.054444
0 0.571667 0.591111 0.081111 0.060000
0 0.476111 0.540000 0.067778 0.055556
0 0.426667 0.505000 0.064444 0.056667
3 0.607222 0.272222 0.065556 0.042222
3 0.818333 0.423333 0.061111 0.037778
3 0.587222 0.460556 0.052222 0.047778
3 0.491111 0.488333 0.060000 0.043333
3 0.828333 0.495000 0.056667 0.050000
3 0.032778 0.262778 0.063333 0.058889
3 0.433889 0.761111 0.074444 0.060000
3 0.894444 0.701111 0.075556 0.053333
3 0.890000 0.895556 0.068889 0.051111
1 0.527778 0.400556 0.068889 0.045556
1 0.361111 0.370000 0.075556 0.055556
1 0.053889 0.693889 0.074444 0.052222
1 0.544444 0.507222 0.055556 0.050000
2 0.372222 0.442778 0.055556 0.047778
2 0.029444 0.617778 0.056667 0.053333
2 0.478889 0.442778 0.055556 0.043333
2 0.538333 0.452778 0.050000 0.045556
2 0.733333 0.332222 0.062222 0.040000
2 0.695000 0.289444 0.058889 0.038889
2 0.946667 0.358889 0.055556 0.055556
2 0.866111 0.456667 0.061111 0.040000
2 0.730556 0.745000 0.054444 0.045556
2 0.640000 0.600000 0.053333 0.048889
2 0.480000 0.621667 0.055556 0.054444
3 0.784444 0.738889 0.057778 0.044444
