0 0.685000 0.178333 0.054444 0.058889
0 0.552222 0.247778 0.042222 0.051111
0 0.550556 0.341667 0.052222 0.063333
0 0.305556 0.263333 0.044444 0.060000
0 0.327222 0.321667 0.043333 0.056667
0 0.317222 0.487222 0.043333 0.047778
0 0.696111 0.549444 0.047778 0.058889
0 0.344444 0.272778 0.037778 0.047778
3 0.549444 0.200000 0.043333 0.044444
3 0.509444 0.201111 0.038889 0.048889
3 0.477778 0.243333 0.040000 0.053333
3 0.426667 0.271667 0.037778 0.052222
3 0.433333 0.369444 0.037778 0.043333
3 0.403889 0.466667 0.032222 0.051111
3 0.541667 0.470556 0.047778 0.050000
3 0.591111 0.426111 0.044444 0.061111
3 0.596667 0.935000 0.042222 0.065556
3 0.332222 0.965556 0.046667 0.057778
2 0.381111 0.290000 0.031111 0.048889
2 0.368333 0.328889 0.038889 0.053333
2 0.471667 0.341667 0.038889 0.056667
2 0.713889 0.373889 0.041111 0.047778
2 0.601111 0.268889 0.035556 0.051111
2 0.716667 0.458889 0.044444 0.051111
2 0.335000 0.536667 0.045556 0.046667
2 0.067778 0.587222 0.053333 0.058889
1 0.660556 0.283333 0.047778 0.055556
1 0.683889 0.417778 0.038889 0.055556
1 0.643889 0.436667 0.041111 0.057778
1 0.460556 0.422222 0.036667 0.053333
1 0.512222 0.266667 0.035556 0.064444
1 0.242778 0.728333 0.045556 0.061111
