3 0.449444 0.177778 0.036667 0.057778
3 0.283333 0.175000 0.042222 0.061111
3 0.597222 0.351111 0.045556 0.062222
3 0.398889 0.434444 0.037778 0.057778
3 0.316667 0.593333 0.042222 0.064444
3 0.693889 0.506111 0.043333 0.063333
3 0.380556 0.780000 0.050000 0.068889
3 0.526111 0.558333 0.045556 0.063333
0 0.421111 0.226111 0.048889 0.065556
0 0.659444 0.242222 0.041111 0.055556
0 0.662778 0.296111 0.052222 0.054444
0 0.666667 0.358889 0.053333 0.064444
0 0.658889 0.418333 0.042222 0.054444
0 0.481667 0.595000 0.041111 0.063333
0 0.426667 0.557778 0.051111 0.071111
0 0.432222 0.465556 0.037778 0.060000
3 0.478333 0.516667 0.043333 0.057778
3 0.540000 0.180000 0.042222 0.064444
2 0.606111 0.246667 0.034444 0.048889
2 0.574444 0.228333 0.033333 0.056667
2 0.612222 0.299444 0.044444 0.041111
2 0.429444 0.387778 0.047778 0.040000
2 0.339444 0.313889 0.034444 0.054444
2 0.385000 0.501111 0.036667 0.055556
2 0.557222 0.493333 0.045556 0.044444
2 0.646111 0.636667 0.036667 0.066667
2 0.389444 0.716111 0.052222 0.054444
1 0.384444 0.333889 0.040000 0.065556
1 0.462222 0.262222 0.035556 0.057778
1 0.700556 0.135556 0.036667 0.057778
1 0.695556 0.222222 0.035556 0.064444
1 0.577778 0.548889 0.040000 0.064444
1 0.511111 0.474444 0.042222 0.057778
