3 0.372778 0.119444 0.052222 0.063333
3 0.171667 0.131667 0.056667 0.070000
3 0.303333 0.427778 0.046667 0.068889
3 0.563333 0.631667 0.046667 0.052222
3 0.575556 0.698889 0.044444 0.064444
3 0.530556 0.528889 0.038889 0.068889
3 0.260000 0.799444 0.048889 0.070000
3 0.390556 0.603889 0.043333 0.063333
3 0.429444 0.564444 0.047778 0.066667
2 0.508333 0.188333 0.041111 0.063333
2 0.593333 0.218333 0.046667 0.056667
2 0.672222 0.226111 0.044444 0.058889
2 0.726111 0.617778 0.045556 0.068889
2 0.574444 0.523889 0.046667 0.058889
2 0.287778 0.651111 0.044444 0.060000
2 0.035556 0.433889 0.053333 0.056667
2 0.211667 0.202778 0.050000 0.050000
2 0.232222 0.263333 0.048889 0.046667
2 0.448889 0.508333 0.035556 0.050000
1 0.432222 0.967778 0.055556 0.064444
1 0.522222 0.972778 0.048889 0.054444
1 0.465556 0.367778 0.048889 0.062222
1 0.498889 0.398889 0.044444 0.057778
0 0.224444 0.143333 0.053333 0.075556
0 0.277778 0.313333 0.048889 0.066667
0 0.223889 0.323333 0.058889 0.071111
0 0.176111 0.352222 0.050000 0.060000
0 0.163333 0.431667 0.048889 0.058889
0 0.250556 0.562778 0.050000 0.070000
0 0.473333 0.449444 0.042222 0.063333
0 0.428889 0.453333 0.048889 0.066667
1 0.376111 0.545000 0.045556 0.063333
2 0.408333 0.401667 0.043333 0.045556
