0 0.979444 0.268333 0.041111 0.067778
0 0.972222 0.541111 0.055556 0.077778
0 0.983333 0.600556 0.033333 0.065556
0 0.605000 0.647222 0.050000 0.070000
0 0.496111 0.617222 0.050000 0.078889
3 0.322778 0.316111 0.050000 0.063333
3 0.633889 0.164444 0.047778 0.057778
3 0.597222 0.203333 0.052222 0.068889
3 0.956111 0.411667 0.050000 0.058889
3 0.811111 0.835000 0.057778 0.072222
3 0.569444 0.727222 0.050000 0.056667
3 0.563889 0.826111 0.050000 0.058889
3 0.226111 0.717778 0.045556 0.057778
3 0.232778 0.662778 0.063333 0.054444
3 0.198889 0.767222 0.051111 0.065556
3 0.447222 0.626667 0.050000 0.062222
2 0.225000 0.538333 0.038889 0.061111
2 0.263333 0.546667 0.048889 0.055556
2 0.385556 0.614444 0.046667 0.064444
2 0.683333 0.621111 0.046667 0.062222
2 0.535556 0.441667 0.044444 0.056667
1 0.643333 0.324444 0.051111 0.062222
1 0.444444 0.078889 0.053333 0.068889
1 0.344444 0.553889 0.053333 0.067778
