0 0.671111 0.088889 0.053333 0.071111
0 0.337778 0.193889 0.064444 0.078889
0 0.501111 0.272222 0.048889 0.066667
0 0.713333 0.268889 0.060000 0.066667
0 0.390000 0.433889 0.046667 0.072222
0 0.631667 0.702778 0.058889 0.070000
0 0.777778 0.828333 0.071111 0.083333
1 0.613333 0.165000 0.044444 0.061111
1 0.727222 0.368333 0.058889 0.067778
1 0.514444 0.500000 0.055556 0.062222
1 0.173333 0.413333 0.057778 0.071111
1 0.713889 0.780000 0.054444 0.068889
3 0.572222 0.367222 0.053333 0.056667
3 0.319444 0.363333 0.056667 0.068889
3 0.708889 0.561111 0.060000 0.080000
3 0.461667 0.522222 0.050000 0.066667
3 0.451667 0.679444 0.043333 0.067778
3 0.557778 0.780556 0.053333 0.063333
3 0.341667 0.705556 0.047778 0.068889
3 0.398333 0.611667 0.050000 0.070000
3 0.407778 0.700556 0.048889 0.070000
0 0.475556 0.873889 0.046667 0.072222
2 0.833889 0.827778 0.043333 0.073333
2 0.562778 0.602778 0.047778 0.074444
2 0.451111 0.584444 0.042222 0.064444
2 0.353333 0.558333 0.048889 0.058889
2 0.529444 0.557222 0.043333 0.052222
2 0.494444 0.388889 0.048889 0.055556
2 0.465556 0.422778 0.046667 0.054444
2 0.431111 0.460000 0.040000 0.057778
2 0.213889 0.458889 0.047778 0.055556
2 0.540556 0.199444 0.043333 0.061111
2 0.510000 0.222222 0.044444 0.037778
1 0.321667 0.468333 0.054444 0.065556
