0 0.321111 0.386111 0.062222 0.078889
0 0.296667 0.475556 0.055556 0.080000
0 0.362222 0.470556 0.055556 0.061111
0 0.776111 0.378333 0.056667 0.074444
0 0.851667 0.487222 0.054444 0.078889
0 0.440556 0.698333 0.054444 0.081111
0 0.355556 0.890556 0.055556 0.078889
2 0.248333 0.332222 0.054444 0.057778
2 0.662222 0.277778 0.046667 0.062222
2 0.633333 0.413333 0.044444 0.068889
2 0.507778 0.417222 0.062222 0.054444
2 0.442778 0.498889 0.052222 0.066667
2 0.238889 0.417778 0.055556 0.057778
2 0.355000 0.528889 0.054444 0.048889
2 0.577222 0.565556 0.050000 0.064444
2 0.514444 0.733333 0.053333 0.062222
2 0.245556 0.720556 0.057778 0.067778
3 0.566667 0.185000 0.053333 0.074444
3 0.521667 0.257778 0.050000 0.064444
3 0.516111 0.335000 0.052222 0.061111
3 0.677778 0.397222 0.053333 0.063333
3 0.743889 0.566111 0.058889 0.070000
3 0.271111 0.823333 0.060000 0.071111
3 0.335000 0.613889 0.067778 0.083333
3 0.186111 0.571667 0.067778 0.063333
3 0.392222 0.412222 0.053333 0.060000
1 0.665000 0.536667 0.067778 0.066667
1 0.605000 0.650556 0.061111 0.072222
1 0.806667 0.673889 0.053333 0.074444
1 0.607222 0.812222 0.054444 0.084444
1 0.540000 0.822222 0.055556 0.077778
1 0.471667 0.875000 0.058889 0.070000
