1 0.149444 0.251667 0.061111 0.072222
1 0.894444 0.298889 0.053333 0.080000
1 0.588889 0.429444 0.051111 0.072222
1 0.428889 0.516111 0.044444 0.067778
1 0.631111 0.634444 0.057778 0.073333
1 0.539444 0.791667 0.058889 0.078889
3 0.599444 0.138889 0.054444 0.062222
3 0.653889 0.236111 0.054444 0.078889
3 0.612222 0.305000 0.048889 0.065556
3 0.538889 0.281111 0.053333 0.060000
3 0.541667 0.421667 0.041111 0.076667
3 0.427778 0.637778 0.055556 0.062222
3 0.287778 0.612778 0.062222 0.070000
3 0.188333 0.697222 0.056667 0.065556
2 0.384444 0.332778 0.053333 0.070000
2 0.404444 0.396667 0.046667 0.051111
2 0.502222 0.388333 0.040000 0.061111
2 0.618889 0.195000 0.037778 0.056667
2 0.693333 0.501667 0.046667 0.070000
2 0.474444 0.525000 0.044444 0.070000
2 0.457778 0.593889 0.057778 0.054444
2 0.481667 0.660000 0.050000 0.073333
0 0.377222 0.466111 0.065556 0.076667
0 0.459444 0.435000 0.061111 0.074444
0 0.647778 0.445000 0.062222 0.074444
0 0.623889 0.512778 0.063333 0.074444
0 0.584444 0.352222 0.060000 0.066667
0 0.326111 0.550556 0.056667 0.061111
0 0.465000 0.756111 0.065556 0.087778
3 0.564444 0.726111 0.064444 0.065556
