2 0.591111 0.166667 0.042222 0.057778
2 0.768333 0.205000 0.041111 0.052222
2 0.680556 0.266667 0.038889 0.051111
2 0.828333 0.377222 0.047778 0.047778
2 0.684444 0.371667 0.042222 0.036667
2 0.638889 0.352778 0.037778 0.047778
2 0.403333 0.568333 0.037778 0.047778
2 0.667778 0.683889 0.040000 0.056667
2 0.697778 0.724444 0.042222 0.046667
2 0.981667 0.664444 0.036667 0.053333
2 0.910000 0.536667 0.048889 0.044444
3 0.530556 0.317222 0.047778 0.058889
3 0.369444 0.378333 0.047778 0.050000
3 0.419444 0.422222 0.052222 0.057778
3 0.386111 0.451111 0.038889 0.060000
3 0.233889 0.546111 0.050000 0.058889
3 0.532222 0.617778 0.044444 0.053333
3 0.696667 0.416111 0.042222 0.045556
0 0.678889 0.331111 0.042222 0.051111
0 0.311667 0.537778 0.054444 0.073333
0 0.446111 0.575000 0.052222 0.058889
0 0.362778 0.600000 0.041111 0.057778
0 0.568333 0.595000 0.043333 0.056667
0 0.795000 0.676111 0.052222 0.065556
0 0.878889 0.631667 0.055556 0.061111
0 0.772778 0.537778 0.054444 0.062222
3 0.861111 0.823889 0.051111 0.065556
1 0.416111 0.738889 0.050000 0.062222
1 0.157222 0.732778 0.052222 0.067778
1 0.398333 0.634444 0.050000 0.060000
1 0.601111 0.335556 0.042222 0.060000
0 0.654444 0.413889 0.048889 0.065556
1 0.693333 0.654444 0.042222 0.053333
2 0.743889 0.686111 0.045556 0.054444
