2 0.365556 0.218889 0.064444 0.075556
2 0.878333 0.275556 0.041111 0.062222
2 0.920000 0.391111 0.066667 0.062222
2 0.760556 0.546667 0.061111 0.064444
2 0.820556 0.695556 0.065556 0.062222
2 0.503333 0.626111 0.060000 0.061111
2 0.482222 0.567222 0.055556 0.067778
2 0.560556 0.477778 0.043333 0.066667
3 0.655000 0.239444 0.061111 0.074444
3 0.831667 0.163333 0.061111 0.071111
3 0.831111 0.297222 0.053333 0.076667
3 0.727222 0.311111 0.047778 0.082222
3 0.672778 0.466667 0.061111 0.077778
3 0.465556 0.358333 0.077778 0.081111
3 0.555556 0.603333 0.055556 0.057778
3 0.416111 0.609444 0.063333 0.065556
3 0.468333 0.803889 0.058889 0.067778
3 0.781667 0.893889 0.063333 0.092222
0 0.555556 0.347222 0.064444 0.098889
0 0.619444 0.327778 0.061111 0.080000
0 0.608889 0.463333 0.055556 0.082222
0 0.715556 0.393889 0.064444 0.087778
0 0.610556 0.565000 0.061111 0.076667
0 0.455556 0.731667 0.068889 0.070000
1 0.551111 0.198889 0.062222 0.075556
1 0.547222 0.538333 0.050000 0.065556
1 0.404444 0.679444 0.060000 0.074444
1 0.813889 0.754444 0.067778 0.060000
1 0.844444 0.636667 0.064444 0.075556
0 0.671667 0.312222 0.052222 0.077778
