1 0.209444 0.367222 0.052222 0.065556
1 0.485000 0.390000 0.050000 0.062222
1 0.415556 0.661667 0.055556 0.072222
1 0.353889 0.629444 0.058889 0.072222
0 0.249444 0.063889 0.050000 0.072222
0 0.506111 0.341111 0.054444 0.062222
0 0.432222 0.361667 0.057778 0.083333
0 0.498889 0.507222 0.053333 0.061111
0 0.450000 0.536111 0.055556 0.074444
0 0.047778 0.472778 0.062222 0.081111
0 0.303889 0.878333 0.072222 0.098889
3 0.711111 0.211111 0.060000 0.075556
3 0.373889 0.340556 0.050000 0.056667
3 0.250000 0.313889 0.053333 0.081111
3 0.307222 0.563333 0.067778 0.053333
3 0.330556 0.505556 0.043333 0.057778
3 0.498889 0.612222 0.046667 0.075556
3 0.353889 0.707778 0.056667 0.080000
3 0.301667 0.667778 0.045556 0.068889
2 0.636111 0.116111 0.052222 0.063333
2 0.380000 0.202778 0.042222 0.070000
2 0.192778 0.085556 0.054444 0.060000
2 0.199444 0.293333 0.050000 0.055556
2 0.117222 0.431111 0.052222 0.066667
2 0.372778 0.412778 0.052222 0.056667
2 0.377222 0.500556 0.052222 0.067778
2 0.318333 0.960556 0.054444 0.074444
0 0.471667 0.448889 0.056667 0.062222
