0 0.530000 0.045000 0.046667 0.058889
0 0.561667 0.237778 0.045556 0.051111
0 0.365556 0.335556 0.035556 0.057778
0 0.478333 0.393333 0.047778 0.057778
0 0.781667 0.672222 0.041111 0.057778
0 0.964444 0.938889 0.062222 0.073333
0 0.963333 0.329444 0.051111 0.070000
0 0.922778 0.085556 0.043333 0.057778
3 0.473889 0.225000 0.038889 0.058889
3 0.570556 0.296111 0.041111 0.052222
3 0.664444 0.378333 0.035556 0.050000
3 0.542222 0.486111 0.037778 0.047778
3 0.571111 0.519444 0.037778 0.050000
3 0.611111 0.472778 0.042222 0.054444
3 0.590000 0.419444 0.042222 0.058889
3 0.259444 0.436111 0.038889 0.056667
3 0.283889 0.570556 0.050000 0.056667
3 0.438333 0.687778 0.050000 0.064444
2 0.445556 0.443889 0.042222 0.047778
2 0.620556 0.585556 0.038889 0.055556
2 0.654444 0.581667 0.035556 0.058889
2 0.046111 0.547222 0.034444 0.067778
2 0.680556 0.661667 0.045556 0.054444
2 0.750556 0.635000 0.036667 0.052222
2 0.849444 0.869444 0.052222 0.056667
2 0.934444 0.531667 0.044444 0.058889
2 0.980556 0.468889 0.038889 0.055556
1 0.886111 0.108889 0.038889 0.055556
1 0.634444 0.354444 0.031111 0.057778
1 0.393889 0.238889 0.041111 0.051111
1 0.198889 0.641667 0.048889 0.056667
1 0.738333 0.702778 0.043333 0.070000
