3 0.023889 0.415556 0.038889 0.066667
3 0.291111 0.514444 0.048889 0.062222
3 0.282222 0.569444 0.044444 0.061111
3 0.198889 0.622778 0.046667 0.063333
3 0.320556 0.750556 0.043333 0.063333
3 0.685556 0.921667 0.057778 0.063333
3 0.678333 0.596667 0.061111 0.068889
3 0.786111 0.519444 0.056667 0.081111
3 0.767222 0.313889 0.054444 0.058889
1 0.030000 0.975556 0.053333 0.048889
1 0.232778 0.557778 0.052222 0.053333
1 0.331667 0.491111 0.047778 0.046667
1 0.166667 0.175000 0.053333 0.074444
1 0.300000 0.281667 0.053333 0.056667
0 0.421667 0.802222 0.047778 0.077778
0 0.366667 0.757778 0.046667 0.075556
0 0.243889 0.647778 0.043333 0.082222
0 0.238889 0.457222 0.053333 0.061111
0 0.307222 0.438889 0.065556 0.053333
0 0.128333 0.466111 0.058889 0.076667
0 0.066111 0.430556 0.045556 0.056667
0 0.721667 0.379444 0.058889 0.072222
0 0.847222 0.537778 0.065556 0.091111
2 0.356667 0.263889 0.053333 0.067778
2 0.293889 0.221667 0.047778 0.056667
2 0.620000 0.277778 0.057778 0.068889
2 0.628889 0.401111 0.060000 0.057778
2 0.553333 0.570556 0.055556 0.054444
2 0.633333 0.656111 0.053333 0.054444
2 0.370000 0.598889 0.046667 0.064444
3 0.467778 0.551667 0.044444 0.061111
2 0.364444 0.525556 0.040000 0.057778
