0 0.298889 0.450000 0.082222 0.057778
0 0.558889 0.483333 0.066667 0.055556
0 0.635556 0.429444 0.097778 0.054444
0 0.777222 0.737778 0.083333 0.073333
0 0.632778 0.797222 0.072222 0.052222
0 0.498889 0.851111 0.084444 0.053333
0 0.407778 0.750000 0.075556 0.046667
3 0.415000 0.218333 0.081111 0.054444
3 0.710000 0.377778 0.057778 0.055556
3 0.581111 0.345556 0.060000 0.053333
3 0.150000 0.581111 0.080000 0.057778
3 0.428333 0.536111 0.074444 0.052222
3 0.619444 0.482778 0.067778 0.050000
3 0.821667 0.586111 0.090000 0.056667
3 0.443889 0.699444 0.085556 0.063333
3 0.284444 0.743889 0.075556 0.047778
2 0.288889 0.266111 0.075556 0.054444
2 0.136111 0.487222 0.078889 0.043333
2 0.266111 0.523889 0.056667 0.063333
2 0.497222 0.463889 0.074444 0.045556
2 0.472778 0.371111 0.074444 0.057778
2 0.680556 0.267222 0.061111 0.058889
2 0.593889 0.248333 0.070000 0.050000
2 0.727778 0.676667 0.064444 0.051111
2 0.205000 0.771667 0.076667 0.054444
2 0.560556 0.627778 0.063333 0.042222
1 0.327222 0.393889 0.070000 0.052222
1 0.187222 0.632778 0.081111 0.050000
1 0.350556 0.623889 0.076667 0.061111
1 0.415556 0.797222 0.077778 0.054444
1 0.347222 0.801667 0.058889 0.052222
1 0.670000 0.750000 0.066667 0.053333
