0 0.046667 0.255556 0.060000 0.073333
0 0.221667 0.597778 0.054444 0.073333
0 0.439444 0.582222 0.056667 0.064444
0 0.505556 0.611111 0.055556 0.084444
0 0.748889 0.613889 0.064444 0.076667
0 0.755000 0.525000 0.052222 0.056667
0 0.872222 0.378333 0.060000 0.067778
0 0.491667 0.437778 0.054444 0.057778
2 0.625556 0.111667 0.048889 0.061111
2 0.575000 0.181111 0.043333 0.064444
2 0.363333 0.285556 0.044444 0.053333
2 0.259444 0.323333 0.052222 0.053333
2 0.415556 0.410000 0.048889 0.057778
2 0.382778 0.338889 0.045556 0.051111
2 0.737222 0.464444 0.047778 0.062222
2 0.549444 0.510556 0.050000 0.061111
2 0.550000 0.586667 0.044444 0.062222
2 0.838333 0.691111 0.050000 0.073333
2 0.437222 0.641667 0.050000 0.061111
3 0.374444 0.143333 0.055556 0.062222
3 0.425000 0.296111 0.054444 0.070000
3 0.853333 0.441667 0.053333 0.061111
3 0.803889 0.476111 0.058889 0.074444
3 0.568333 0.656111 0.047778 0.070000
3 0.548333 0.797222 0.056667 0.065556
3 0.602778 0.886667 0.056667 0.086667
3 0.118333 0.547778 0.054444 0.062222
3 0.139444 0.378333 0.050000 0.067778
1 0.171111 0.232222 0.062222 0.060000
1 0.523889 0.303333 0.058889 0.068889
1 0.544444 0.218889 0.042222 0.060000
1 0.037222 0.388889 0.047778 0.062222
1 0.223889 0.726667 0.056667 0.075556
1 0.500556 0.502778 0.045556 0.067778
