3 0.495556 0.150000 0.051111 0.066667
3 0.339444 0.213333 0.045556 0.055556
3 0.266667 0.283889 0.042222 0.065556
3 0.056111 0.248333 0.054444 0.061111
3 0.721111 0.443889 0.042222 0.054444
3 0.795556 0.492778 0.051111 0.063333
3 0.793333 0.621667 0.053333 0.065556
3 0.736667 0.680556 0.048889 0.065556
3 0.528333 0.722222 0.043333 0.060000
3 0.412222 0.695000 0.042222 0.058889
2 0.665000 0.055000 0.047778 0.061111
2 0.466111 0.212778 0.038889 0.056667
2 0.715000 0.530556 0.043333 0.065556
2 0.828889 0.572222 0.037778 0.053333
2 0.871667 0.528333 0.047778 0.056667
2 0.482778 0.652778 0.047778 0.056667
2 0.368889 0.696667 0.040000 0.057778
2 0.200556 0.779444 0.050000 0.061111
0 0.310000 0.266667 0.051111 0.062222
0 0.516111 0.271111 0.043333 0.060000
0 0.820556 0.343333 0.047778 0.055556
0 0.504444 0.428333 0.048889 0.061111
0 0.457222 0.457778 0.054444 0.064444
0 0.216111 0.453889 0.056667 0.074444
0 0.547778 0.640000 0.053333 0.071111
3 0.196667 0.656111 0.053333 0.065556
1 0.211667 0.338889 0.041111 0.060000
1 0.283889 0.416111 0.056667 0.056667
1 0.408889 0.609444 0.051111 0.061111
1 0.640000 0.782778 0.042222 0.065556
1 0.573333 0.722222 0.046667 0.053333
1 0.982222 0.731667 0.035556 0.070000
