3 0.246667 0.178889 0.042222 0.053333
3 0.497222 0.210556 0.045556 0.056667
3 0.273333 0.397778 0.055556 0.068889
3 0.557778 0.307222 0.051111 0.061111
3 0.758333 0.428333 0.054444 0.067778
3 0.525556 0.596111 0.042222 0.061111
3 0.768889 0.708889 0.060000 0.073333
3 0.688333 0.864444 0.050000 0.075556
3 0.503889 0.701667 0.045556 0.063333
3 0.681667 0.977222 0.052222 0.045556
3 0.436667 0.758889 0.042222 0.062222
0 0.353333 0.198333 0.046667 0.058889
0 0.153333 0.321111 0.057778 0.062222
0 0.437222 0.277222 0.054444 0.063333
0 0.645556 0.242222 0.044444 0.064444
0 0.528333 0.350556 0.047778 0.054444
0 0.459444 0.501667 0.047778 0.058889
0 0.943889 0.636111 0.063333 0.074444
1 0.550000 0.238889 0.044444 0.060000
1 0.437222 0.398889 0.038889 0.057778
1 0.511667 0.411667 0.041111 0.045556
1 0.383333 0.665556 0.048889 0.062222
2 0.370000 0.268333 0.042222 0.056667
2 0.425556 0.351111 0.044444 0.042222
2 0.496111 0.283333 0.038889 0.057778
2 0.596667 0.407222 0.044444 0.058889
2 0.623889 0.520000 0.041111 0.062222
2 0.526667 0.509444 0.037778 0.056667
2 0.572778 0.641667 0.036667 0.067778
2 0.481111 0.443333 0.035556 0.042222
2 0.239444 0.597222 0.050000 0.052222
2 0.345556 0.634444 0.040000 0.057778
2 0.463333 0.712778 0.037778 0.063333
2 0.403889 0.490556 0.043333 0.061111
