0 0.573333 0.208889 0.046667 0.051111
0 0.486667 0.365556 0.048889 0.060000
0 0.380000 0.313889 0.046667 0.054444
0 0.936667 0.048333 0.046667 0.063333
0 0.797222 0.643889 0.043333 0.058889
0 0.975000 0.906667 0.050000 0.077778
0 0.973333 0.296667 0.053333 0.073333
2 0.456667 0.418333 0.040000 0.050000
2 0.668889 0.551667 0.033333 0.052222
2 0.633889 0.558889 0.034444 0.055556
2 0.950556 0.500000 0.043333 0.060000
2 0.990000 0.435000 0.020000 0.056667
2 0.764444 0.605000 0.037778 0.045556
2 0.692222 0.632778 0.051111 0.052222
2 0.865000 0.839444 0.050000 0.054444
2 0.055556 0.525556 0.037778 0.062222
3 0.482778 0.196667 0.043333 0.064444
3 0.583889 0.268889 0.041111 0.048889
3 0.677222 0.352778 0.038889 0.052222
3 0.602778 0.392222 0.043333 0.053333
3 0.623889 0.442222 0.041111 0.053333
3 0.586111 0.491667 0.038889 0.052222
3 0.555000 0.462778 0.043333 0.058889
3 0.295556 0.548333 0.053333 0.058889
3 0.270000 0.411111 0.042222 0.057778
3 0.451667 0.661111 0.047778 0.060000
3 0.538333 0.023889 0.041111 0.045556
1 0.898889 0.073889 0.037778 0.056667
1 0.647222 0.327778 0.030000 0.055556
1 0.402222 0.211111 0.042222 0.051111
1 0.210556 0.621667 0.050000 0.061111
1 0.753333 0.674444 0.042222 0.068889
