1 0.305556 0.027778 0.064444 0.048889
1 0.948889 0.089444 0.044444 0.056667
1 0.958889 0.311111 0.064444 0.040000
1 0.528889 0.578889 0.057778 0.044444
1 0.312778 0.531667 0.063333 0.043333
0 0.935556 0.800000 0.060000 0.048889
0 0.913333 0.770556 0.057778 0.041111
0 0.423333 0.598333 0.071111 0.063333
0 0.646667 0.512222 0.073333 0.048889
0 0.410000 0.081667 0.060000 0.045556
0 0.406111 0.034444 0.072222 0.048889
0 0.813333 0.068889 0.062222 0.048889
1 0.492222 0.527778 0.071111 0.051111
3 0.336667 0.438333 0.062222 0.054444
3 0.442778 0.402778 0.052222 0.052222
3 0.631111 0.379444 0.064444 0.056667
3 0.701111 0.602778 0.071111 0.054444
3 0.615556 0.801667 0.066667 0.058889
3 0.340000 0.820000 0.068889 0.055556
3 0.460556 0.772778 0.070000 0.045556
3 0.427778 0.720000 0.064444 0.053333
2 0.652778 0.147778 0.063333 0.044444
3 0.637778 0.050000 0.066667 0.048889
3 0.534444 0.043333 0.057778 0.048889
3 0.470000 0.035556 0.048889 0.046667
2 0.470000 0.081111 0.055556 0.044444
2 0.519444 0.440556 0.054444 0.050000
2 0.495556 0.404444 0.048889 0.046667
2 0.470556 0.459444 0.047778 0.043333
2 0.932222 0.583333 0.055556 0.046667
3 0.956667 0.351111 0.064444 0.042222
2 0.701111 0.715556 0.057778 0.055556
2 0.546667 0.668889 0.062222 0.053333
2 0.493889 0.654444 0.052222 0.046667
2 0.510000 0.615556 0.060000 0.042222
2 0.490000 0.721667 0.057778 0.043333
2 0.471667 0.831111 0.061111 0.042222
3 0.927222 0.706111 0.072222 0.045556
3 0.950000 0.742778 0.062222 0.032222
