3 0.360556 0.791111 0.070000 0.064444
3 0.523889 0.825000 0.054444 0.041111
3 0.723889 0.795000 0.058889 0.050000
3 0.422222 0.961111 0.064444 0.048889
3 0.445000 0.917778 0.050000 0.055556
3 0.796111 0.563333 0.065556 0.033333
3 0.783333 0.532222 0.064444 0.040000
3 0.594444 0.426667 0.053333 0.044444
3 0.777778 0.297222 0.044444 0.045556
3 0.737222 0.313889 0.054444 0.047778
3 0.453889 0.261111 0.067778 0.037778
3 0.647222 0.211111 0.067778 0.048889
2 0.417778 0.167778 0.062222 0.042222
2 0.545000 0.227778 0.058889 0.040000
2 0.666111 0.251667 0.054444 0.036667
2 0.719444 0.272222 0.050000 0.035556
2 0.422222 0.310556 0.057778 0.038889
2 0.562222 0.485000 0.055556 0.047778
2 0.687778 0.634444 0.060000 0.033333
2 0.231111 0.659444 0.062222 0.045556
2 0.942778 0.548333 0.050000 0.038889
2 0.843333 0.463333 0.051111 0.040000
1 0.707778 0.058333 0.062222 0.043333
2 0.804444 0.828333 0.064444 0.047778
1 0.678333 0.577222 0.056667 0.045556
1 0.432222 0.487222 0.057778 0.045556
1 0.675556 0.296111 0.062222 0.045556
0 0.480556 0.306667 0.067778 0.048889
0 0.415000 0.358889 0.061111 0.051111
0 0.526111 0.417222 0.070000 0.054444
0 0.448333 0.613889 0.070000 0.058889
0 0.418889 0.560556 0.062222 0.047778
0 0.688889 0.342778 0.062222 0.038889
1 0.392222 0.911667 0.055556 0.056667
