2 0.592778 0.311111 0.041111 0.053333
2 0.445556 0.509444 0.042222 0.067778
2 0.400556 0.445556 0.038889 0.066667
2 0.628889 0.540000 0.037778 0.066667
2 0.152222 0.767778 0.055556 0.064444
2 0.727222 0.972222 0.054444 0.055556
2 0.062222 0.406111 0.044444 0.063333
2 0.016667 0.339444 0.031111 0.061111
1 0.280556 0.581111 0.056667 0.055556
1 0.419444 0.311667 0.041111 0.054444
1 0.775000 0.405556 0.047778 0.060000
1 0.652778 0.103889 0.038889 0.061111
1 0.398333 0.968889 0.061111 0.062222
0 0.624444 0.171667 0.044444 0.063333
0 0.432222 0.182778 0.046667 0.058889
0 0.753889 0.343889 0.050000 0.067778
0 0.442222 0.437222 0.042222 0.061111
0 0.239444 0.543333 0.043333 0.060000
0 0.027222 0.846111 0.052222 0.085556
0 0.034444 0.197778 0.064444 0.082222
3 0.543333 0.075000 0.048889 0.056667
3 0.411667 0.253333 0.041111 0.053333
3 0.372778 0.269444 0.047778 0.045556
3 0.464444 0.331111 0.048889 0.068889
3 0.671111 0.551111 0.048889 0.080000
3 0.187222 0.963889 0.070000 0.072222
3 0.567778 0.967222 0.057778 0.065556
