1 0.741111 0.430556 0.051111 0.050000
1 0.726111 0.279444 0.052222 0.054444
1 0.806667 0.860556 0.046667 0.061111
1 0.261667 0.783889 0.047778 0.052222
3 0.652778 0.141667 0.047778 0.065556
3 0.859444 0.099444 0.045556 0.056667
3 0.801111 0.422222 0.042222 0.062222
3 0.816667 0.573889 0.048889 0.056667
3 0.597778 0.876667 0.051111 0.057778
3 0.603889 0.953333 0.052222 0.057778
3 0.298889 0.699444 0.051111 0.063333
3 0.100000 0.768333 0.055556 0.054444
1 0.218889 0.763889 0.042222 0.045556
2 0.273333 0.380556 0.040000 0.054444
2 0.746667 0.527222 0.035556 0.052222
2 0.852222 0.330556 0.044444 0.054444
2 0.892778 0.213889 0.045556 0.045556
2 0.735556 0.179444 0.037778 0.047778
2 0.428333 0.041111 0.043333 0.048889
2 0.846667 0.016667 0.051111 0.031111
2 0.838333 0.988333 0.067778 0.023333
2 0.228889 0.717778 0.051111 0.046667
0 0.584444 0.192222 0.051111 0.066667
0 0.905556 0.378889 0.051111 0.057778
0 0.705000 0.489444 0.050000 0.063333
0 0.677222 0.981667 0.050000 0.036667
0 0.242778 0.971111 0.054444 0.057778
0 0.051667 0.985556 0.054444 0.028889
