0 0.356111 0.490000 0.045556 0.055556
0 0.655000 0.507778 0.038889 0.046667
0 0.201667 0.533889 0.043333 0.052222
0 0.157222 0.528889 0.050000 0.055556
0 0.676667 0.646667 0.051111 0.055556
0 0.902222 0.426111 0.051111 0.056667
0 0.899444 0.256111 0.047778 0.054444
0 0.563889 0.107778 0.045556 0.064444
2 0.501667 0.182222 0.032222 0.057778
2 0.538333 0.025556 0.041111 0.046667
2 0.685000 0.480556 0.043333 0.038889
2 0.900000 0.337222 0.033333 0.047778
2 0.562778 0.499444 0.038889 0.043333
2 0.463333 0.977222 0.042222 0.041111
2 0.061111 0.501667 0.040000 0.056667
3 0.357222 0.266111 0.043333 0.061111
3 0.646111 0.159444 0.036667 0.052222
3 0.533889 0.167778 0.038889 0.048889
3 0.493333 0.550556 0.033333 0.054444
3 0.410000 0.500000 0.035556 0.046667
3 0.318333 0.490556 0.036667 0.047778
3 0.367222 0.025000 0.041111 0.047778
3 0.157222 0.025556 0.047778 0.048889
3 0.896667 0.378333 0.046667 0.036667
1 0.899444 0.137778 0.045556 0.057778
1 0.835556 0.414444 0.046667 0.060000
1 0.562778 0.418333 0.047778 0.056667
1 0.572222 0.800000 0.040000 0.055556
1 0.280000 0.656111 0.037778 0.047778
1 0.283889 0.552778 0.038889 0.054444
2 0.905000 0.864444 0.043333 0.051111
1 0.642222 0.668333 0.035556 0.047778
