3 0.708889 0.236667 0.057778 0.048889
3 0.970556 0.158333 0.056667 0.052222
3 0.472222 0.264444 0.042222 0.044444
3 0.121111 0.301667 0.060000 0.038889
3 0.207222 0.322778 0.045556 0.045556
3 0.328889 0.610556 0.062222 0.050000
3 0.723333 0.459444 0.060000 0.047778
3 0.446111 0.371111 0.056667 0.046667
3 0.933889 0.647222 0.063333 0.038889
0 0.594444 0.316111 0.064444 0.054444
0 0.522778 0.303333 0.058889 0.042222
0 0.479444 0.331111 0.065556 0.048889
0 0.397778 0.313333 0.060000 0.044444
0 0.568333 0.527222 0.054444 0.047778
0 0.513889 0.540556 0.045556 0.043333
0 0.465556 0.552222 0.066667 0.055556
0 0.353333 0.805000 0.073333 0.063333
0 0.112222 0.571667 0.073333 0.045556
1 0.596111 0.375556 0.061111 0.051111
1 0.569444 0.268333 0.056667 0.032222
1 0.615556 0.512778 0.055556 0.045556
1 0.667778 0.452778 0.057778 0.047778
1 0.373333 0.679444 0.077778 0.047778
2 0.284444 0.359444 0.051111 0.038889
2 0.257222 0.331111 0.052222 0.040000
2 0.435000 0.285000 0.050000 0.041111
2 0.403889 0.491667 0.050000 0.043333
2 0.377222 0.464444 0.056667 0.031111
2 0.715556 0.531111 0.057778 0.044444
2 0.587778 0.627778 0.053333 0.040000
2 0.382222 0.726667 0.053333 0.048889
