3 0.324444 0.129444 0.095556 0.058889
3 0.583889 0.128889 0.078889 0.062222
3 0.353889 0.261111 0.067778 0.057778
3 0.425000 0.378889 0.085556 0.062222
3 0.721111 0.447222 0.075556 0.072222
3 0.698333 0.363333 0.090000 0.071111
3 0.617778 0.656667 0.091111 0.075556
3 0.276111 0.766667 0.087778 0.064444
3 0.648889 0.751667 0.088889 0.072222
0 0.490000 0.236111 0.073333 0.065556
0 0.412222 0.222778 0.084444 0.078889
0 0.689444 0.241667 0.096667 0.076667
0 0.541667 0.446667 0.090000 0.057778
0 0.600556 0.535000 0.098889 0.070000
0 0.685000 0.550556 0.078889 0.072222
3 0.403333 0.731111 0.082222 0.062222
0 0.060556 0.568889 0.096667 0.066667
0 0.333333 0.312778 0.091111 0.065556
2 0.559444 0.196667 0.070000 0.064444
2 0.263889 0.276667 0.058889 0.060000
2 0.350000 0.522778 0.082222 0.052222
2 0.506667 0.541667 0.084444 0.052222
2 0.826111 0.476111 0.081111 0.058889
2 0.487778 0.750556 0.073333 0.070000
2 0.581111 0.782778 0.068889 0.072222
1 0.541111 0.368889 0.077778 0.066667
1 0.258333 0.399444 0.090000 0.063333
1 0.372222 0.422778 0.091111 0.070000
1 0.565556 0.850556 0.086667 0.056667
1 0.788333 0.737778 0.094444 0.073333
1 0.232222 0.567778 0.100000 0.060000
2 0.145000 0.680000 0.074444 0.062222
