1 0.428889 0.115556 0.053333 0.064444
1 0.348333 0.553889 0.038889 0.058889
1 0.338333 0.601667 0.050000 0.050000
1 0.373889 0.661111 0.047778 0.053333
1 0.550000 0.649444 0.042222 0.056667
2 0.503333 0.303889 0.044444 0.061111
2 0.704444 0.391111 0.046667 0.053333
2 0.696667 0.471111 0.042222 0.046667
2 0.513333 0.541111 0.046667 0.042222
2 0.319444 0.487222 0.047778 0.047778
2 0.222222 0.507222 0.044444 0.050000
2 0.457778 0.607778 0.044444 0.048889
2 0.538333 0.751111 0.045556 0.042222
2 0.332778 0.216111 0.056667 0.063333
2 0.225556 0.262222 0.051111 0.071111
3 0.402778 0.297778 0.052222 0.060000
3 0.512778 0.190556 0.056667 0.061111
3 0.638333 0.242222 0.045556 0.068889
3 0.555556 0.315556 0.051111 0.066667
3 0.510000 0.420556 0.046667 0.058889
3 0.601111 0.505556 0.053333 0.062222
3 0.671111 0.575000 0.048889 0.052222
3 0.450556 0.453333 0.050000 0.062222
3 0.311667 0.661667 0.043333 0.056667
0 0.340556 0.286111 0.047778 0.058889
0 0.663333 0.359444 0.046667 0.054444
0 0.376667 0.420000 0.055556 0.066667
0 0.259444 0.416111 0.047778 0.056667
0 0.196667 0.451111 0.060000 0.060000
0 0.220556 0.589444 0.061111 0.058889
0 0.259444 0.706111 0.054444 0.067778
0 0.645556 0.672778 0.060000 0.054444
