2 0.546667 0.251111 0.051111 0.042222
2 0.390000 0.287222 0.048889 0.050000
2 0.422778 0.363889 0.043333 0.063333
2 0.440000 0.504444 0.055556 0.051111
2 0.726111 0.473333 0.050000 0.048889
2 0.731111 0.533889 0.042222 0.054444
2 0.432778 0.567778 0.056667 0.055556
2 0.706111 0.686667 0.032222 0.062222
2 0.215000 0.726667 0.045556 0.071111
0 0.397222 0.222222 0.054444 0.075556
0 0.592222 0.227778 0.048889 0.068889
0 0.562778 0.309444 0.050000 0.070000
0 0.611111 0.507778 0.053333 0.077778
0 0.616111 0.681667 0.050000 0.067778
0 0.645556 0.763333 0.053333 0.075556
0 0.367778 0.702222 0.062222 0.080000
0 0.662778 0.678333 0.045556 0.074444
3 0.496111 0.136111 0.038889 0.056667
3 0.301111 0.185000 0.046667 0.065556
3 0.312222 0.461667 0.046667 0.067778
3 0.255556 0.491667 0.053333 0.052222
3 0.718889 0.371667 0.048889 0.063333
3 0.805556 0.555000 0.046667 0.056667
3 0.690000 0.508333 0.040000 0.067778
3 0.730556 0.636667 0.052222 0.066667
3 0.702778 0.817778 0.056667 0.068889
3 0.115556 0.941111 0.055556 0.091111
1 0.770000 0.121111 0.044444 0.064444
1 0.757222 0.223333 0.054444 0.066667
1 0.471667 0.207222 0.045556 0.061111
1 0.357222 0.436111 0.045556 0.076667
1 0.554444 0.461667 0.051111 0.072222
