3 0.422222 0.077222 0.048889 0.065556
3 0.400556 0.176667 0.034444 0.057778
3 0.630000 0.283889 0.046667 0.047778
3 0.719444 0.348333 0.036667 0.050000
3 0.761111 0.337778 0.048889 0.060000
3 0.747222 0.544444 0.038889 0.060000
3 0.532778 0.532222 0.036667 0.055556
3 0.327778 0.543889 0.035556 0.052222
3 0.341667 0.768889 0.043333 0.060000
3 0.365000 0.862222 0.041111 0.066667
2 0.462222 0.840000 0.033333 0.057778
2 0.512778 0.751111 0.032222 0.051111
2 0.527222 0.588889 0.041111 0.046667
2 0.292778 0.638333 0.032222 0.043333
2 0.287222 0.561667 0.041111 0.045556
2 0.508333 0.501111 0.030000 0.044444
2 0.425000 0.375556 0.034444 0.055556
2 0.490000 0.324444 0.031111 0.051111
2 0.393889 0.235556 0.034444 0.051111
2 0.730000 0.498889 0.040000 0.040000
2 0.730556 0.593333 0.034444 0.053333
0 0.688333 0.789444 0.050000 0.065556
0 0.247778 0.842778 0.044444 0.058889
0 0.612222 0.546667 0.042222 0.044444
0 0.421111 0.521667 0.040000 0.054444
0 0.613889 0.383333 0.041111 0.060000
0 0.685000 0.252222 0.056667 0.062222
0 0.619444 0.166111 0.047778 0.072222
0 0.443333 0.206667 0.042222 0.062222
1 0.721111 0.297222 0.033333 0.052222
1 0.729444 0.447222 0.045556 0.061111
1 0.461667 0.567778 0.045556 0.051111
1 0.318889 0.670000 0.044444 0.044444
1 0.525000 0.689444 0.045556 0.047778
