3 0.501111 0.134444 0.046667 0.064444
3 0.545000 0.218333 0.047778 0.070000
3 0.407222 0.188333 0.041111 0.061111
3 0.453333 0.277222 0.046667 0.056667
3 0.571667 0.467778 0.045556 0.060000
3 0.732778 0.484444 0.052222 0.066667
3 0.781111 0.470556 0.048889 0.070000
3 0.677778 0.615000 0.055556 0.076667
3 0.572222 0.835000 0.066667 0.090000
1 0.338889 0.338889 0.048889 0.060000
1 0.309444 0.540000 0.056667 0.080000
1 0.617222 0.461111 0.043333 0.071111
1 0.653889 0.420556 0.052222 0.074444
1 0.508333 0.256667 0.050000 0.055556
1 0.616111 0.787778 0.063333 0.080000
0 0.730556 0.740000 0.063333 0.082222
0 0.460000 0.601667 0.057778 0.094444
0 0.313333 0.695556 0.073333 0.086667
0 0.403333 0.583333 0.048889 0.073333
0 0.278333 0.443333 0.067778 0.071111
0 0.472222 0.212222 0.051111 0.051111
0 0.712222 0.132778 0.057778 0.061111
0 0.695000 0.081111 0.045556 0.064444
3 0.608333 0.351667 0.052222 0.058889
2 0.686667 0.232222 0.051111 0.057778
2 0.607222 0.248333 0.047778 0.058889
2 0.499444 0.329444 0.038889 0.061111
2 0.728333 0.347778 0.063333 0.064444
2 0.487222 0.405000 0.050000 0.063333
2 0.456667 0.437778 0.046667 0.062222
2 0.471667 0.533333 0.056667 0.037778
2 0.337778 0.401667 0.053333 0.054444
2 0.288333 0.380000 0.052222 0.044444
