3 0.141111 0.152778 0.053333 0.047778
2 0.067778 0.209444 0.046667 0.047778
0 0.072222 0.296111 0.064444 0.056667
1 0.336667 0.498333 0.055556 0.047778
3 0.038333 0.156111 0.061111 0.041111
3 0.136667 0.297222 0.062222 0.045556
3 0.401667 0.488333 0.056667 0.047778
3 0.027778 0.471111 0.053333 0.042222
3 0.360556 0.873889 0.056667 0.041111
3 0.604444 0.781111 0.062222 0.044444
3 0.922778 0.833333 0.050000 0.044444
2 0.029444 0.082778 0.052222 0.045556
2 0.182222 0.322778 0.046667 0.043333
2 0.027222 0.722222 0.052222 0.046667
2 0.160556 0.829444 0.054444 0.043333
2 0.661667 0.962778 0.058889 0.036667
2 0.972222 0.687222 0.051111 0.038889
2 0.937778 0.453333 0.060000 0.040000
0 0.461111 0.492778 0.060000 0.052222
0 0.027222 0.531667 0.052222 0.047778
0 0.783333 0.167222 0.062222 0.045556
0 0.773333 0.722778 0.060000 0.041111
0 0.307222 0.667778 0.067778 0.046667
0 0.247778 0.667222 0.055556 0.038889
0 0.414444 0.922222 0.064444 0.048889
0 0.975556 0.848889 0.048889 0.048889
1 0.022222 0.195556 0.042222 0.046667
1 0.032778 0.613333 0.063333 0.053333
1 0.027222 0.921111 0.052222 0.046667
1 0.870556 0.843333 0.050000 0.046667
