2 0.533333 0.188889 0.042222 0.055556
2 0.727222 0.350000 0.052222 0.053333
2 0.494444 0.348889 0.035556 0.053333
2 0.341111 0.307778 0.040000 0.055556
2 0.543889 0.431667 0.032222 0.056667
2 0.542222 0.503333 0.040000 0.048889
2 0.471111 0.600000 0.040000 0.048889
2 0.258333 0.561667 0.041111 0.050000
3 0.467222 0.252222 0.047778 0.055556
3 0.462778 0.404444 0.038889 0.055556
3 0.615000 0.392222 0.038889 0.064444
3 0.612222 0.288333 0.048889 0.052222
3 0.532222 0.565000 0.048889 0.056667
3 0.528889 0.728333 0.042222 0.061111
3 0.427222 0.737222 0.038889 0.056667
3 0.459444 0.707222 0.038889 0.061111
3 0.483333 0.658889 0.048889 0.066667
0 0.310000 0.356667 0.044444 0.062222
0 0.405000 0.440556 0.038889 0.052222
0 0.498889 0.406667 0.040000 0.057778
0 0.531667 0.376111 0.047778 0.054444
0 0.651111 0.346111 0.055556 0.065556
0 0.581667 0.440556 0.043333 0.061111
0 0.364444 0.597778 0.040000 0.055556
0 0.317778 0.617778 0.046667 0.053333
0 0.307778 0.505556 0.042222 0.055556
0 0.573333 0.665000 0.051111 0.072222
1 0.060000 0.446111 0.042222 0.061111
1 0.454444 0.547222 0.044444 0.054444
1 0.433333 0.590556 0.037778 0.061111
1 0.765000 0.668333 0.050000 0.065556
1 0.349444 0.738333 0.041111 0.052222
