0 0.780000 0.136667 0.073333 0.095556
0 0.646111 0.527222 0.061111 0.081111
0 0.456111 0.533889 0.063333 0.092222
0 0.106111 0.346667 0.065556 0.075556
0 0.131111 0.260556 0.075556 0.096667
0 0.933333 0.570556 0.051111 0.081111
0 0.870556 0.793889 0.070000 0.090000
0 0.425556 0.791111 0.080000 0.093333
3 0.881111 0.175556 0.064444 0.068889
3 0.930000 0.448333 0.048889 0.076667
3 0.346667 0.358333 0.062222 0.083333
3 0.173333 0.401111 0.071111 0.080000
3 0.058889 0.208333 0.084444 0.098889
3 0.596111 0.641667 0.065556 0.070000
3 0.707222 0.691667 0.061111 0.085556
3 0.750000 0.792778 0.071111 0.090000
0 0.800000 0.378889 0.057778 0.077778
2 0.671111 0.318889 0.064444 0.073333
2 0.751111 0.409444 0.051111 0.061111
2 0.775556 0.468889 0.057778 0.062222
2 0.885000 0.419444 0.045556 0.065556
2 0.534444 0.658333 0.046667 0.085556
2 0.384444 0.713889 0.071111 0.063333
2 0.620556 0.795556 0.058889 0.080000
2 0.505556 0.810556 0.057778 0.076667
1 0.212222 0.147222 0.071111 0.087778
1 0.404444 0.640556 0.064444 0.074444
1 0.782778 0.727222 0.056667 0.076667
1 0.836667 0.648889 0.060000 0.086667
1 0.218333 0.713889 0.072222 0.096667
1 0.298889 0.793333 0.075556 0.106667
