3 0.446111 0.149444 0.063333 0.107778
3 0.204444 0.225556 0.088889 0.097778
3 0.563333 0.233333 0.075556 0.104444
3 0.386111 0.505000 0.085556 0.118889
3 0.151667 0.400556 0.074444 0.092222
3 0.367222 0.776667 0.078889 0.104444
1 0.707222 0.175000 0.083333 0.110000
1 0.672778 0.326111 0.074444 0.076667
1 0.815000 0.512222 0.096667 0.080000
1 0.584444 0.543889 0.077778 0.103333
1 0.478333 0.606667 0.076667 0.088889
1 0.295556 0.475000 0.073333 0.087778
1 0.509444 0.393889 0.074444 0.083333
2 0.682778 0.770556 0.074444 0.110000
2 0.558333 0.712778 0.065556 0.074444
2 0.679444 0.527222 0.085556 0.090000
2 0.610000 0.355556 0.055556 0.095556
2 0.435000 0.292778 0.067778 0.094444
2 0.133889 0.305000 0.065556 0.074444
2 0.187778 0.475000 0.051111 0.067778
0 0.302778 0.353333 0.076667 0.082222
0 0.408889 0.376667 0.068889 0.088889
0 0.353333 0.256667 0.075556 0.095556
0 0.499444 0.772778 0.087778 0.105556
2 0.242778 0.761111 0.078889 0.093333
