2 0.789444 0.117778 0.047778 0.062222
2 0.586667 0.167778 0.044444 0.066667
2 0.857222 0.430000 0.056667 0.075556
2 0.588333 0.538333 0.054444 0.076667
2 0.786667 0.796667 0.066667 0.086667
2 0.505000 0.303333 0.047778 0.066667
2 0.131667 0.316111 0.045556 0.061111
2 0.391111 0.180556 0.051111 0.054444
3 0.450000 0.783889 0.062222 0.070000
3 0.592778 0.637778 0.054444 0.093333
3 0.644444 0.616111 0.060000 0.087778
3 0.905000 0.628889 0.074444 0.086667
3 0.398333 0.432778 0.063333 0.081111
3 0.559444 0.371667 0.054444 0.074444
3 0.781667 0.296111 0.054444 0.074444
3 0.572778 0.102222 0.050000 0.060000
3 0.413333 0.125556 0.046667 0.066667
0 0.331111 0.281111 0.062222 0.082222
0 0.663889 0.464444 0.063333 0.080000
0 0.641667 0.306111 0.054444 0.061111
0 0.541111 0.186667 0.046667 0.077778
0 0.451111 0.236667 0.060000 0.077778
0 0.510556 0.596111 0.054444 0.070000
0 0.453333 0.542222 0.064444 0.080000
0 0.435556 0.616667 0.068889 0.082222
0 0.642222 0.807222 0.077778 0.114444
1 0.723889 0.066667 0.047778 0.071111
1 0.183333 0.333889 0.060000 0.070000
1 0.210556 0.579444 0.070000 0.074444
1 0.270000 0.666111 0.075556 0.074444
1 0.605556 0.347222 0.044444 0.074444
1 0.310000 0.202778 0.044444 0.067778
