1 0.577778 0.578889 0.048889 0.060000
3 0.096667 0.164444 0.057778 0.066667
3 0.323333 0.311667 0.051111 0.067778
3 0.135556 0.397778 0.060000 0.060000
3 0.448889 0.446667 0.046667 0.046667
3 0.749444 0.697778 0.045556 0.075556
3 0.880556 0.726111 0.054444 0.070000
3 0.933333 0.512222 0.057778 0.068889
3 0.892778 0.923889 0.056667 0.061111
3 0.485000 0.988889 0.052222 0.022222
3 0.704444 0.920000 0.048889 0.066667
2 0.260556 0.095000 0.043333 0.056667
2 0.158889 0.106667 0.048889 0.064444
2 0.447778 0.648333 0.055556 0.058889
2 0.535556 0.768333 0.060000 0.074444
2 0.878333 0.620000 0.050000 0.068889
2 0.936667 0.741667 0.051111 0.072222
2 0.942222 0.919444 0.048889 0.070000
0 0.327778 0.068333 0.051111 0.078889
0 0.149444 0.256667 0.063333 0.073333
0 0.718333 0.560000 0.063333 0.082222
0 0.635000 0.688889 0.050000 0.075556
0 0.817778 0.729444 0.055556 0.072222
0 0.927222 0.981667 0.061111 0.036667
0 0.077778 0.853333 0.057778 0.077778
