0 0.221667 0.028889 0.072222 0.053333
0 0.217222 0.362222 0.063333 0.055556
0 0.450556 0.399444 0.063333 0.045556
0 0.540000 0.281667 0.064444 0.047778
0 0.598889 0.311111 0.053333 0.046667
0 0.385556 0.357222 0.057778 0.054444
0 0.674444 0.550000 0.064444 0.048889
0 0.348889 0.650556 0.073333 0.058889
3 0.267222 0.176667 0.061111 0.048889
3 0.386111 0.268889 0.052222 0.046667
3 0.505556 0.246111 0.042222 0.034444
3 0.556111 0.229444 0.061111 0.034444
3 0.580556 0.365556 0.072222 0.046667
3 0.706667 0.511111 0.060000 0.042222
3 0.439444 0.637778 0.058889 0.048889
2 0.390000 0.310556 0.055556 0.034444
2 0.315000 0.371667 0.061111 0.045556
2 0.588889 0.265000 0.035556 0.041111
2 0.395000 0.410000 0.054444 0.048889
2 0.217222 0.574444 0.072222 0.040000
2 0.154444 0.605000 0.062222 0.045556
2 0.270556 0.732222 0.058889 0.057778
1 0.482778 0.666667 0.063333 0.044444
1 0.437778 0.568333 0.073333 0.043333
1 0.185556 0.443889 0.062222 0.056667
1 0.495556 0.327222 0.057778 0.047778
3 0.444444 0.321111 0.053333 0.048889
1 0.537778 0.403333 0.066667 0.048889
3 0.753333 0.242778 0.053333 0.038889
