3 0.151667 0.080556 0.047778 0.054444
3 0.157778 0.247778 0.051111 0.060000
3 0.124444 0.385556 0.053333 0.060000
3 0.035556 0.536667 0.048889 0.055556
3 0.395556 0.703333 0.046667 0.055556
3 0.042222 0.834444 0.057778 0.055556
3 0.480000 0.487222 0.051111 0.043333
3 0.798889 0.063333 0.033333 0.057778
3 0.677778 0.146111 0.037778 0.047778
2 0.880556 0.271667 0.043333 0.056667
2 0.489444 0.262778 0.038889 0.058889
2 0.447778 0.231667 0.040000 0.047778
1 0.803889 0.475000 0.041111 0.056667
2 0.590556 0.473889 0.043333 0.050000
2 0.309444 0.572778 0.047778 0.047778
2 0.608889 0.821667 0.044444 0.045556
2 0.357222 0.736111 0.038889 0.054444
2 0.058889 0.728889 0.055556 0.048889
2 0.047222 0.950000 0.045556 0.057778
2 0.651667 0.050000 0.043333 0.057778
0 0.538889 0.250000 0.042222 0.064444
0 0.558889 0.300000 0.040000 0.060000
0 0.717222 0.203889 0.052222 0.065556
0 0.340000 0.348889 0.048889 0.064444
0 0.356111 0.566667 0.043333 0.053333
0 0.050556 0.296667 0.058889 0.064444
1 0.236667 0.958889 0.048889 0.057778
1 0.876111 0.068333 0.050000 0.067778
1 0.764444 0.056111 0.040000 0.070000
0 0.539444 0.985000 0.047778 0.030000
