0 0.807778 0.059444 0.048889 0.065556
0 0.288889 0.417222 0.044444 0.065556
0 0.370556 0.626111 0.054444 0.070000
0 0.345000 0.514444 0.045556 0.071111
0 0.548333 0.234444 0.041111 0.051111
2 0.534444 0.100000 0.037778 0.048889
2 0.490000 0.105556 0.040000 0.048889
2 0.756111 0.222778 0.047778 0.045556
2 0.552222 0.785000 0.044444 0.061111
3 0.666667 0.599444 0.051111 0.070000
3 0.733889 0.467778 0.041111 0.051111
3 0.703889 0.499444 0.043333 0.058889
3 0.353889 0.198889 0.034444 0.057778
2 0.558889 0.285000 0.046667 0.045556
3 0.391111 0.527222 0.037778 0.061111
3 0.133889 0.412222 0.052222 0.062222
3 0.111111 0.791667 0.048889 0.063333
3 0.270000 0.904444 0.046667 0.053333
3 0.289444 0.960000 0.050000 0.057778
1 0.320000 0.618333 0.037778 0.065556
1 0.665000 0.896667 0.047778 0.068889
1 0.813333 0.552222 0.053333 0.057778
1 0.634444 0.491667 0.053333 0.056667
2 0.611667 0.272778 0.052222 0.056667
2 0.081111 0.678333 0.055556 0.052222
0 0.123889 0.946667 0.058889 0.071111
1 0.072222 0.970000 0.048889 0.060000
2 0.312222 0.892778 0.035556 0.061111
2 0.291667 0.847778 0.047778 0.048889
