3 0.652222 0.339444 0.046667 0.038889
3 0.525556 0.364444 0.053333 0.044444
3 0.285000 0.255000 0.070000 0.045556
3 0.377222 0.455556 0.058889 0.048889
3 0.368333 0.560556 0.050000 0.045556
3 0.666667 0.763333 0.044444 0.044444
3 0.717778 0.673333 0.046667 0.042222
3 0.056667 0.607778 0.071111 0.044444
3 0.035000 0.472778 0.061111 0.054444
3 0.766667 0.471111 0.057778 0.042222
3 0.597778 0.696111 0.053333 0.043333
0 0.543889 0.116667 0.058889 0.042222
0 0.693889 0.308889 0.052222 0.042222
0 0.595556 0.283889 0.057778 0.045556
0 0.642778 0.533889 0.067778 0.050000
0 0.566111 0.526111 0.056667 0.047778
0 0.352778 0.636667 0.065556 0.053333
2 0.861667 0.250000 0.058889 0.044444
2 0.567222 0.422778 0.047778 0.043333
2 0.442778 0.386111 0.061111 0.038889
2 0.741111 0.562222 0.057778 0.037778
2 0.711111 0.467222 0.046667 0.041111
2 0.499444 0.536667 0.052222 0.040000
2 0.407778 0.717222 0.055556 0.036667
1 0.692222 0.635556 0.062222 0.037778
1 0.452778 0.650556 0.054444 0.047778
1 0.516667 0.732222 0.060000 0.046667
1 0.087222 0.710556 0.063333 0.047778
1 0.039444 0.808333 0.061111 0.056667
2 0.471111 0.867222 0.055556 0.050000
2 0.706667 0.801667 0.046667 0.043333
