0 0.537778 0.155556 0.080000 0.062222
0 0.377222 0.278889 0.074444 0.055556
0 0.800000 0.578889 0.071111 0.048889
0 0.756111 0.636111 0.067778 0.043333
0 0.455000 0.763333 0.061111 0.051111
0 0.464444 0.872778 0.075556 0.061111
0 0.439444 0.691111 0.054444 0.048889
0 0.428889 0.934444 0.057778 0.044444
3 0.919444 0.313889 0.058889 0.052222
3 0.596667 0.322778 0.066667 0.054444
3 0.520000 0.211667 0.073333 0.052222
3 0.315000 0.233333 0.056667 0.053333
3 0.550556 0.531111 0.056667 0.042222
3 0.753333 0.678333 0.066667 0.041111
3 0.566667 0.717222 0.053333 0.045556
3 0.622778 0.800000 0.056667 0.051111
3 0.511111 0.710556 0.055556 0.045556
3 0.414444 0.975000 0.062222 0.045556
1 0.174444 0.832222 0.071111 0.044444
1 0.281111 0.701111 0.060000 0.051111
1 0.559444 0.765556 0.058889 0.046667
1 0.645000 0.757222 0.074444 0.047778
1 0.491667 0.669444 0.054444 0.043333
2 0.657778 0.365556 0.055556 0.048889
2 0.571111 0.445556 0.048889 0.051111
2 0.402222 0.372778 0.053333 0.045556
2 0.282222 0.378333 0.068889 0.045556
2 0.262778 0.643889 0.058889 0.043333
2 0.222222 0.705000 0.053333 0.041111
2 0.522222 0.636111 0.064444 0.036667
2 0.596111 0.633889 0.052222 0.047778
1 0.973333 0.972222 0.053333 0.051111
