2 0.239444 0.273333 0.038889 0.057778
2 0.382222 0.364444 0.042222 0.055556
2 0.376111 0.205000 0.047778 0.061111
2 0.457778 0.167778 0.042222 0.051111
2 0.568889 0.189444 0.046667 0.043333
2 0.588889 0.125000 0.028889 0.056667
2 0.558333 0.139444 0.038889 0.054444
2 0.495000 0.852222 0.050000 0.057778
2 0.850000 0.965556 0.053333 0.057778
2 0.520556 0.921111 0.045556 0.062222
2 0.307222 0.941667 0.054444 0.063333
3 0.493333 0.317778 0.046667 0.051111
3 0.433333 0.308889 0.040000 0.051111
3 0.400556 0.280556 0.038889 0.061111
3 0.825556 0.038333 0.046667 0.063333
3 0.913333 0.078889 0.040000 0.064444
3 0.475000 0.045000 0.045556 0.050000
3 0.403333 0.024444 0.044444 0.046667
3 0.097222 0.357222 0.043333 0.063333
0 0.591667 0.251111 0.058889 0.064444
0 0.731111 0.225000 0.046667 0.054444
0 0.731667 0.480556 0.054444 0.065556
0 0.899444 0.286667 0.054444 0.066667
0 0.467778 0.267778 0.048889 0.057778
0 0.394444 0.963333 0.053333 0.071111
0 0.880000 0.039444 0.042222 0.054444
3 0.623889 0.123333 0.036667 0.057778
2 0.653333 0.541667 0.044444 0.065556
1 0.942222 0.963889 0.055556 0.067778
1 0.435556 0.955000 0.044444 0.072222
1 0.486667 0.966667 0.057778 0.062222
1 0.018333 0.848889 0.034444 0.068889
