0 0.492778 0.333889 0.052222 0.058889
0 0.566667 0.362222 0.060000 0.073333
0 0.950556 0.468889 0.065556 0.073333
0 0.548333 0.537222 0.050000 0.074444
0 0.503333 0.509444 0.055556 0.061111
0 0.697222 0.876667 0.070000 0.097778
0 0.750556 0.066111 0.054444 0.067778
3 0.288889 0.210000 0.055556 0.073333
3 0.626667 0.338889 0.053333 0.053333
3 0.749444 0.309444 0.054444 0.076667
3 0.671111 0.506111 0.042222 0.056667
3 0.503333 0.613333 0.046667 0.071111
3 0.645000 0.708889 0.054444 0.075556
3 0.692778 0.667778 0.054444 0.075556
3 0.697222 0.565556 0.063333 0.060000
2 0.366111 0.116111 0.045556 0.063333
2 0.617222 0.205000 0.045556 0.070000
2 0.804444 0.082222 0.053333 0.057778
2 0.797778 0.293889 0.044444 0.052222
2 0.885556 0.431667 0.048889 0.076667
2 0.627222 0.411667 0.047778 0.061111
2 0.625000 0.500000 0.050000 0.060000
2 0.681111 0.960556 0.046667 0.074444
1 0.789444 0.364444 0.058889 0.057778
1 0.531667 0.448889 0.054444 0.064444
1 0.520556 0.389444 0.047778 0.058889
1 0.455556 0.619444 0.046667 0.078889
1 0.584444 0.661667 0.062222 0.072222
1 0.643333 0.628889 0.055556 0.071111
