0 0.706667 0.199444 0.055556 0.065556
0 0.756667 0.332778 0.048889 0.065556
0 0.775556 0.456111 0.055556 0.074444
0 0.820000 0.434444 0.042222 0.064444
0 0.457222 0.617778 0.052222 0.073333
0 0.383333 0.787778 0.044444 0.064444
3 0.384444 0.416667 0.055556 0.057778
3 0.415556 0.367222 0.046667 0.050000
3 0.391667 0.279444 0.052222 0.056667
3 0.247778 0.527222 0.046667 0.061111
3 0.360000 0.545556 0.057778 0.068889
3 0.528333 0.508889 0.050000 0.060000
3 0.308889 0.728333 0.048889 0.065556
3 0.700000 0.699444 0.055556 0.065556
3 0.722222 0.656667 0.042222 0.051111
3 0.566111 0.160000 0.052222 0.066667
2 0.654444 0.243333 0.042222 0.060000
2 0.605556 0.392778 0.042222 0.063333
2 0.461111 0.448889 0.037778 0.060000
2 0.577778 0.503889 0.040000 0.054444
2 0.377778 0.471667 0.044444 0.050000
2 0.273889 0.373889 0.041111 0.050000
2 0.283889 0.295556 0.052222 0.053333
2 0.276111 0.645556 0.050000 0.046667
2 0.523889 0.650556 0.050000 0.050000
2 0.744444 0.715556 0.037778 0.066667
1 0.720556 0.280000 0.050000 0.055556
1 0.763333 0.581111 0.051111 0.064444
1 0.606667 0.575556 0.051111 0.066667
1 0.545556 0.727222 0.051111 0.070000
1 0.485556 0.771111 0.051111 0.051111
0 0.610556 0.720000 0.050000 0.075556
