3 0.145556 0.321667 0.060000 0.041111
3 0.154444 0.432778 0.048889 0.038889
3 0.251111 0.616667 0.060000 0.044444
3 0.020556 0.603889 0.036667 0.047778
3 0.515556 0.821111 0.046667 0.046667
3 0.545000 0.481667 0.061111 0.038889
3 0.488889 0.565000 0.046667 0.045556
3 0.479444 0.656667 0.050000 0.037778
3 0.502222 0.276111 0.055556 0.038889
3 0.017222 0.820000 0.032222 0.055556
2 0.868889 0.059444 0.060000 0.034444
2 0.472778 0.236667 0.054444 0.042222
2 0.450556 0.291667 0.050000 0.032222
2 0.587778 0.355556 0.055556 0.040000
2 0.978333 0.515556 0.038889 0.040000
2 0.485556 0.915556 0.064444 0.037778
2 0.166667 0.468333 0.060000 0.030000
2 0.017222 0.427222 0.032222 0.061111
1 0.668333 0.330556 0.045556 0.038889
1 0.800556 0.400556 0.056667 0.047778
1 0.586667 0.431667 0.046667 0.043333
1 0.938889 0.533889 0.040000 0.043333
1 0.646111 0.701111 0.052222 0.042222
1 0.541111 0.692222 0.060000 0.042222
0 0.922778 0.088333 0.061111 0.047778
0 0.648889 0.291667 0.062222 0.043333
0 0.593889 0.307222 0.063333 0.043333
0 0.500556 0.336667 0.052222 0.035556
0 0.452222 0.344444 0.048889 0.037778
0 0.088333 0.402778 0.072222 0.047778
0 0.476667 0.621111 0.055556 0.040000
0 0.520556 0.775000 0.061111 0.038889
