0 0.954444 0.253889 0.060000 0.072222
0 0.780556 0.593333 0.058889 0.073333
0 0.560000 0.580556 0.057778 0.065556
0 0.495556 0.611111 0.055556 0.091111
0 0.249444 0.612778 0.063333 0.074444
0 0.245556 0.524444 0.055556 0.060000
0 0.128333 0.377778 0.065556 0.066667
0 0.506667 0.439444 0.057778 0.061111
3 0.624444 0.141111 0.053333 0.062222
3 0.576111 0.296111 0.054444 0.070000
3 0.860000 0.377222 0.053333 0.070000
3 0.881667 0.548333 0.056667 0.067778
3 0.450000 0.795556 0.057778 0.071111
3 0.398889 0.887778 0.062222 0.084444
3 0.197222 0.476111 0.054444 0.072222
3 0.146111 0.440556 0.050000 0.058889
3 0.431111 0.656111 0.048889 0.072222
1 0.780556 0.725556 0.065556 0.077778
1 0.501111 0.503889 0.048889 0.067778
1 0.475556 0.298889 0.055556 0.064444
1 0.456667 0.220000 0.046667 0.057778
1 0.828333 0.233889 0.061111 0.061111
1 0.962778 0.386667 0.050000 0.068889
2 0.373333 0.112778 0.055556 0.063333
2 0.424444 0.180000 0.040000 0.057778
2 0.636667 0.286667 0.044444 0.051111
2 0.739444 0.325000 0.050000 0.052222
2 0.618333 0.337778 0.043333 0.046667
2 0.586111 0.408333 0.043333 0.056667
2 0.563333 0.640556 0.055556 0.056667
2 0.161667 0.691111 0.056667 0.073333
2 0.450556 0.510000 0.050000 0.062222
2 0.447778 0.584444 0.042222 0.068889
2 0.261667 0.463333 0.050000 0.064444
