2 0.663889 0.257222 0.045556 0.050000
2 0.641667 0.285000 0.034444 0.056667
2 0.275556 0.380000 0.044444 0.051111
2 0.535556 0.380000 0.040000 0.051111
2 0.716111 0.436667 0.043333 0.048889
2 0.468333 0.715556 0.045556 0.064444
2 0.370556 0.585556 0.043333 0.053333
3 0.696667 0.121111 0.035556 0.055556
3 0.675000 0.211111 0.047778 0.051111
3 0.426667 0.113889 0.051111 0.056667
3 0.387778 0.329444 0.053333 0.061111
3 0.627778 0.444444 0.044444 0.053333
3 0.735556 0.475000 0.044444 0.045556
3 0.760556 0.707222 0.045556 0.050000
3 0.538333 0.726111 0.052222 0.058889
3 0.841111 0.968333 0.051111 0.058889
3 0.351667 0.934444 0.041111 0.062222
0 0.198333 0.356667 0.063333 0.073333
0 0.445556 0.461111 0.051111 0.062222
0 0.458333 0.516111 0.043333 0.052222
0 0.471667 0.564444 0.047778 0.051111
0 0.681667 0.593889 0.054444 0.058889
0 0.686111 0.395000 0.043333 0.054444
0 0.669444 0.479444 0.047778 0.056667
0 0.696111 0.520556 0.043333 0.045556
1 0.321111 0.374444 0.046667 0.068889
1 0.625000 0.598333 0.045556 0.058889
1 0.731111 0.568889 0.035556 0.053333
1 0.485556 0.616667 0.048889 0.051111
1 0.546667 0.668333 0.046667 0.063333
2 0.506667 0.405556 0.046667 0.048889
