0 0.378889 0.250000 0.057778 0.075556
0 0.214444 0.271667 0.060000 0.054444
0 0.497222 0.158333 0.041111 0.041111
0 0.651667 0.415556 0.050000 0.068889
0 0.687778 0.371111 0.055556 0.077778
0 0.537222 0.437778 0.058889 0.071111
0 0.845556 0.335556 0.060000 0.080000
0 0.477222 0.116667 0.063333 0.084444
3 0.420556 0.160556 0.052222 0.063333
3 0.223889 0.212778 0.058889 0.065556
3 0.433889 0.238889 0.047778 0.077778
3 0.527778 0.245000 0.048889 0.058889
3 0.665000 0.200556 0.052222 0.050000
3 0.640556 0.325556 0.050000 0.068889
3 0.621111 0.249444 0.055556 0.065556
3 0.378333 0.436667 0.054444 0.075556
3 0.178333 0.371111 0.056667 0.068889
3 0.275556 0.744444 0.060000 0.082222
0 0.419444 0.647222 0.052222 0.085556
2 0.478333 0.230000 0.047778 0.064444
2 0.676667 0.254444 0.051111 0.057778
2 0.276111 0.335000 0.050000 0.067778
2 0.223333 0.331667 0.051111 0.056667
2 0.670556 0.497222 0.056667 0.067778
2 0.425000 0.411111 0.041111 0.068889
2 0.375556 0.555000 0.053333 0.070000
2 0.478333 0.660000 0.054444 0.066667
2 0.963889 0.272222 0.056667 0.066667
1 0.853333 0.132222 0.060000 0.062222
1 0.958889 0.095000 0.048889 0.067778
1 0.786667 0.343333 0.055556 0.077778
1 0.603889 0.558333 0.061111 0.078889
1 0.362222 0.168333 0.053333 0.058889
