0 0.511667 0.340000 0.065556 0.048889
0 0.630000 0.520556 0.055556 0.052222
0 0.427222 0.557778 0.052222 0.044444
0 0.331111 0.405000 0.064444 0.047778
0 0.379444 0.653333 0.067778 0.053333
0 0.601111 0.692222 0.055556 0.042222
0 0.650556 0.721111 0.052222 0.044444
2 0.425556 0.216667 0.057778 0.035556
2 0.867778 0.212778 0.046667 0.045556
2 0.771667 0.459444 0.047778 0.045556
2 0.668889 0.403889 0.060000 0.036667
2 0.457778 0.357222 0.046667 0.041111
2 0.397222 0.373889 0.058889 0.041111
2 0.273889 0.531111 0.065556 0.037778
2 0.403333 0.717778 0.055556 0.033333
2 0.777222 0.647222 0.056667 0.038889
2 0.505000 0.951667 0.070000 0.036667
2 0.029444 0.789444 0.056667 0.047778
3 0.378333 0.240556 0.061111 0.043333
3 0.768889 0.245556 0.051111 0.044444
3 0.590556 0.381667 0.056667 0.043333
3 0.250000 0.578889 0.060000 0.040000
3 0.362778 0.740000 0.056667 0.037778
3 0.703889 0.595000 0.054444 0.045556
3 0.695556 0.549444 0.055556 0.030000
0 0.726111 0.825556 0.058889 0.046667
1 0.663333 0.442778 0.055556 0.041111
1 0.591667 0.466111 0.058889 0.041111
1 0.288889 0.494444 0.062222 0.035556
1 0.595556 0.737778 0.057778 0.040000
3 0.574444 0.503889 0.053333 0.034444
3 0.607778 0.427222 0.055556 0.038889
