1 0.311111 0.654444 0.064444 0.075556
1 0.330000 0.731667 0.055556 0.083333
1 0.652778 0.745556 0.065556 0.077778
1 0.508333 0.230556 0.052222 0.076667
0 0.590000 0.347222 0.060000 0.083333
0 0.598333 0.537778 0.067778 0.073333
0 0.750556 0.641111 0.074444 0.091111
0 0.516667 0.600000 0.057778 0.066667
0 0.276667 0.478889 0.064444 0.073333
0 0.487222 0.882778 0.063333 0.094444
3 0.648333 0.080000 0.052222 0.062222
3 0.384444 0.262778 0.057778 0.076667
3 0.692222 0.380556 0.060000 0.083333
3 0.507778 0.525556 0.062222 0.071111
3 0.305556 0.558889 0.055556 0.073333
3 0.564444 0.698333 0.055556 0.078889
2 0.385556 0.500556 0.060000 0.061111
2 0.535000 0.458333 0.056667 0.063333
2 0.820000 0.571111 0.053333 0.068889
2 0.865556 0.550556 0.057778 0.074444
2 0.371111 0.636111 0.057778 0.072222
2 0.410556 0.702778 0.058889 0.061111
2 0.281111 0.728333 0.044444 0.085556
2 0.381667 0.882778 0.063333 0.081111
