0 0.292222 0.443333 0.084444 0.055556
0 0.551667 0.475556 0.072222 0.051111
0 0.633333 0.418889 0.084444 0.057778
0 0.410000 0.741667 0.066667 0.043333
0 0.501667 0.841667 0.076667 0.052222
0 0.635556 0.787778 0.075556 0.048889
0 0.777222 0.726667 0.092222 0.073333
1 0.320556 0.390556 0.078889 0.047778
1 0.185000 0.627222 0.087778 0.052222
1 0.347222 0.617778 0.078889 0.057778
1 0.349444 0.792778 0.058889 0.058889
1 0.416667 0.788889 0.075556 0.053333
1 0.673333 0.738889 0.062222 0.060000
2 0.672222 0.255000 0.066667 0.052222
2 0.577778 0.239444 0.060000 0.052222
2 0.472222 0.362778 0.066667 0.047778
2 0.275556 0.258333 0.075556 0.047778
2 0.131111 0.482222 0.071111 0.048889
2 0.262222 0.525556 0.062222 0.053333
2 0.557778 0.618889 0.064444 0.044444
2 0.497778 0.452778 0.064444 0.047778
2 0.727222 0.667778 0.056667 0.042222
2 0.200556 0.767222 0.074444 0.058889
3 0.408333 0.212778 0.083333 0.063333
3 0.573889 0.342778 0.074444 0.056667
3 0.704444 0.369444 0.062222 0.061111
3 0.821667 0.572778 0.074444 0.056667
3 0.445000 0.692222 0.083333 0.062222
3 0.425000 0.530000 0.070000 0.057778
3 0.290000 0.740556 0.071111 0.052222
3 0.148333 0.572778 0.078889 0.052222
3 0.616111 0.470000 0.063333 0.051111
