2 0.496667 0.316111 0.055556 0.052222
2 0.427222 0.387222 0.045556 0.036667
2 0.738889 0.473889 0.040000 0.036667
2 0.741667 0.535556 0.056667 0.042222
2 0.545000 0.683333 0.050000 0.042222
2 0.587222 0.794444 0.052222 0.044444
2 0.449444 0.726667 0.045556 0.042222
2 0.427222 0.586667 0.054444 0.046667
2 0.400556 0.513889 0.061111 0.041111
2 0.102778 0.511667 0.056667 0.041111
2 0.103889 0.587222 0.061111 0.030000
3 0.637778 0.300000 0.066667 0.048889
3 0.667222 0.372778 0.065556 0.054444
3 0.687222 0.549444 0.050000 0.045556
3 0.393333 0.559444 0.057778 0.041111
3 0.577222 0.843889 0.054444 0.045556
3 0.247778 0.762222 0.055556 0.037778
3 0.116111 0.709444 0.052222 0.043333
3 0.055556 0.718889 0.073333 0.051111
3 0.078333 0.550556 0.061111 0.043333
0 0.166111 0.351111 0.065556 0.051111
0 0.800000 0.315556 0.053333 0.048889
0 0.276667 0.549444 0.060000 0.041111
0 0.271111 0.680000 0.064444 0.048889
0 0.162778 0.789444 0.076667 0.052222
0 0.258333 0.856111 0.067778 0.058889
0 0.518889 0.819444 0.048889 0.047778
0 0.551111 0.567778 0.064444 0.053333
1 0.404444 0.432222 0.062222 0.040000
1 0.495556 0.531111 0.057778 0.037778
1 0.696667 0.447778 0.053333 0.042222
3 0.545000 0.923333 0.056667 0.062222
1 0.106111 0.630556 0.072222 0.047778
1 0.111111 0.753333 0.057778 0.048889
