0 0.450556 0.591111 0.076667 0.084444
0 0.261111 0.411667 0.080000 0.090000
0 0.493889 0.848333 0.087778 0.123333
3 0.478333 0.133333 0.078889 0.088889
3 0.470556 0.215000 0.054444 0.087778
3 0.409444 0.212222 0.081111 0.082222
3 0.186111 0.201667 0.096667 0.105556
3 0.315000 0.312222 0.081111 0.100000
3 0.533333 0.189444 0.066667 0.107778
3 0.798889 0.327222 0.093333 0.096667
3 0.655000 0.439444 0.072222 0.090000
3 0.794444 0.780000 0.084444 0.120000
3 0.574444 0.915556 0.088889 0.142222
3 0.400556 0.725556 0.078889 0.095556
3 0.229444 0.711667 0.083333 0.105556
3 0.221667 0.533889 0.094444 0.090000
2 0.430000 0.295556 0.082222 0.082222
2 0.483333 0.324444 0.075556 0.084444
2 0.520000 0.429444 0.068889 0.103333
2 0.597778 0.387222 0.062222 0.105556
2 0.670000 0.560000 0.091111 0.091111
2 0.561667 0.786667 0.081111 0.086667
2 0.293333 0.508333 0.053333 0.085556
2 0.304444 0.789444 0.071111 0.107778
1 0.682778 0.185000 0.085556 0.107778
1 0.664444 0.350556 0.075556 0.074444
1 0.169444 0.652222 0.072222 0.080000
1 0.570000 0.590000 0.075556 0.111111
