1 0.241667 0.238889 0.072222 0.042222
1 0.413889 0.435556 0.063333 0.040000
1 0.653889 0.616667 0.067778 0.044444
1 0.587222 0.841111 0.061111 0.044444
1 0.311111 0.779444 0.066667 0.043333
0 0.228889 0.193889 0.064444 0.050000
0 0.547222 0.131667 0.061111 0.054444
0 0.856111 0.388889 0.074444 0.042222
0 0.552222 0.430556 0.060000 0.043333
0 0.320000 0.533889 0.066667 0.045556
0 0.309444 0.613889 0.056667 0.050000
0 0.551111 0.728333 0.068889 0.050000
0 0.307778 0.700000 0.073333 0.057778
2 0.733333 0.147222 0.051111 0.041111
2 0.793889 0.122222 0.056667 0.051111
2 0.417222 0.401667 0.054444 0.030000
2 0.773333 0.562778 0.048889 0.047778
2 0.065000 0.759444 0.063333 0.043333
2 0.076667 0.533333 0.064444 0.040000
2 0.127222 0.333333 0.063333 0.037778
3 0.229444 0.107222 0.054444 0.047778
3 0.473333 0.081111 0.053333 0.044444
3 0.391111 0.295000 0.064444 0.052222
3 0.229444 0.376667 0.047778 0.046667
3 0.207778 0.267778 0.062222 0.028889
3 0.126667 0.157778 0.064444 0.055556
3 0.490556 0.575556 0.061111 0.046667
3 0.836667 0.571667 0.071111 0.045556
3 0.135000 0.856667 0.067778 0.051111
3 0.787222 0.777222 0.063333 0.050000
3 0.878333 0.724444 0.065556 0.053333
