3 0.443333 0.148333 0.044444 0.063333
3 0.242778 0.142778 0.050000 0.070000
3 0.699444 0.360556 0.056667 0.070000
3 0.381111 0.456111 0.051111 0.074444
3 0.541667 0.585556 0.056667 0.066667
3 0.280000 0.649444 0.048889 0.074444
3 0.775000 0.598889 0.058889 0.060000
3 0.606667 0.793333 0.062222 0.084444
3 0.355000 0.885556 0.070000 0.091111
3 0.551667 0.147778 0.047778 0.075556
3 0.477222 0.557778 0.050000 0.075556
0 0.477778 0.722222 0.071111 0.080000
0 0.548333 0.713333 0.056667 0.066667
0 0.405000 0.205556 0.052222 0.086667
0 0.692222 0.224444 0.048889 0.075556
0 0.765556 0.303889 0.064444 0.076667
0 0.674444 0.438889 0.064444 0.071111
0 0.764444 0.509444 0.051111 0.063333
2 0.590000 0.206667 0.040000 0.066667
2 0.629444 0.226667 0.043333 0.064444
2 0.638333 0.291667 0.058889 0.063333
2 0.308333 0.312222 0.043333 0.066667
2 0.417778 0.397222 0.055556 0.054444
2 0.367222 0.537778 0.052222 0.071111
2 0.674444 0.530000 0.037778 0.077778
2 0.687222 0.690556 0.045556 0.072222
2 0.368889 0.803333 0.060000 0.068889
1 0.739444 0.098333 0.052222 0.063333
1 0.736667 0.195556 0.044444 0.066667
1 0.453889 0.243333 0.047778 0.062222
1 0.361111 0.331667 0.048889 0.081111
1 0.718333 0.614444 0.050000 0.073333
1 0.621667 0.397778 0.054444 0.075556
