0 0.731111 0.205556 0.057778 0.071111
0 0.774444 0.326111 0.057778 0.056667
0 0.801111 0.470000 0.051111 0.066667
0 0.746111 0.507222 0.061111 0.061111
0 0.750000 0.593889 0.048889 0.063333
0 0.616667 0.510000 0.064444 0.077778
0 0.326111 0.593889 0.054444 0.061111
0 0.332222 0.264444 0.053333 0.055556
3 0.537222 0.484444 0.054444 0.064444
3 0.479444 0.520556 0.041111 0.058889
3 0.406667 0.525000 0.051111 0.063333
3 0.678889 0.258333 0.046667 0.058889
3 0.303889 0.369444 0.052222 0.052222
3 0.436667 0.626667 0.053333 0.073333
3 0.595556 0.638333 0.044444 0.061111
3 0.483889 0.753333 0.052222 0.060000
3 0.352222 0.705556 0.042222 0.066667
2 0.490556 0.637778 0.043333 0.055556
2 0.731111 0.731667 0.051111 0.067778
2 0.278889 0.563333 0.053333 0.048889
2 0.283889 0.479444 0.043333 0.058889
2 0.418889 0.460556 0.035556 0.058889
2 0.468889 0.398889 0.040000 0.051111
2 0.525556 0.322778 0.048889 0.047778
2 0.671667 0.440556 0.052222 0.050000
2 0.771667 0.416667 0.043333 0.055556
1 0.650000 0.713333 0.057778 0.064444
1 0.641111 0.375000 0.044444 0.063333
1 0.648889 0.321111 0.055556 0.051111
2 0.435556 0.176667 0.044444 0.048889
1 0.613333 0.264444 0.053333 0.053333
1 0.433889 0.283333 0.043333 0.064444
