0 0.602222 0.116667 0.073333 0.062222
0 0.483889 0.151111 0.083333 0.060000
0 0.463889 0.261111 0.063333 0.053333
0 0.613889 0.478889 0.081111 0.051111
0 0.525556 0.513889 0.084444 0.065556
0 0.272222 0.513889 0.077778 0.058889
0 0.241111 0.663333 0.100000 0.060000
0 0.026667 0.611111 0.051111 0.055556
1 0.496667 0.385000 0.071111 0.050000
1 0.718889 0.351111 0.066667 0.051111
1 0.253333 0.453333 0.071111 0.051111
1 0.199444 0.299444 0.078889 0.056667
1 0.333889 0.163889 0.076667 0.056667
3 0.261667 0.213889 0.076667 0.061111
3 0.625000 0.182222 0.074444 0.057778
3 0.448889 0.313333 0.062222 0.051111
3 0.343889 0.327222 0.070000 0.054444
3 0.372778 0.016111 0.070000 0.030000
3 0.368889 0.692778 0.075556 0.054444
3 0.170000 0.696667 0.071111 0.051111
3 0.135556 0.642222 0.077778 0.057778
3 0.143889 0.496667 0.065556 0.053333
1 0.530000 0.030556 0.073333 0.058889
2 0.577778 0.667778 0.060000 0.057778
2 0.721111 0.585000 0.071111 0.050000
2 0.219444 0.559444 0.074444 0.052222
2 0.412778 0.360000 0.074444 0.037778
2 0.713889 0.390556 0.072222 0.045556
2 0.544444 0.265000 0.057778 0.058889
2 0.342778 0.260556 0.063333 0.054444
2 0.408889 0.235000 0.062222 0.041111
3 0.063889 0.690556 0.083333 0.054444
