0 0.719444 0.378889 0.067778 0.060000
0 0.615556 0.482222 0.060000 0.051111
0 0.196667 0.481111 0.068889 0.055556
0 0.251667 0.540556 0.063333 0.054444
0 0.634444 0.843333 0.077778 0.060000
0 0.666667 0.501111 0.064444 0.053333
0 0.431111 0.818889 0.073333 0.066667
2 0.233333 0.423889 0.071111 0.041111
2 0.555000 0.325000 0.061111 0.050000
2 0.543889 0.389444 0.065556 0.036667
2 0.787222 0.453889 0.056667 0.043333
2 0.486111 0.613889 0.070000 0.043333
2 0.407222 0.583333 0.065556 0.037778
2 0.351111 0.477222 0.064444 0.045556
2 0.323889 0.551667 0.065556 0.043333
2 0.325556 0.688333 0.060000 0.050000
2 0.618889 0.761111 0.064444 0.046667
2 0.642222 0.791667 0.055556 0.038889
1 0.629444 0.605000 0.067778 0.036667
1 0.436667 0.446667 0.066667 0.048889
1 0.392222 0.515556 0.073333 0.048889
1 0.777778 0.624444 0.060000 0.051111
1 0.868333 0.737778 0.056667 0.048889
3 0.355000 0.430556 0.072222 0.045556
3 0.482222 0.354444 0.066667 0.057778
3 0.521111 0.508889 0.060000 0.046667
3 0.747778 0.578333 0.064444 0.047778
3 0.510556 0.658889 0.061111 0.046667
3 0.649444 0.711111 0.061111 0.051111
3 0.810000 0.706111 0.073333 0.054444
3 0.866667 0.689444 0.062222 0.041111
0 0.394444 0.716667 0.077778 0.060000
3 0.334444 0.603889 0.080000 0.052222
3 0.291111 0.645556 0.057778 0.051111
