3 0.556111 0.144444 0.045556 0.057778
3 0.759444 0.142778 0.058889 0.067778
3 0.448889 0.147778 0.051111 0.068889
3 0.616667 0.452778 0.055556 0.067778
3 0.458333 0.583333 0.058889 0.057778
3 0.525556 0.555556 0.057778 0.068889
3 0.393333 0.792222 0.066667 0.082222
3 0.224444 0.600556 0.060000 0.063333
3 0.718333 0.651111 0.050000 0.075556
3 0.303333 0.361111 0.062222 0.068889
3 0.642778 0.882222 0.063333 0.084444
1 0.261111 0.098333 0.055556 0.070000
1 0.257778 0.196111 0.044444 0.072222
1 0.634444 0.332222 0.066667 0.086667
1 0.277222 0.611667 0.052222 0.072222
1 0.375556 0.392222 0.057778 0.064444
1 0.549444 0.246111 0.045556 0.056667
0 0.302222 0.219444 0.053333 0.072222
0 0.593889 0.202222 0.058889 0.082222
0 0.236111 0.299444 0.067778 0.067778
0 0.328889 0.438333 0.066667 0.065556
0 0.235556 0.508333 0.060000 0.067778
0 0.523333 0.720556 0.077778 0.090000
0 0.446667 0.711667 0.062222 0.081111
2 0.635556 0.538889 0.048889 0.088889
2 0.693889 0.309444 0.045556 0.065556
2 0.406111 0.206667 0.045556 0.064444
2 0.371667 0.225000 0.050000 0.061111
2 0.362222 0.293333 0.057778 0.064444
2 0.324444 0.535556 0.044444 0.071111
2 0.311667 0.689444 0.050000 0.070000
2 0.630556 0.801667 0.056667 0.072222
