3 0.482778 0.177778 0.041111 0.060000
3 0.571667 0.185000 0.038889 0.054444
3 0.719444 0.176111 0.043333 0.056667
3 0.619444 0.440556 0.043333 0.050000
3 0.696111 0.532222 0.041111 0.046667
3 0.694444 0.612222 0.048889 0.060000
3 0.505000 0.477222 0.041111 0.052222
3 0.946111 0.621111 0.045556 0.064444
3 0.051667 0.955000 0.054444 0.067778
3 0.341111 0.483889 0.042222 0.061111
3 0.372778 0.397778 0.036667 0.048889
2 0.451111 0.221111 0.031111 0.053333
2 0.421667 0.243333 0.032222 0.051111
2 0.418333 0.317222 0.038889 0.047778
2 0.667778 0.305000 0.037778 0.052222
2 0.838333 0.379444 0.036667 0.056667
2 0.351667 0.908333 0.036667 0.061111
2 0.299444 0.897222 0.036667 0.054444
2 0.261111 0.776667 0.046667 0.048889
2 0.051111 0.566667 0.037778 0.051111
0 0.062778 0.285556 0.052222 0.064444
0 0.142778 0.413333 0.052222 0.055556
0 0.368333 0.341667 0.052222 0.061111
0 0.368889 0.286111 0.044444 0.050000
0 0.370000 0.234444 0.042222 0.053333
0 0.578333 0.298333 0.052222 0.063333
0 0.315000 0.714444 0.047778 0.055556
3 0.333333 0.837778 0.042222 0.062222
1 0.332778 0.135556 0.038889 0.053333
1 0.081667 0.207778 0.050000 0.060000
1 0.335000 0.217222 0.030000 0.061111
1 0.279444 0.847778 0.050000 0.046667
