0 0.883333 0.082778 0.044444 0.065556
0 0.564444 0.287778 0.055556 0.068889
0 0.507222 0.282778 0.047778 0.058889
0 0.177222 0.938889 0.067778 0.077778
0 0.367778 0.023333 0.048889 0.044444
0 0.980000 0.356111 0.040000 0.076667
3 0.705000 0.258889 0.047778 0.055556
3 0.641111 0.045556 0.046667 0.060000
3 0.518889 0.220556 0.046667 0.063333
3 0.317778 0.443889 0.044444 0.063333
3 0.388889 0.804444 0.040000 0.066667
3 0.428889 0.832778 0.046667 0.072222
3 0.525000 0.887778 0.056667 0.068889
3 0.306667 0.977222 0.057778 0.045556
3 0.951111 0.135000 0.046667 0.063333
2 0.327778 0.062778 0.037778 0.063333
2 0.587222 0.127222 0.043333 0.061111
2 0.466667 0.198333 0.040000 0.063333
2 0.683333 0.401667 0.046667 0.052222
2 0.566111 0.812222 0.045556 0.053333
2 0.326667 0.725556 0.046667 0.060000
2 0.268889 0.837778 0.040000 0.064444
2 0.357778 0.479444 0.044444 0.050000
1 0.626111 0.105000 0.043333 0.056667
1 0.428333 0.976667 0.052222 0.046667
1 0.311667 0.853889 0.045556 0.074444
1 0.048889 0.976667 0.060000 0.046667
