2 0.551667 0.185000 0.041111 0.063333
2 0.855556 0.273889 0.048889 0.054444
2 0.864444 0.347222 0.060000 0.065556
2 0.418889 0.532778 0.051111 0.070000
2 0.831667 0.790000 0.056667 0.075556
3 0.955000 0.190000 0.054444 0.051111
3 0.681667 0.423333 0.050000 0.068889
3 0.777778 0.108333 0.057778 0.070000
3 0.589444 0.151667 0.043333 0.054444
3 0.623889 0.221111 0.052222 0.073333
3 0.543333 0.292222 0.053333 0.064444
3 0.391111 0.467778 0.055556 0.064444
3 0.595556 0.689444 0.064444 0.092222
2 0.740556 0.983333 0.063333 0.033333
0 0.666667 0.680556 0.071111 0.096667
0 0.944444 0.463889 0.071111 0.078889
1 0.883333 0.667778 0.080000 0.075556
1 0.718889 0.386111 0.053333 0.081111
0 0.256667 0.391667 0.057778 0.083333
0 0.807778 0.276667 0.048889 0.075556
