0 0.506111 0.222222 0.047778 0.062222
0 0.446111 0.184444 0.036667 0.053333
0 0.923889 0.274444 0.036667 0.055556
0 0.562778 0.443333 0.047778 0.062222
0 0.600000 0.495000 0.040000 0.061111
0 0.637778 0.527778 0.040000 0.051111
0 0.882778 0.921111 0.047778 0.057778
0 0.170000 0.963889 0.048889 0.050000
3 0.692778 0.456111 0.038889 0.056667
3 0.657778 0.439444 0.035556 0.043333
3 0.640000 0.477222 0.031111 0.045556
3 0.498333 0.425000 0.041111 0.056667
3 0.567778 0.547778 0.037778 0.051111
0 0.478333 0.530556 0.038889 0.045556
3 0.627778 0.577222 0.044444 0.041111
3 0.677778 0.587778 0.037778 0.046667
3 0.791667 0.616111 0.041111 0.052222
3 0.768333 0.945000 0.052222 0.061111
2 0.610556 0.183333 0.036667 0.051111
2 0.393333 0.488333 0.035556 0.050000
2 0.531667 0.513889 0.032222 0.050000
2 0.710556 0.535556 0.032222 0.048889
2 0.728889 0.675556 0.033333 0.048889
2 0.758889 0.670000 0.037778 0.048889
2 0.451667 0.698333 0.043333 0.047778
2 0.950000 0.501667 0.040000 0.050000
1 0.622778 0.426667 0.036667 0.055556
1 0.675000 0.535556 0.034444 0.057778
1 0.778889 0.733889 0.042222 0.050000
1 0.911667 0.948889 0.036667 0.057778
1 0.536667 0.972222 0.037778 0.055556
1 0.736667 0.237778 0.044444 0.042222
