3 0.330000 0.116111 0.044444 0.058889
3 0.528889 0.036667 0.040000 0.057778
3 0.688333 0.333333 0.047778 0.051111
3 0.685000 0.485556 0.052222 0.051111
3 0.716111 0.637778 0.043333 0.057778
3 0.681667 0.940556 0.047778 0.058889
3 0.480000 0.928889 0.053333 0.055556
3 0.338889 0.948333 0.048889 0.054444
3 0.101111 0.937222 0.048889 0.067778
3 0.071111 0.500556 0.057778 0.063333
3 0.217222 0.423889 0.038889 0.054444
3 0.092778 0.341667 0.047778 0.054444
1 0.096667 0.105000 0.040000 0.063333
1 0.362222 0.441111 0.042222 0.057778
1 0.753333 0.938889 0.042222 0.068889
1 0.137222 0.836667 0.050000 0.064444
1 0.181111 0.449444 0.044444 0.052222
0 0.511667 0.254444 0.052222 0.062222
0 0.377222 0.225000 0.032222 0.050000
0 0.311111 0.319444 0.048889 0.061111
0 0.397778 0.413333 0.040000 0.057778
0 0.676667 0.663333 0.042222 0.062222
0 0.405000 0.946111 0.052222 0.070000
0 0.616667 0.943333 0.044444 0.068889
2 0.646667 0.898889 0.046667 0.042222
2 0.801667 0.686667 0.043333 0.053333
2 0.659444 0.576111 0.054444 0.045556
2 0.352778 0.299444 0.050000 0.041111
2 0.397778 0.268889 0.035556 0.042222
2 0.346667 0.259444 0.046667 0.038889
2 0.286667 0.271667 0.037778 0.032222
2 0.089444 0.056667 0.047778 0.033333
