0 0.463333 0.311111 0.071111 0.055556
0 0.397778 0.361667 0.057778 0.043333
0 0.404444 0.566111 0.053333 0.038889
0 0.670556 0.678333 0.052222 0.036667
0 0.585000 0.655556 0.063333 0.044444
0 0.463333 0.775000 0.057778 0.052222
0 0.323889 0.795556 0.061111 0.048889
0 0.364444 0.878333 0.064444 0.058889
2 0.433333 0.403889 0.057778 0.034444
2 0.831667 0.590000 0.050000 0.044444
2 0.728889 0.680556 0.053333 0.043333
2 0.791111 0.768889 0.057778 0.040000
2 0.625000 0.828333 0.050000 0.043333
2 0.460556 0.911667 0.047778 0.045556
2 0.336111 0.981111 0.050000 0.037778
2 0.271667 0.693889 0.050000 0.043333
2 0.315556 0.665556 0.053333 0.026667
2 0.627222 0.683333 0.034444 0.037778
2 0.643889 0.638333 0.054444 0.038889
3 0.457222 0.236667 0.056667 0.051111
3 0.621111 0.369444 0.051111 0.045556
3 0.579444 0.418889 0.058889 0.042222
3 0.549444 0.386111 0.056667 0.034444
3 0.382222 0.534444 0.057778 0.037778
3 0.685000 0.528889 0.054444 0.046667
3 0.424444 0.445000 0.062222 0.045556
3 0.584444 0.698333 0.048889 0.038889
3 0.175556 0.856111 0.060000 0.050000
1 0.269444 0.156111 0.061111 0.050000
1 0.262222 0.416111 0.062222 0.050000
1 0.365556 0.397222 0.055556 0.045556
1 0.666667 0.599444 0.057778 0.038889
1 0.342778 0.692778 0.050000 0.038889
1 0.311111 0.745556 0.051111 0.046667
