3 0.158333 0.298333 0.063333 0.050000
3 0.487222 0.432778 0.054444 0.050000
3 0.642778 0.337222 0.065556 0.052222
3 0.706667 0.303333 0.060000 0.044444
3 0.681111 0.265556 0.046667 0.040000
3 0.305556 0.556111 0.068889 0.052222
3 0.382222 0.715000 0.071111 0.056667
3 0.680556 0.706667 0.070000 0.057778
3 0.566667 0.646667 0.053333 0.046667
0 0.752778 0.608889 0.065556 0.057778
0 0.665000 0.536667 0.065556 0.046667
0 0.736667 0.400556 0.066667 0.054444
0 0.801111 0.336667 0.066667 0.053333
2 0.483889 0.271111 0.058889 0.044444
2 0.375000 0.433889 0.065556 0.047778
2 0.474444 0.548889 0.060000 0.040000
2 0.445000 0.521667 0.050000 0.050000
2 0.932222 0.518889 0.053333 0.044444
1 0.884444 0.511667 0.055556 0.052222
1 0.722222 0.346111 0.064444 0.041111
1 0.669444 0.578333 0.070000 0.038889
1 0.613333 0.615556 0.064444 0.051111
1 0.722222 0.346111 0.057778 0.041111
1 0.373889 0.290000 0.061111 0.048889
0 0.631111 0.278333 0.046667 0.047778
2 0.027778 0.436667 0.053333 0.053333
2 0.772222 0.371111 0.040000 0.042222
1 0.725000 0.344444 0.056667 0.040000
