0 0.608889 0.248889 0.046667 0.068889
0 0.963333 0.192778 0.062222 0.067778
0 0.819444 0.506111 0.063333 0.067778
0 0.680556 0.697778 0.056667 0.071111
0 0.235556 0.843333 0.062222 0.077778
3 0.648333 0.307778 0.041111 0.053333
3 0.673333 0.376667 0.051111 0.051111
3 0.729444 0.406111 0.041111 0.052222
3 0.731667 0.715000 0.047778 0.058889
3 0.439444 0.671111 0.047778 0.066667
3 0.338889 0.732778 0.044444 0.061111
3 0.296111 0.838333 0.043333 0.065556
3 0.185000 0.720556 0.052222 0.070000
2 0.346111 0.159444 0.043333 0.058889
2 0.601111 0.347778 0.044444 0.046667
2 0.090000 0.388333 0.055556 0.047778
2 0.103889 0.433889 0.050000 0.050000
2 0.298889 0.758333 0.035556 0.061111
2 0.750000 0.665556 0.055556 0.046667
1 0.646111 0.170000 0.043333 0.060000
1 0.832222 0.341667 0.048889 0.063333
1 0.377222 0.687778 0.054444 0.068889
0 0.395000 0.758889 0.052222 0.071111
