2 0.238333 0.161111 0.047778 0.044444
2 0.295000 0.285000 0.041111 0.056667
2 0.287222 0.359444 0.034444 0.058889
2 0.442778 0.204444 0.034444 0.068889
2 0.519444 0.142778 0.041111 0.063333
2 0.275556 0.241111 0.042222 0.051111
2 0.250556 0.205000 0.036667 0.052222
2 0.387778 0.430000 0.040000 0.062222
2 0.376667 0.606667 0.042222 0.062222
2 0.565556 0.597222 0.048889 0.061111
2 0.584444 0.746111 0.042222 0.063333
2 0.314444 0.703333 0.053333 0.053333
3 0.835000 0.576111 0.056667 0.058889
3 0.670000 0.456667 0.057778 0.062222
3 0.497778 0.760556 0.060000 0.076667
3 0.534444 0.701667 0.053333 0.070000
3 0.522222 0.560556 0.048889 0.070000
3 0.436667 0.891667 0.057778 0.081111
3 0.293889 0.826667 0.047778 0.062222
3 0.187778 0.406111 0.057778 0.074444
3 0.345556 0.425556 0.040000 0.062222
3 0.300000 0.195000 0.051111 0.056667
3 0.216111 0.241667 0.047778 0.061111
0 0.700556 0.758889 0.056667 0.080000
0 0.563333 0.812222 0.066667 0.077778
0 0.581667 0.505000 0.061111 0.067778
0 0.532222 0.356667 0.048889 0.075556
1 0.688889 0.390000 0.051111 0.075556
1 0.325556 0.366667 0.042222 0.060000
1 0.419444 0.589444 0.052222 0.070000
1 0.326667 0.767778 0.051111 0.066667
0 0.476667 0.096667 0.053333 0.062222
0 0.483889 0.185556 0.052222 0.062222
