1 0.648333 0.321111 0.056667 0.055556
1 0.641111 0.377222 0.046667 0.061111
1 0.430000 0.283889 0.046667 0.070000
1 0.650000 0.713333 0.055556 0.068889
1 0.611111 0.264444 0.051111 0.060000
3 0.305556 0.370000 0.055556 0.046667
3 0.477778 0.521111 0.040000 0.057778
3 0.410000 0.524444 0.053333 0.062222
3 0.436111 0.626111 0.054444 0.076667
3 0.352222 0.707222 0.048889 0.070000
3 0.487222 0.755000 0.061111 0.063333
3 0.594444 0.640000 0.055556 0.068889
3 0.538333 0.485556 0.058889 0.068889
3 0.676667 0.258889 0.046667 0.057778
2 0.436111 0.180556 0.043333 0.052222
2 0.523889 0.325000 0.047778 0.054444
2 0.471111 0.397778 0.046667 0.048889
2 0.420000 0.462778 0.042222 0.054444
2 0.284444 0.481667 0.046667 0.056667
2 0.673333 0.440000 0.046667 0.048889
2 0.772222 0.416111 0.044444 0.054444
2 0.276667 0.564444 0.048889 0.055556
2 0.488333 0.640556 0.043333 0.063333
2 0.732778 0.738889 0.050000 0.071111
0 0.332778 0.266667 0.054444 0.062222
0 0.730000 0.207778 0.051111 0.075556
0 0.775556 0.327222 0.060000 0.065556
0 0.616667 0.510556 0.055556 0.067778
0 0.745000 0.506667 0.058889 0.053333
0 0.801111 0.473889 0.053333 0.067778
0 0.751111 0.592778 0.048889 0.063333
0 0.326111 0.594444 0.050000 0.060000
