2 0.162778 0.297778 0.050000 0.044444
2 0.461667 0.326667 0.054444 0.035556
2 0.503889 0.128333 0.054444 0.041111
2 0.965000 0.845556 0.023333 0.037778
2 0.828889 0.779444 0.028889 0.036667
2 0.838333 0.736111 0.036667 0.038889
2 0.895000 0.538889 0.047778 0.042222
0 0.601111 0.182222 0.062222 0.051111
0 0.621667 0.125556 0.061111 0.046667
0 0.745000 0.778889 0.058889 0.040000
0 0.963889 0.953333 0.067778 0.048889
0 0.925000 0.825000 0.050000 0.045556
0 0.849444 0.563333 0.058889 0.044444
3 0.464444 0.367222 0.057778 0.045556
3 0.831111 0.448333 0.057778 0.043333
3 0.857222 0.691111 0.065556 0.044444
3 0.736667 0.679444 0.053333 0.038889
3 0.812778 0.632222 0.063333 0.051111
3 0.765000 0.730556 0.043333 0.034444
3 0.695000 0.829444 0.050000 0.043333
3 0.584444 0.758889 0.048889 0.044444
3 0.516667 0.903333 0.053333 0.046667
3 0.015556 0.870556 0.028889 0.047778
1 0.865556 0.780000 0.048889 0.051111
1 0.796111 0.766111 0.043333 0.045556
3 0.802222 0.719444 0.040000 0.041111
3 0.162222 0.448889 0.064444 0.044444
1 0.372222 0.275556 0.064444 0.046667
3 0.024444 0.130556 0.046667 0.047778
0 0.272222 0.866111 0.071111 0.056667
