0 0.292778 0.238333 0.065556 0.065556
0 0.662222 0.372778 0.053333 0.067778
0 0.552222 0.441667 0.048889 0.065556
0 0.333333 0.336111 0.051111 0.058889
0 0.368333 0.395556 0.050000 0.055556
0 0.247222 0.438889 0.056667 0.064444
0 0.035000 0.633889 0.058889 0.070000
0 0.226667 0.904444 0.046667 0.071111
2 0.492222 0.200000 0.053333 0.064444
2 0.170556 0.371667 0.045556 0.063333
2 0.392222 0.525000 0.046667 0.045556
2 0.504444 0.482222 0.046667 0.051111
2 0.580556 0.820000 0.041111 0.064444
2 0.445000 0.761111 0.050000 0.051111
2 0.193889 0.792778 0.038889 0.067778
2 0.373333 0.682778 0.033333 0.050000
1 0.027778 0.153889 0.051111 0.058889
1 0.437222 0.425000 0.047778 0.054444
1 0.506667 0.419444 0.048889 0.067778
1 0.694444 0.448333 0.051111 0.063333
1 0.686111 0.578889 0.043333 0.062222
1 0.423889 0.627778 0.047778 0.053333
3 0.613889 0.623889 0.050000 0.074444
3 0.562778 0.592222 0.045556 0.055556
3 0.551111 0.645556 0.046667 0.051111
3 0.410556 0.696667 0.038889 0.066667
3 0.362222 0.630556 0.044444 0.058889
3 0.202778 0.590556 0.054444 0.061111
3 0.305556 0.503333 0.040000 0.062222
3 0.158889 0.772778 0.037778 0.058889
3 0.465000 0.568889 0.045556 0.057778
3 0.500000 0.537778 0.040000 0.057778
