2 0.287222 0.130000 0.054444 0.057778
2 0.073333 0.356667 0.055556 0.051111
2 0.215000 0.373889 0.050000 0.054444
2 0.483333 0.228889 0.051111 0.064444
2 0.666667 0.288333 0.046667 0.056667
2 0.725556 0.271111 0.040000 0.062222
2 0.196667 0.543333 0.051111 0.051111
2 0.391111 0.553333 0.044444 0.042222
2 0.368889 0.663889 0.048889 0.052222
2 0.513333 0.758333 0.051111 0.067778
2 0.806667 0.686667 0.040000 0.055556
2 0.638889 0.540556 0.057778 0.052222
3 0.276111 0.221667 0.054444 0.058889
3 0.275556 0.310556 0.066667 0.074444
3 0.421111 0.511667 0.051111 0.061111
3 0.528889 0.613889 0.055556 0.070000
3 0.295000 0.716667 0.047778 0.062222
3 0.247222 0.481667 0.047778 0.054444
3 0.651111 0.395556 0.051111 0.055556
3 0.568889 0.455556 0.051111 0.057778
3 0.531667 0.399444 0.054444 0.065556
3 0.566111 0.231667 0.036667 0.058889
1 0.363889 0.829444 0.047778 0.076667
1 0.272778 0.546111 0.052222 0.065556
1 0.357222 0.358333 0.056667 0.063333
1 0.812222 0.604444 0.048889 0.064444
0 0.187778 0.666111 0.055556 0.067778
0 0.409444 0.607222 0.061111 0.063333
0 0.640000 0.601667 0.057778 0.072222
0 0.185556 0.428889 0.057778 0.066667
0 0.554444 0.340000 0.051111 0.062222
0 0.486667 0.433889 0.051111 0.054444
0 0.800556 0.462778 0.054444 0.063333
0 0.847778 0.655000 0.060000 0.070000
