1 0.646667 0.312778 0.044444 0.052222
1 0.645000 0.908889 0.045556 0.053333
1 0.504444 0.906111 0.042222 0.065556
1 0.315556 0.978889 0.040000 0.042222
1 0.119444 0.712778 0.047778 0.056667
0 0.874444 0.097778 0.046667 0.062222
0 0.910000 0.209444 0.044444 0.056667
0 0.936111 0.560556 0.045556 0.050000
0 0.630556 0.547778 0.058889 0.064444
0 0.677778 0.371667 0.053333 0.061111
0 0.623889 0.351111 0.043333 0.046667
0 0.611111 0.278889 0.044444 0.060000
0 0.649444 0.972222 0.045556 0.053333
2 0.164444 0.023889 0.066667 0.045556
2 0.887778 0.040556 0.048889 0.050000
2 0.931111 0.273889 0.044444 0.041111
2 0.950000 0.670556 0.048889 0.052222
2 0.775556 0.676667 0.048889 0.053333
2 0.742778 0.973333 0.052222 0.048889
2 0.438889 0.945556 0.044444 0.062222
0 0.867222 0.937778 0.056667 0.064444
3 0.689444 0.250556 0.038889 0.054444
3 0.725000 0.266111 0.043333 0.065556
3 0.808889 0.080000 0.044444 0.060000
3 0.688889 0.448333 0.040000 0.056667
3 0.683889 0.624444 0.036667 0.060000
3 0.488333 0.748889 0.045556 0.060000
3 0.830556 0.842778 0.043333 0.063333
3 0.907222 0.961667 0.041111 0.061111
3 0.606667 0.967778 0.048889 0.064444
3 0.507778 0.965000 0.040000 0.056667
