0 0.463889 0.140556 0.061111 0.063333
0 0.569444 0.158889 0.065556 0.064444
0 0.201667 0.350000 0.061111 0.044444
0 0.279444 0.427778 0.056667 0.057778
0 0.457222 0.516111 0.072222 0.052222
0 0.437222 0.623333 0.078889 0.055556
0 0.582778 0.561111 0.070000 0.042222
0 0.660556 0.630000 0.061111 0.057778
0 0.330556 0.596667 0.076667 0.055556
2 0.263333 0.227778 0.048889 0.048889
2 0.508333 0.388889 0.056667 0.051111
2 0.276667 0.296111 0.062222 0.045556
2 0.752222 0.220556 0.057778 0.047778
2 0.517222 0.087222 0.067778 0.043333
2 0.851111 0.546667 0.060000 0.051111
2 0.258889 0.551111 0.053333 0.046667
2 0.344444 0.733333 0.062222 0.044444
3 0.513333 0.130000 0.046667 0.044444
3 0.787778 0.393333 0.064444 0.046667
3 0.586111 0.520000 0.063333 0.040000
3 0.587222 0.734444 0.061111 0.046667
3 0.372222 0.690000 0.075556 0.053333
3 0.266111 0.715000 0.070000 0.056667
3 0.567778 0.843333 0.073333 0.055556
3 0.596667 0.602222 0.071111 0.040000
3 0.339444 0.440000 0.061111 0.051111
1 0.731111 0.441667 0.068889 0.054444
1 0.030556 0.265556 0.058889 0.057778
1 0.098889 0.600556 0.073333 0.063333
1 0.516667 0.626667 0.066667 0.055556
1 0.577778 0.646111 0.053333 0.050000
1 0.639444 0.675556 0.061111 0.053333
