0 0.528333 0.067778 0.050000 0.044444
0 0.520000 0.371111 0.068889 0.044444
0 0.443889 0.345000 0.054444 0.043333
0 0.447778 0.566667 0.071111 0.046667
0 0.377778 0.650000 0.064444 0.042222
0 0.326667 0.500556 0.064444 0.047778
0 0.556111 0.785000 0.065556 0.056667
0 0.627778 0.553333 0.057778 0.037778
0 0.978333 0.210556 0.043333 0.050000
3 0.633889 0.263333 0.061111 0.042222
3 0.347222 0.313333 0.061111 0.040000
3 0.209444 0.338333 0.047778 0.045556
3 0.407778 0.450000 0.057778 0.046667
3 0.432222 0.493333 0.055556 0.044444
3 0.780000 0.638889 0.055556 0.046667
3 0.502222 0.630000 0.064444 0.044444
3 0.433333 0.608333 0.064444 0.034444
1 0.681667 0.372778 0.061111 0.041111
1 0.498333 0.333889 0.056667 0.032222
1 0.462778 0.446111 0.058889 0.043333
1 0.727778 0.541667 0.053333 0.047778
1 0.554444 0.609444 0.066667 0.045556
2 0.391111 0.359444 0.042222 0.038889
2 0.257778 0.347778 0.046667 0.040000
2 0.636667 0.486667 0.057778 0.037778
2 0.680000 0.523889 0.046667 0.038889
2 0.597778 0.641111 0.051111 0.037778
2 0.538889 0.662222 0.046667 0.044444
2 0.363333 0.561667 0.053333 0.036667
2 0.383333 0.588889 0.046667 0.042222
