2 0.426667 0.178333 0.033333 0.058889
2 0.372778 0.112778 0.047778 0.063333
2 0.638333 0.285000 0.043333 0.054444
2 0.737222 0.323333 0.045556 0.055556
2 0.585000 0.409444 0.045556 0.052222
2 0.625556 0.341111 0.055556 0.053333
2 0.452222 0.508333 0.048889 0.061111
2 0.449444 0.585000 0.038889 0.063333
2 0.562222 0.639444 0.051111 0.056667
2 0.160000 0.690556 0.051111 0.070000
2 0.261111 0.463889 0.053333 0.061111
0 0.126667 0.377778 0.060000 0.062222
0 0.246667 0.523333 0.053333 0.057778
0 0.247222 0.614444 0.063333 0.071111
0 0.496667 0.611111 0.053333 0.084444
0 0.561667 0.581667 0.058889 0.063333
0 0.507778 0.438333 0.055556 0.061111
0 0.780556 0.595556 0.058889 0.073333
0 0.953333 0.256111 0.060000 0.074444
3 0.625000 0.141111 0.050000 0.060000
3 0.576667 0.295556 0.048889 0.066667
3 0.196111 0.476667 0.054444 0.073333
3 0.145000 0.441111 0.050000 0.060000
3 0.432222 0.656111 0.044444 0.074444
3 0.452222 0.794444 0.055556 0.066667
3 0.396667 0.885000 0.057778 0.085556
3 0.880556 0.547778 0.054444 0.066667
3 0.861667 0.378333 0.047778 0.072222
1 0.457778 0.223333 0.048889 0.066667
1 0.476667 0.300556 0.051111 0.067778
1 0.499444 0.502222 0.050000 0.066667
1 0.776111 0.723889 0.058889 0.078889
1 0.963889 0.387778 0.050000 0.060000
1 0.828333 0.232778 0.061111 0.058889
