2 0.652222 0.694444 0.066667 0.093333
2 0.449444 0.387222 0.061111 0.087778
2 0.378333 0.334444 0.072222 0.068889
2 0.482778 0.280556 0.067778 0.074444
2 0.532778 0.248889 0.067778 0.066667
3 0.718889 0.461667 0.088889 0.083333
3 0.711111 0.621667 0.073333 0.094444
3 0.558889 0.640556 0.068889 0.090000
3 0.407778 0.815000 0.075556 0.121111
3 0.312778 0.813889 0.085556 0.121111
3 0.312778 0.404444 0.078889 0.084444
3 0.191667 0.305000 0.081111 0.094444
3 0.547222 0.179444 0.061111 0.081111
3 0.487222 0.181667 0.056667 0.074444
3 0.477222 0.103889 0.070000 0.074444
3 0.633889 0.265000 0.070000 0.090000
0 0.687778 0.356111 0.073333 0.085556
0 0.426667 0.155556 0.066667 0.095556
0 0.475556 0.754444 0.077778 0.106667
1 0.319444 0.286667 0.061111 0.080000
1 0.511667 0.525556 0.070000 0.075556
1 0.766111 0.567778 0.070000 0.073333
1 0.446111 0.612778 0.072222 0.096667
1 0.406111 0.525000 0.076667 0.094444
2 0.417778 0.696111 0.060000 0.067778
