2 0.646667 0.072222 0.046667 0.046667
2 0.457778 0.197222 0.057778 0.045556
2 0.623889 0.217778 0.052222 0.048889
2 0.871111 0.287778 0.057778 0.051111
2 0.443333 0.393333 0.046667 0.048889
2 0.337222 0.370000 0.050000 0.046667
2 0.241667 0.511111 0.070000 0.042222
2 0.710556 0.666111 0.054444 0.047778
2 0.729444 0.724444 0.058889 0.035556
2 0.456667 0.639444 0.053333 0.047778
1 0.315000 0.806111 0.054444 0.043333
3 0.285000 0.296111 0.063333 0.047778
3 0.689444 0.274444 0.072222 0.060000
3 0.780556 0.272778 0.056667 0.054444
3 0.491111 0.422222 0.064444 0.051111
3 0.768333 0.564444 0.072222 0.040000
3 0.600000 0.531667 0.064444 0.045556
3 0.542778 0.569444 0.056667 0.047778
3 0.603889 0.651111 0.063333 0.051111
3 0.385556 0.528889 0.073333 0.053333
0 0.568333 0.183889 0.067778 0.047778
0 0.565000 0.490000 0.054444 0.051111
0 0.659444 0.552778 0.056667 0.054444
0 0.395000 0.408889 0.072222 0.057778
0 0.333889 0.185556 0.072222 0.046667
0 0.400000 0.639444 0.073333 0.056667
0 0.537778 0.804444 0.068889 0.044444
0 0.345556 0.847222 0.071111 0.061111
1 0.455000 0.272222 0.065556 0.053333
1 0.175000 0.363333 0.076667 0.048889
1 0.643889 0.355556 0.058889 0.055556
1 0.771667 0.480556 0.063333 0.041111
1 0.392778 0.813333 0.058889 0.060000
