2 0.631667 0.241111 0.054444 0.048889
2 0.732222 0.258333 0.066667 0.061111
2 0.518333 0.366667 0.067778 0.053333
2 0.786667 0.596667 0.060000 0.048889
2 0.784444 0.690000 0.068889 0.051111
2 0.565000 0.572778 0.056667 0.058889
2 0.426111 0.515556 0.058889 0.057778
2 0.307222 0.539444 0.067778 0.058889
2 0.177222 0.493333 0.074444 0.057778
2 0.235000 0.786667 0.061111 0.066667
3 0.185000 0.215556 0.090000 0.053333
3 0.457778 0.213889 0.086667 0.058889
3 0.625556 0.344444 0.068889 0.053333
3 0.631111 0.418889 0.075556 0.053333
3 0.723889 0.381667 0.074444 0.061111
3 0.711667 0.552222 0.076667 0.066667
3 0.625000 0.673889 0.078889 0.058889
3 0.473333 0.721111 0.075556 0.060000
3 0.492222 0.588333 0.077778 0.065556
0 0.601111 0.168889 0.073333 0.064444
0 0.214444 0.370000 0.100000 0.073333
0 0.413333 0.422778 0.080000 0.061111
0 0.552778 0.865000 0.083333 0.063333
0 0.589444 0.776111 0.076667 0.052222
0 0.836111 0.750000 0.087778 0.073333
1 0.669444 0.178889 0.058889 0.062222
1 0.639444 0.530556 0.076667 0.056667
1 0.404444 0.328333 0.080000 0.056667
1 0.396667 0.632222 0.080000 0.066667
1 0.228889 0.637778 0.093333 0.064444
1 0.547778 0.694444 0.075556 0.055556
3 0.297778 0.757222 0.071111 0.058889
