0 0.887222 0.295000 0.070000 0.054444
0 0.476111 0.290000 0.067778 0.044444
0 0.783333 0.715556 0.066667 0.048889
0 0.715556 0.688333 0.064444 0.054444
0 0.536667 0.700556 0.053333 0.047778
0 0.767778 0.671111 0.057778 0.046667
3 0.062778 0.395556 0.074444 0.051111
3 0.406111 0.578333 0.065556 0.052222
3 0.509444 0.593333 0.050000 0.042222
3 0.665000 0.546111 0.052222 0.045556
3 0.487222 0.350000 0.063333 0.053333
3 0.682778 0.390556 0.056667 0.050000
3 0.794444 0.592222 0.055556 0.040000
2 0.666111 0.322222 0.052222 0.040000
2 0.582222 0.293889 0.057778 0.041111
2 0.511667 0.426111 0.047778 0.043333
2 0.771667 0.456667 0.038889 0.037778
2 0.633889 0.627222 0.052222 0.038889
2 0.746667 0.603889 0.042222 0.043333
2 0.488333 0.682778 0.047778 0.047778
2 0.433889 0.966667 0.050000 0.051111
1 0.728889 0.433889 0.055556 0.045556
1 0.557778 0.391111 0.060000 0.044444
1 0.538889 0.330000 0.053333 0.044444
1 0.551111 0.660000 0.060000 0.044444
1 0.281667 0.776667 0.063333 0.046667
