3 0.696667 0.118889 0.042222 0.055556
3 0.548889 0.174444 0.042222 0.057778
3 0.467222 0.257778 0.047778 0.044444
3 0.459444 0.305556 0.043333 0.051111
3 0.663333 0.312222 0.040000 0.051111
3 0.872778 0.471667 0.036667 0.052222
3 0.662222 0.561111 0.042222 0.053333
3 0.616667 0.508333 0.037778 0.045556
3 0.250556 0.388333 0.047778 0.056667
0 0.636111 0.210000 0.045556 0.057778
0 0.630556 0.130000 0.038889 0.053333
0 0.513333 0.144444 0.031111 0.055556
0 0.763889 0.461111 0.045556 0.048889
0 0.512778 0.503889 0.043333 0.052222
0 0.400000 0.432222 0.037778 0.053333
0 0.585000 0.733889 0.054444 0.067778
0 0.423889 0.668889 0.052222 0.060000
0 0.542222 0.588333 0.044444 0.054444
1 0.891667 0.421111 0.041111 0.053333
1 0.810000 0.367778 0.042222 0.060000
1 0.444444 0.113333 0.035556 0.053333
1 0.587778 0.475556 0.033333 0.053333
2 0.837222 0.462222 0.041111 0.051111
2 0.675000 0.205556 0.032222 0.051111
2 0.581111 0.129444 0.037778 0.041111
2 0.481111 0.144444 0.026667 0.053333
2 0.427778 0.163889 0.044444 0.038889
2 0.272222 0.261111 0.040000 0.051111
2 0.270000 0.493889 0.033333 0.058889
2 0.543889 0.674444 0.038889 0.068889
2 0.581111 0.678333 0.042222 0.047778
2 0.625000 0.455556 0.038889 0.044444
1 0.576111 0.624444 0.036667 0.057778
2 0.376667 0.943889 0.048889 0.061111
