2 0.255556 0.396111 0.062222 0.052222
2 0.532778 0.397778 0.058889 0.062222
2 0.400000 0.440556 0.057778 0.054444
2 0.662778 0.380556 0.067778 0.050000
2 0.582778 0.481111 0.061111 0.055556
2 0.355556 0.550556 0.066667 0.047778
2 0.238889 0.607222 0.064444 0.056667
2 0.079444 0.707778 0.065556 0.055556
2 0.432222 0.685556 0.064444 0.055556
2 0.653889 0.692222 0.058889 0.048889
2 0.577778 0.571111 0.064444 0.053333
2 0.727778 0.537778 0.060000 0.057778
2 0.846667 0.625556 0.066667 0.048889
2 0.791111 0.408333 0.062222 0.054444
