0 0.873889 0.255556 0.063333 0.048889
0 0.648333 0.373889 0.056667 0.045556
0 0.525556 0.431111 0.051111 0.048889
0 0.793333 0.535000 0.048889 0.043333
0 0.622222 0.503333 0.057778 0.040000
0 0.533333 0.713333 0.064444 0.048889
0 0.759444 0.835000 0.061111 0.041111
0 0.707778 0.526111 0.044444 0.038889
3 0.600556 0.326667 0.052222 0.037778
3 0.556667 0.353333 0.046667 0.042222
3 0.642222 0.468889 0.042222 0.031111
3 0.658889 0.550556 0.046667 0.038889
3 0.831667 0.705000 0.050000 0.041111
3 0.877778 0.901111 0.055556 0.042222
3 0.777778 0.897778 0.064444 0.048889
3 0.047222 0.953333 0.065556 0.048889
3 0.016111 0.770556 0.030000 0.050000
3 0.021667 0.599444 0.041111 0.061111
2 0.663889 0.297222 0.058889 0.034444
2 0.739444 0.415000 0.047778 0.034444
2 0.582222 0.470000 0.048889 0.031111
2 0.747778 0.524444 0.040000 0.042222
2 0.725556 0.587222 0.048889 0.034444
2 0.418889 0.706111 0.048889 0.043333
2 0.363333 0.855000 0.048889 0.047778
2 0.530000 0.933889 0.055556 0.043333
1 0.656111 0.331111 0.058889 0.037778
1 0.679444 0.443889 0.050000 0.036667
1 0.587222 0.407778 0.054444 0.040000
1 0.669444 0.586111 0.052222 0.036667
1 0.303333 0.950556 0.062222 0.043333
1 0.980000 0.586667 0.040000 0.040000
