0 0.190000 0.524444 0.057778 0.073333
0 0.256667 0.565000 0.055556 0.065556
0 0.381111 0.562778 0.064444 0.078889
0 0.343889 0.705556 0.050000 0.066667
0 0.476667 0.367222 0.053333 0.065556
0 0.548333 0.255556 0.054444 0.062222
0 0.671111 0.297778 0.060000 0.066667
0 0.682222 0.639444 0.060000 0.065556
1 0.354444 0.417222 0.048889 0.061111
3 0.317222 0.298333 0.047778 0.061111
3 0.238333 0.299444 0.045556 0.058889
3 0.701111 0.406111 0.055556 0.056667
3 0.620000 0.480000 0.057778 0.066667
3 0.541667 0.427778 0.052222 0.068889
3 0.460000 0.525556 0.055556 0.066667
3 0.531111 0.570000 0.053333 0.073333
3 0.571111 0.678889 0.055556 0.084444
3 0.658889 0.757778 0.053333 0.073333
2 0.482222 0.250000 0.046667 0.051111
2 0.565000 0.207222 0.047778 0.036667
2 0.721111 0.520556 0.053333 0.063333
2 0.732778 0.631667 0.045556 0.072222
2 0.516667 0.692222 0.044444 0.064444
2 0.330556 0.779444 0.054444 0.063333
2 0.319444 0.487222 0.056667 0.054444
2 0.215000 0.463889 0.054444 0.052222
1 0.384444 0.305000 0.055556 0.052222
2 0.141667 0.326667 0.063333 0.060000
1 0.346667 0.361667 0.055556 0.052222
1 0.568889 0.321111 0.040000 0.062222
1 0.441111 0.887222 0.064444 0.074444
