0 0.462778 0.046667 0.047778 0.060000
0 0.374444 0.195556 0.057778 0.068889
0 0.601667 0.250000 0.054444 0.066667
0 0.700000 0.360556 0.062222 0.074444
0 0.588889 0.580000 0.064444 0.073333
0 0.354444 0.637778 0.057778 0.068889
0 0.284444 0.876111 0.060000 0.076667
3 0.527778 0.074444 0.055556 0.071111
3 0.630000 0.197778 0.053333 0.066667
3 0.487222 0.326111 0.050000 0.052222
3 0.555556 0.407778 0.044444 0.071111
3 0.667222 0.650556 0.047778 0.063333
3 0.472778 0.521111 0.054444 0.064444
3 0.412778 0.476111 0.047778 0.056667
3 0.333333 0.426667 0.057778 0.068889
3 0.447778 0.801667 0.060000 0.065556
2 0.477778 0.218333 0.051111 0.047778
2 0.297778 0.341667 0.055556 0.058889
2 0.360000 0.358333 0.042222 0.065556
2 0.451667 0.444444 0.050000 0.051111
2 0.391111 0.520000 0.048889 0.057778
2 0.523333 0.522778 0.040000 0.065556
2 0.735000 0.560556 0.043333 0.058889
2 0.646111 0.585556 0.043333 0.062222
2 0.440000 0.738333 0.053333 0.063333
2 0.645556 0.327222 0.048889 0.056667
1 0.479444 0.120556 0.043333 0.067778
1 0.550556 0.191667 0.050000 0.072222
1 0.480000 0.381667 0.051111 0.056667
1 0.409444 0.402778 0.054444 0.061111
0 0.481667 0.269444 0.058889 0.052222
