0 0.331667 0.298333 0.052222 0.061111
0 0.455556 0.260556 0.060000 0.067778
0 0.523889 0.366667 0.052222 0.073333
0 0.618889 0.561111 0.066667 0.073333
0 0.745000 0.564444 0.050000 0.071111
0 0.811667 0.521667 0.054444 0.070000
0 0.657778 0.703889 0.055556 0.070000
2 0.518333 0.251667 0.047778 0.056667
2 0.435000 0.206667 0.045556 0.040000
2 0.860000 0.323889 0.057778 0.054444
2 0.783333 0.463889 0.044444 0.061111
2 0.680556 0.486667 0.047778 0.053333
2 0.277778 0.522778 0.051111 0.065556
2 0.266667 0.626111 0.048889 0.070000
2 0.482222 0.693333 0.046667 0.073333
2 0.670000 0.781667 0.055556 0.063333
1 0.616667 0.303889 0.051111 0.058889
1 0.656111 0.361111 0.052222 0.051111
1 0.643333 0.416667 0.046667 0.068889
1 0.561667 0.885000 0.052222 0.070000
1 0.432778 0.319444 0.041111 0.067778
3 0.298889 0.402778 0.053333 0.056667
3 0.458889 0.425556 0.048889 0.068889
3 0.379444 0.481667 0.052222 0.070000
3 0.474444 0.565000 0.046667 0.061111
3 0.341111 0.758333 0.044444 0.072222
3 0.760556 0.297222 0.052222 0.067778
3 0.683889 0.298889 0.052222 0.066667
3 0.541111 0.525556 0.055556 0.071111
3 0.426667 0.679444 0.055556 0.087778
0 0.316667 0.637778 0.060000 0.068889
