1 0.136667 0.100000 0.060000 0.042222
1 0.412778 0.168333 0.052222 0.045556
1 0.416111 0.438889 0.054444 0.040000
1 0.554444 0.715556 0.057778 0.037778
1 0.667778 0.359444 0.046667 0.034444
1 0.801111 0.428333 0.060000 0.038889
0 0.534444 0.801111 0.057778 0.044444
0 0.488333 0.643889 0.056667 0.038889
0 0.103889 0.433333 0.058889 0.044444
0 0.506667 0.345556 0.048889 0.033333
0 0.425000 0.100556 0.052222 0.050000
0 0.256111 0.100556 0.050000 0.043333
2 0.864444 0.093889 0.051111 0.036667
2 0.479444 0.313333 0.036667 0.040000
2 0.336111 0.098333 0.047778 0.038889
2 0.178889 0.496667 0.051111 0.028889
2 0.023333 0.464444 0.044444 0.042222
2 0.501111 0.435000 0.046667 0.038889
2 0.501111 0.938889 0.060000 0.037778
2 0.975000 0.538333 0.045556 0.041111
3 0.550556 0.506111 0.054444 0.038889
3 0.497778 0.590000 0.042222 0.037778
3 0.263333 0.642778 0.060000 0.041111
3 0.490000 0.682222 0.048889 0.037778
3 0.528889 0.843889 0.053333 0.045556
3 0.026111 0.843333 0.050000 0.055556
3 0.023333 0.632778 0.044444 0.043333
3 0.166667 0.464444 0.046667 0.033333
3 0.162222 0.356111 0.051111 0.038889
3 0.380556 0.103333 0.041111 0.042222
0 0.646667 0.324444 0.051111 0.040000
1 0.654444 0.722778 0.048889 0.041111
