2 0.936667 0.441111 0.055556 0.055556
2 0.707222 0.421667 0.054444 0.067778
2 0.624444 0.458889 0.055556 0.051111
2 0.541111 0.745556 0.062222 0.066667
2 0.432778 0.267222 0.041111 0.054444
2 0.644444 0.171667 0.046667 0.056667
2 0.767222 0.320556 0.043333 0.061111
0 0.331111 0.193889 0.048889 0.072222
0 0.437778 0.165000 0.051111 0.045556
0 0.477778 0.240000 0.046667 0.057778
0 0.722222 0.245556 0.053333 0.060000
0 0.430000 0.211111 0.048889 0.051111
0 0.818333 0.311667 0.065556 0.063333
0 0.801667 0.393889 0.061111 0.056667
0 0.566667 0.613889 0.068889 0.081111
3 0.744444 0.857222 0.064444 0.076667
3 0.781667 0.537778 0.058889 0.068889
3 0.792222 0.456667 0.055556 0.066667
3 0.532222 0.348333 0.042222 0.074444
3 0.486111 0.367778 0.045556 0.062222
3 0.461111 0.425556 0.044444 0.062222
3 0.271111 0.517778 0.053333 0.060000
3 0.389444 0.176111 0.041111 0.065556
1 0.392222 0.255000 0.040000 0.063333
1 0.573333 0.383333 0.046667 0.071111
1 0.623333 0.365000 0.055556 0.041111
1 0.644444 0.410556 0.048889 0.045556
0 0.572778 0.310556 0.047778 0.061111
