0 0.582778 0.156667 0.065556 0.066667
0 0.622222 0.292222 0.055556 0.091111
0 0.870000 0.235556 0.062222 0.073333
0 0.444444 0.360556 0.051111 0.065556
0 0.457222 0.505000 0.056667 0.063333
0 0.050556 0.692222 0.076667 0.077778
0 0.028333 0.851667 0.054444 0.085556
3 0.330556 0.201111 0.058889 0.071111
3 0.681111 0.292778 0.051111 0.067778
3 0.514444 0.540556 0.046667 0.052222
3 0.475556 0.573333 0.046667 0.071111
3 0.390556 0.562778 0.052222 0.067778
3 0.517222 0.684444 0.054444 0.073333
3 0.758889 0.433889 0.060000 0.072222
3 0.728333 0.141111 0.058889 0.075556
2 0.405000 0.105556 0.047778 0.064444
2 0.818889 0.310556 0.048889 0.056667
2 0.902222 0.406111 0.057778 0.061111
2 0.540000 0.442222 0.042222 0.057778
2 0.552778 0.505000 0.050000 0.056667
2 0.506111 0.477222 0.043333 0.052222
2 0.538889 0.752222 0.044444 0.071111
2 0.425000 0.691667 0.050000 0.070000
2 0.405556 0.839444 0.060000 0.061111
1 0.505000 0.180556 0.050000 0.074444
1 0.866667 0.146667 0.057778 0.068889
1 0.520000 0.613889 0.046667 0.063333
1 0.433333 0.620000 0.053333 0.064444
1 0.469444 0.660556 0.045556 0.072222
1 0.050556 0.782222 0.067778 0.082222
