1 0.399444 0.127778 0.043333 0.053333
1 0.508889 0.283889 0.046667 0.052222
1 0.363889 0.769444 0.061111 0.070000
1 0.558889 0.733889 0.053333 0.076667
1 0.207222 0.650000 0.056667 0.080000
1 0.426111 0.300000 0.027778 0.057778
3 0.535000 0.202222 0.043333 0.053333
3 0.501667 0.228333 0.036667 0.045556
3 0.681111 0.376667 0.046667 0.060000
3 0.778333 0.390556 0.047778 0.065556
3 0.560000 0.346667 0.053333 0.046667
3 0.351111 0.456111 0.057778 0.052222
3 0.382778 0.591667 0.047778 0.063333
3 0.321111 0.596667 0.051111 0.060000
3 0.300556 0.805556 0.056667 0.086667
3 0.210000 0.563333 0.057778 0.055556
2 0.435000 0.241667 0.038889 0.052222
2 0.396111 0.215000 0.038889 0.054444
2 0.337778 0.353889 0.046667 0.041111
2 0.342778 0.400556 0.050000 0.043333
2 0.286667 0.428333 0.048889 0.050000
2 0.401667 0.441667 0.043333 0.063333
2 0.445000 0.412222 0.052222 0.033333
2 0.442222 0.577778 0.040000 0.066667
2 0.362222 0.658889 0.053333 0.051111
0 0.457778 0.341111 0.053333 0.066667
0 0.537222 0.403333 0.047778 0.064444
0 0.463889 0.464444 0.043333 0.066667
0 0.507222 0.537222 0.054444 0.076667
0 0.301667 0.662222 0.052222 0.075556
0 0.398889 0.868889 0.066667 0.102222
0 0.535556 0.893333 0.060000 0.093333
0 0.581111 0.821111 0.068889 0.091111
