0 0.274444 0.217778 0.080000 0.060000
0 0.516667 0.198333 0.060000 0.047778
0 0.363889 0.583333 0.083333 0.062222
0 0.144444 0.382222 0.077778 0.055556
0 0.075556 0.552222 0.082222 0.053333
0 0.901667 0.431667 0.067778 0.052222
2 0.423333 0.186667 0.064444 0.046667
2 0.588889 0.237222 0.064444 0.036667
2 0.509444 0.378333 0.045556 0.047778
2 0.789444 0.358333 0.061111 0.045556
2 0.832222 0.497222 0.064444 0.052222
2 0.722222 0.522222 0.060000 0.055556
2 0.525556 0.438889 0.064444 0.040000
2 0.324444 0.462222 0.060000 0.055556
2 0.217778 0.293889 0.060000 0.058889
3 0.482778 0.293333 0.061111 0.046667
3 0.650000 0.297778 0.055556 0.051111
3 0.753889 0.271111 0.065556 0.053333
3 0.696667 0.392222 0.066667 0.051111
3 0.622778 0.452222 0.072222 0.046667
3 0.538333 0.495556 0.072222 0.055556
3 0.717222 0.596667 0.072222 0.046667
3 0.225556 0.443333 0.057778 0.048889
3 0.190556 0.548889 0.083333 0.053333
3 0.247778 0.665000 0.080000 0.052222
1 0.388889 0.310556 0.066667 0.050000
1 0.565556 0.583889 0.064444 0.052222
1 0.477222 0.636111 0.063333 0.052222
1 0.800556 0.676111 0.070000 0.045556
1 0.876667 0.586667 0.068889 0.055556
1 0.569444 0.709444 0.067778 0.056667
