3 0.226667 0.303333 0.057778 0.086667
3 0.469444 0.375556 0.045556 0.068889
3 0.656111 0.354444 0.052222 0.060000
3 0.647222 0.428889 0.050000 0.068889
3 0.567222 0.502778 0.056667 0.063333
3 0.540556 0.593333 0.052222 0.062222
3 0.190556 0.668889 0.056667 0.066667
3 0.266667 0.702222 0.053333 0.066667
3 0.745556 0.770000 0.051111 0.073333
3 0.432222 0.481667 0.048889 0.070000
1 0.143333 0.570000 0.066667 0.073333
1 0.537222 0.366111 0.036667 0.074444
1 0.601667 0.610000 0.056667 0.068889
1 0.691667 0.592778 0.061111 0.065556
1 0.685000 0.308889 0.058889 0.053333
2 0.600000 0.700556 0.051111 0.061111
2 0.356111 0.735556 0.054444 0.055556
2 0.506667 0.493889 0.053333 0.061111
2 0.630000 0.507222 0.042222 0.061111
2 0.665556 0.487778 0.046667 0.053333
2 0.688889 0.438889 0.035556 0.051111
1 0.268889 0.386667 0.060000 0.071111
0 0.377778 0.348889 0.060000 0.073333
0 0.421111 0.406111 0.062222 0.061111
0 0.786667 0.555556 0.057778 0.075556
0 0.720000 0.485556 0.048889 0.066667
0 0.915556 0.488333 0.057778 0.063333
0 0.451111 0.734444 0.066667 0.082222
0 0.815000 0.236667 0.056667 0.073333
0 0.765556 0.157222 0.053333 0.081111
