0 0.226667 0.240000 0.064444 0.080000
0 0.622778 0.320000 0.063333 0.064444
0 0.788889 0.301667 0.075556 0.083333
0 0.668889 0.650556 0.068889 0.092222
0 0.328333 0.560000 0.045556 0.062222
0 0.281667 0.532778 0.058889 0.065556
0 0.282778 0.670000 0.052222 0.071111
0 0.333333 0.652222 0.060000 0.075556
0 0.327222 0.362778 0.045556 0.065556
3 0.723889 0.192222 0.070000 0.084444
3 0.510000 0.281667 0.053333 0.065556
3 0.470556 0.364444 0.054444 0.062222
3 0.537222 0.350556 0.050000 0.070000
3 0.505556 0.423333 0.044444 0.064444
3 0.606111 0.507778 0.056667 0.055556
3 0.420000 0.558333 0.060000 0.074444
3 0.554444 0.592222 0.046667 0.080000
3 0.125000 0.259444 0.056667 0.076667
1 0.292778 0.060000 0.052222 0.064444
1 0.260556 0.109444 0.056667 0.063333
1 0.391667 0.488889 0.045556 0.064444
1 0.344444 0.485556 0.048889 0.071111
1 0.492778 0.485000 0.056667 0.061111
0 0.376111 0.379444 0.050000 0.070000
2 0.631111 0.382778 0.053333 0.061111
2 0.580000 0.432778 0.055556 0.058889
2 0.686667 0.545000 0.057778 0.065556
2 0.626667 0.567778 0.051111 0.060000
2 0.510556 0.549444 0.050000 0.052222
2 0.554444 0.507222 0.042222 0.065556
2 0.161667 0.623333 0.056667 0.051111
2 0.375556 0.864444 0.051111 0.080000
