0 0.810556 0.368889 0.070000 0.077778
0 0.726667 0.283333 0.060000 0.071111
0 0.495556 0.214444 0.048889 0.062222
0 0.524444 0.593333 0.057778 0.086667
0 0.518889 0.666667 0.068889 0.068889
0 0.843333 0.437222 0.057778 0.072222
0 0.266667 0.509444 0.062222 0.072222
0 0.703889 0.135556 0.043333 0.040000
2 0.610000 0.701667 0.064444 0.070000
2 0.552222 0.483889 0.053333 0.061111
2 0.472222 0.480000 0.051111 0.051111
2 0.478889 0.535556 0.044444 0.062222
2 0.262778 0.575556 0.058889 0.057778
2 0.439444 0.400000 0.038889 0.068889
2 0.220556 0.478333 0.056667 0.050000
2 0.333333 0.301111 0.053333 0.060000
2 0.199444 0.304444 0.036667 0.057778
2 0.707778 0.183889 0.037778 0.061111
2 0.659444 0.145556 0.043333 0.053333
3 0.354444 0.132778 0.053333 0.067778
3 0.549444 0.253333 0.041111 0.055556
3 0.401111 0.296111 0.051111 0.070000
3 0.238333 0.296667 0.047778 0.064444
3 0.774444 0.479444 0.055556 0.074444
3 0.536667 0.743333 0.055556 0.082222
3 0.578333 0.588889 0.050000 0.071111
3 0.211667 0.682778 0.072222 0.085556
3 0.378889 0.456667 0.048889 0.077778
1 0.526667 0.386667 0.055556 0.073333
1 0.626111 0.386667 0.054444 0.066667
1 0.479444 0.372778 0.043333 0.074444
1 0.823333 0.213889 0.048889 0.063333
1 0.325000 0.431667 0.054444 0.070000
1 0.212778 0.420556 0.058889 0.058889
