0 0.401667 0.118889 0.038889 0.057778
0 0.568333 0.148333 0.047778 0.065556
0 0.512222 0.214444 0.048889 0.060000
0 0.470556 0.363333 0.041111 0.064444
0 0.562222 0.323333 0.046667 0.066667
0 0.590000 0.807778 0.060000 0.082222
2 0.657778 0.878333 0.055556 0.081111
2 0.433889 0.807222 0.047778 0.074444
2 0.690000 0.353889 0.046667 0.063333
2 0.605000 0.272222 0.043333 0.046667
2 0.630556 0.181111 0.043333 0.051111
2 0.756111 0.130000 0.045556 0.048889
2 0.460556 0.244444 0.041111 0.057778
3 0.547778 0.743333 0.046667 0.062222
3 0.753333 0.662222 0.053333 0.082222
3 0.568333 0.886667 0.058889 0.068889
3 0.583889 0.573889 0.047778 0.063333
3 0.751667 0.522778 0.061111 0.076667
3 0.303333 0.421111 0.046667 0.053333
3 0.346667 0.396667 0.055556 0.057778
3 0.354444 0.228333 0.044444 0.070000
3 0.296111 0.217222 0.054444 0.038889
1 0.541111 0.550556 0.040000 0.070000
1 0.613333 0.343333 0.046667 0.060000
1 0.313333 0.261667 0.040000 0.050000
0 0.337222 0.340000 0.052222 0.044444
0 0.915556 0.394444 0.060000 0.071111
