0 0.200000 0.056111 0.046667 0.065556
0 0.151667 0.661111 0.050000 0.062222
0 0.241667 0.605000 0.047778 0.058889
0 0.141111 0.428889 0.053333 0.073333
0 0.937778 0.093889 0.066667 0.067778
2 0.824444 0.396667 0.051111 0.053333
2 0.945556 0.441111 0.040000 0.055556
2 0.740556 0.528889 0.047778 0.051111
2 0.703889 0.679444 0.038889 0.054444
2 0.940000 0.739444 0.042222 0.054444
2 0.350000 0.811667 0.040000 0.052222
2 0.338889 0.563333 0.046667 0.042222
2 0.114444 0.173333 0.051111 0.060000
3 0.367778 0.097222 0.060000 0.074444
3 0.487222 0.046111 0.050000 0.067778
3 0.790000 0.023889 0.042222 0.045556
3 0.338333 0.515000 0.056667 0.056667
3 0.742222 0.664444 0.042222 0.053333
3 0.730000 0.746667 0.046667 0.051111
3 0.893333 0.857778 0.037778 0.051111
3 0.311667 0.865000 0.043333 0.058889
3 0.125556 0.851667 0.053333 0.067778
1 0.200000 0.552222 0.051111 0.053333
1 0.258889 0.432778 0.044444 0.052222
1 0.337222 0.320556 0.054444 0.061111
1 0.597222 0.983889 0.045556 0.032222
1 0.050556 0.365000 0.052222 0.056667
2 0.509444 0.093333 0.038889 0.055556
2 0.528333 0.033889 0.041111 0.054444
