2 0.413889 0.180556 0.054444 0.038889
2 0.653889 0.326111 0.047778 0.043333
2 0.581111 0.310556 0.046667 0.036667
2 0.613333 0.499444 0.055556 0.038889
2 0.810556 0.537778 0.063333 0.037778
2 0.496111 0.545000 0.063333 0.036667
2 0.410000 0.532222 0.053333 0.037778
2 0.654444 0.736111 0.071111 0.045556
3 0.566667 0.351667 0.048889 0.036667
3 0.465556 0.471111 0.060000 0.046667
3 0.756667 0.445000 0.057778 0.047778
3 0.700000 0.551111 0.066667 0.044444
3 0.611111 0.577778 0.057778 0.046667
3 0.352778 0.557778 0.054444 0.051111
3 0.251667 0.437778 0.061111 0.042222
3 0.385000 0.493889 0.054444 0.041111
3 0.333333 0.480000 0.060000 0.044444
0 0.223889 0.063889 0.058889 0.047778
0 0.252778 0.138333 0.054444 0.041111
0 0.512778 0.351111 0.050000 0.033333
0 0.648333 0.410000 0.063333 0.048889
0 0.596667 0.393889 0.048889 0.043333
0 0.688333 0.509444 0.056667 0.045556
0 0.478889 0.578333 0.064444 0.036667
0 0.321111 0.428333 0.055556 0.043333
0 0.503333 0.710000 0.073333 0.057778
0 0.542778 0.195000 0.058889 0.041111
1 0.137222 0.147778 0.065556 0.042222
1 0.592778 0.171111 0.050000 0.044444
1 0.249444 0.340556 0.056667 0.043333
1 0.426111 0.396667 0.061111 0.037778
1 0.336111 0.768889 0.072222 0.046667
