3 0.220000 0.220556 0.044444 0.054444
3 0.283333 0.248889 0.044444 0.053333
3 0.085000 0.405556 0.041111 0.062222
3 0.155000 0.924444 0.047778 0.064444
3 0.217222 0.941667 0.052222 0.067778
3 0.596111 0.920000 0.050000 0.068889
3 0.671111 0.920556 0.044444 0.070000
3 0.766111 0.481667 0.043333 0.054444
3 0.791667 0.448889 0.045556 0.053333
3 0.061667 0.294444 0.047778 0.062222
0 0.364444 0.229444 0.037778 0.058889
0 0.323333 0.225000 0.042222 0.063333
0 0.250556 0.289444 0.043333 0.065556
0 0.108889 0.281667 0.048889 0.065556
0 0.742778 0.438889 0.041111 0.046667
0 0.350556 0.814444 0.056667 0.068889
0 0.813889 0.932222 0.047778 0.062222
3 0.292222 0.909444 0.046667 0.058889
2 0.435000 0.096111 0.043333 0.054444
2 0.552778 0.287222 0.036667 0.065556
2 0.322778 0.281667 0.045556 0.045556
2 0.213333 0.273889 0.035556 0.047778
2 0.164444 0.490556 0.048889 0.047778
2 0.425000 0.605556 0.041111 0.051111
2 0.503333 0.953889 0.046667 0.054444
2 0.701111 0.877222 0.048889 0.052222
1 0.399444 0.558333 0.045556 0.050000
1 0.766667 0.391667 0.042222 0.045556
1 0.662222 0.823333 0.053333 0.062222
1 0.082222 0.947222 0.051111 0.061111
