0 0.682222 0.196667 0.046667 0.057778
0 0.453333 0.725000 0.042222 0.063333
0 0.646111 0.828889 0.056667 0.066667
0 0.318333 0.731111 0.061111 0.064444
0 0.148333 0.742222 0.065556 0.071111
0 0.209444 0.837222 0.054444 0.081111
0 0.179444 0.481667 0.050000 0.050000
0 0.432778 0.448333 0.050000 0.065556
3 0.701111 0.365556 0.055556 0.060000
3 0.629444 0.331111 0.047778 0.060000
3 0.453333 0.315000 0.044444 0.054444
3 0.441111 0.603333 0.046667 0.057778
3 0.155000 0.422222 0.056667 0.055556
3 0.080556 0.453889 0.054444 0.067778
3 0.237778 0.753333 0.042222 0.066667
3 0.289444 0.883889 0.045556 0.052222
3 0.281667 0.945556 0.047778 0.068889
3 0.248333 0.886667 0.036667 0.057778
3 0.448333 0.921111 0.045556 0.062222
2 0.467778 0.258889 0.042222 0.055556
2 0.527778 0.260556 0.044444 0.045556
2 0.682222 0.502222 0.046667 0.051111
2 0.617222 0.573333 0.045556 0.055556
2 0.483889 0.596111 0.041111 0.054444
2 0.412778 0.567778 0.045556 0.051111
2 0.273889 0.550000 0.045556 0.044444
2 0.316667 0.454444 0.046667 0.053333
2 0.206111 0.412222 0.047778 0.046667
2 0.488333 0.898333 0.043333 0.058889
2 0.412778 0.897778 0.041111 0.060000
1 0.551667 0.302778 0.041111 0.056667
1 0.471667 0.502778 0.043333 0.061111
1 0.567222 0.594444 0.045556 0.066667
1 0.370000 0.896667 0.051111 0.068889
