1 0.178889 0.375556 0.080000 0.051111
1 0.340000 0.588333 0.068889 0.061111
1 0.215000 0.300556 0.047778 0.054444
1 0.856111 0.513333 0.074444 0.060000
1 0.623889 0.887778 0.065556 0.051111
0 0.857222 0.228333 0.072222 0.061111
0 0.620556 0.211111 0.074444 0.048889
0 0.528889 0.440000 0.066667 0.053333
0 0.388889 0.491667 0.080000 0.067778
0 0.037222 0.405556 0.072222 0.064444
0 0.498333 0.812222 0.087778 0.066667
0 0.345556 0.788889 0.064444 0.066667
3 0.491111 0.277778 0.066667 0.051111
3 0.267778 0.276667 0.066667 0.060000
3 0.300556 0.350000 0.058889 0.057778
3 0.365000 0.338889 0.074444 0.055556
3 0.662778 0.253333 0.076667 0.051111
3 0.245000 0.595556 0.074444 0.051111
3 0.713889 0.467222 0.076667 0.054444
3 0.807778 0.753889 0.055556 0.058889
3 0.568333 0.632222 0.078889 0.044444
3 0.682778 0.922778 0.076667 0.047778
2 0.613333 0.950556 0.064444 0.061111
2 0.400000 0.268889 0.062222 0.051111
2 0.327222 0.261111 0.054444 0.051111
2 0.896667 0.299444 0.077778 0.058889
2 0.791111 0.543333 0.057778 0.042222
2 0.315000 0.486667 0.065556 0.055556
2 0.387222 0.696667 0.061111 0.051111
