2 0.180556 0.176111 0.041111 0.045556
2 0.113333 0.310556 0.035556 0.050000
2 0.107778 0.698889 0.042222 0.057778
2 0.426111 0.982778 0.043333 0.034444
2 0.712778 0.270556 0.034444 0.052222
2 0.698889 0.116667 0.035556 0.053333
2 0.908333 0.199444 0.038889 0.047778
2 0.941111 0.098889 0.031111 0.053333
2 0.757222 0.022778 0.043333 0.043333
0 0.580000 0.701111 0.048889 0.066667
0 0.960000 0.670556 0.053333 0.061111
0 0.756111 0.277778 0.045556 0.057778
0 0.958889 0.246667 0.031111 0.046667
0 0.937778 0.035556 0.044444 0.051111
1 0.803889 0.201667 0.038889 0.050000
1 0.775556 0.178889 0.035556 0.048889
1 0.875556 0.152222 0.040000 0.051111
3 0.878889 0.341667 0.042222 0.052222
3 0.748333 0.370556 0.045556 0.052222
3 0.737222 0.326667 0.050000 0.046667
3 0.880000 0.491111 0.042222 0.044444
3 0.842778 0.508889 0.034444 0.055556
3 0.858889 0.451111 0.046667 0.046667
3 0.782222 0.472778 0.044444 0.056667
0 0.701111 0.593889 0.044444 0.063333
3 0.772222 0.813889 0.048889 0.050000
3 0.870000 0.798333 0.046667 0.065556
3 0.510556 0.979444 0.052222 0.041111
3 0.316111 0.968889 0.045556 0.062222
0 0.194444 0.342222 0.044444 0.057778
1 0.618333 0.552778 0.054444 0.050000
1 0.836667 0.578889 0.042222 0.057778
3 0.930000 0.282778 0.037778 0.050000
