1 0.642222 0.309444 0.035556 0.050000
1 0.738333 0.481667 0.043333 0.058889
1 0.656667 0.539444 0.044444 0.054444
2 0.268333 0.148889 0.043333 0.051111
2 0.567222 0.262222 0.034444 0.051111
2 0.802778 0.297778 0.045556 0.046667
2 0.867778 0.526667 0.042222 0.048889
2 0.725000 0.583889 0.038889 0.054444
2 0.544444 0.497222 0.044444 0.054444
2 0.477778 0.291667 0.037778 0.052222
2 0.431111 0.430556 0.040000 0.050000
2 0.391111 0.547222 0.042222 0.058889
0 0.322222 0.305556 0.042222 0.051111
0 0.298333 0.398333 0.043333 0.056667
0 0.128333 0.447222 0.043333 0.056667
0 0.534444 0.428889 0.044444 0.051111
0 0.642778 0.640556 0.052222 0.063333
0 0.540556 0.358333 0.050000 0.063333
0 0.697778 0.400000 0.042222 0.051111
3 0.481667 0.237222 0.034444 0.047778
3 0.678333 0.287778 0.038889 0.044444
3 0.352778 0.345556 0.041111 0.040000
3 0.372222 0.467778 0.046667 0.051111
3 0.462778 0.612778 0.052222 0.056667
3 0.568889 0.621111 0.044444 0.046667
3 0.260000 0.706111 0.051111 0.061111
