2 0.436667 0.053889 0.046667 0.052222
2 0.381667 0.084444 0.043333 0.042222
2 0.225556 0.139444 0.040000 0.050000
2 0.472222 0.433333 0.044444 0.048889
2 0.351111 0.443333 0.042222 0.051111
2 0.389444 0.463889 0.047778 0.058889
2 0.170556 0.365556 0.047778 0.073333
1 0.518333 0.542222 0.054444 0.066667
1 0.430000 0.250000 0.044444 0.060000
1 0.157222 0.129444 0.045556 0.063333
1 0.598889 0.951111 0.046667 0.075556
1 0.490556 0.968333 0.056667 0.063333
2 0.772222 0.963889 0.053333 0.063333
2 0.709444 0.963889 0.041111 0.065556
2 0.663333 0.963333 0.046667 0.064444
2 0.421667 0.970000 0.050000 0.055556
3 0.624444 0.318889 0.046667 0.066667
3 0.558333 0.422778 0.034444 0.063333
3 0.445000 0.373333 0.038889 0.064444
3 0.362222 0.718889 0.051111 0.055556
3 0.304444 0.607222 0.051111 0.056667
3 0.074444 0.491111 0.055556 0.062222
3 0.317778 0.495556 0.048889 0.066667
3 0.317222 0.125556 0.036667 0.064444
0 0.236111 0.712778 0.054444 0.067778
0 0.337222 0.670556 0.052222 0.056667
0 0.116667 0.378333 0.060000 0.076667
0 0.390556 0.175000 0.052222 0.061111
0 0.510000 0.481667 0.046667 0.056667
1 0.515556 0.403333 0.037778 0.062222
3 0.357778 0.123889 0.037778 0.052222
0 0.465000 0.910556 0.061111 0.070000
