0 0.602222 0.025556 0.044444 0.048889
0 0.928333 0.048889 0.047778 0.062222
0 0.916667 0.458333 0.051111 0.058889
0 0.533889 0.152222 0.050000 0.064444
0 0.907778 0.848333 0.040000 0.056667
0 0.774444 0.927222 0.042222 0.056667
0 0.050556 0.715000 0.063333 0.070000
0 0.584444 0.381111 0.040000 0.064444
2 0.552222 0.218333 0.040000 0.054444
2 0.931111 0.148889 0.042222 0.057778
2 0.401111 0.370556 0.037778 0.054444
2 0.609444 0.409444 0.030000 0.052222
2 0.392778 0.516667 0.036667 0.051111
2 0.347222 0.503333 0.056667 0.046667
2 0.382222 0.740000 0.057778 0.057778
2 0.540556 0.940000 0.041111 0.071111
3 0.936111 0.255000 0.043333 0.061111
3 0.653889 0.373889 0.036667 0.054444
3 0.484444 0.358889 0.035556 0.055556
3 0.371667 0.327222 0.045556 0.045556
3 0.215556 0.362222 0.048889 0.055556
3 0.372222 0.562778 0.044444 0.052222
3 0.230000 0.961111 0.051111 0.066667
3 0.523889 0.311111 0.036667 0.048889
1 0.641111 0.320000 0.040000 0.055556
1 0.553889 0.347778 0.043333 0.055556
1 0.494444 0.285000 0.037778 0.050000
1 0.318333 0.942222 0.052222 0.068889
1 0.936111 0.558889 0.045556 0.048889
