1 0.634444 0.397222 0.037778 0.061111
1 0.674444 0.198889 0.048889 0.055556
1 0.888889 0.096667 0.048889 0.060000
1 0.873333 0.565000 0.046667 0.058889
1 0.422222 0.980000 0.048889 0.040000
0 0.896111 0.217222 0.045556 0.065556
0 0.601667 0.291111 0.045556 0.057778
0 0.320556 0.477222 0.058889 0.076667
0 0.451111 0.449444 0.042222 0.067778
0 0.681111 0.482222 0.035556 0.053333
0 0.843889 0.512222 0.041111 0.064444
0 0.640556 0.568333 0.041111 0.052222
0 0.623889 0.623333 0.050000 0.064444
0 0.523333 0.658889 0.046667 0.055556
0 0.583889 0.975000 0.050000 0.050000
3 0.474444 0.288333 0.046667 0.061111
3 0.552222 0.298889 0.044444 0.064444
3 0.534444 0.354444 0.051111 0.060000
3 0.559444 0.436667 0.052222 0.062222
3 0.682778 0.540000 0.036667 0.046667
3 0.482778 0.672222 0.036667 0.060000
3 0.588889 0.731667 0.048889 0.054444
3 0.757778 0.947222 0.044444 0.056667
3 0.059444 0.457778 0.065556 0.060000
2 0.860000 0.378889 0.042222 0.051111
2 0.497222 0.378333 0.036667 0.056667
2 0.487222 0.468333 0.032222 0.052222
2 0.296667 0.626111 0.042222 0.058889
2 0.493333 0.787778 0.040000 0.053333
2 0.967778 0.952778 0.040000 0.054444
2 0.707222 0.626111 0.041111 0.047778
2 0.725556 0.550556 0.037778 0.043333
