3 0.223889 0.236111 0.052222 0.061111
3 0.123889 0.364444 0.045556 0.048889
3 0.440000 0.493889 0.044444 0.072222
3 0.564444 0.118333 0.064444 0.070000
3 0.647778 0.192222 0.040000 0.064444
3 0.582222 0.196667 0.044444 0.048889
3 0.608889 0.257778 0.037778 0.057778
3 0.564444 0.256111 0.046667 0.063333
3 0.523889 0.392222 0.041111 0.064444
3 0.490000 0.556667 0.053333 0.075556
3 0.393889 0.790000 0.052222 0.075556
0 0.424444 0.045000 0.044444 0.070000
0 0.325000 0.161111 0.050000 0.068889
0 0.366111 0.399444 0.056667 0.058889
0 0.382778 0.461111 0.052222 0.073333
0 0.288333 0.466111 0.056667 0.074444
0 0.530556 0.323889 0.041111 0.065556
0 0.560556 0.957222 0.067778 0.085556
1 0.336667 0.476111 0.042222 0.076667
1 0.515556 0.467778 0.046667 0.057778
1 0.581667 0.333333 0.047778 0.068889
2 0.361667 0.610000 0.058889 0.062222
2 0.919444 0.490556 0.067778 0.072222
2 0.136667 0.761111 0.057778 0.064444
2 0.178333 0.368889 0.052222 0.062222
2 0.127222 0.411111 0.052222 0.053333
2 0.375000 0.322778 0.052222 0.061111
2 0.480000 0.290556 0.042222 0.063333
2 0.778333 0.251111 0.058889 0.057778
2 0.685556 0.210556 0.033333 0.065556
3 0.686111 0.302222 0.050000 0.084444
