2 0.387222 0.363889 0.056667 0.034444
2 0.551667 0.478889 0.043333 0.042222
2 0.707778 0.586111 0.060000 0.036667
2 0.908889 0.429444 0.062222 0.036667
2 0.494444 0.616111 0.048889 0.041111
2 0.494444 0.571111 0.040000 0.037778
2 0.402222 0.580556 0.035556 0.045556
2 0.323333 0.688889 0.062222 0.035556
3 0.126111 0.075556 0.054444 0.046667
3 0.356111 0.316667 0.050000 0.037778
3 0.461667 0.549444 0.052222 0.034444
3 0.539444 0.590000 0.050000 0.042222
3 0.382778 0.791667 0.054444 0.047778
3 0.580556 0.927778 0.056667 0.053333
3 0.636111 0.911667 0.054444 0.056667
3 0.050000 0.913333 0.062222 0.046667
3 0.935000 0.730556 0.067778 0.054444
0 0.428333 0.261111 0.058889 0.046667
0 0.288889 0.064444 0.046667 0.037778
0 0.238333 0.077222 0.058889 0.047778
0 0.508333 0.503333 0.054444 0.044444
0 0.322222 0.610000 0.062222 0.046667
0 0.448889 0.592222 0.064444 0.042222
0 0.695556 0.906667 0.068889 0.062222
0 0.941111 0.486111 0.068889 0.041111
0 0.931667 0.257222 0.056667 0.038889
1 0.303889 0.321667 0.054444 0.038889
1 0.446667 0.593333 0.057778 0.042222
1 0.909444 0.643889 0.067778 0.045556
1 0.331111 0.776111 0.048889 0.052222
1 0.330000 0.727778 0.060000 0.042222
1 0.047778 0.862778 0.068889 0.043333
