3 0.566667 0.182778 0.071111 0.054444
3 0.781667 0.566667 0.056667 0.037778
3 0.473333 0.620556 0.064444 0.054444
3 0.561111 0.560000 0.055556 0.053333
3 0.725556 0.817222 0.062222 0.043333
3 0.397222 0.973333 0.058889 0.048889
3 0.228889 0.606111 0.071111 0.050000
3 0.180556 0.513333 0.058889 0.040000
3 0.295000 0.485000 0.070000 0.038889
3 0.437778 0.468333 0.055556 0.052222
3 0.609444 0.448333 0.054444 0.036667
1 0.314444 0.053333 0.077778 0.053333
1 0.443333 0.306111 0.051111 0.047778
1 0.246667 0.527222 0.062222 0.054444
1 0.282222 0.580556 0.046667 0.043333
1 0.364444 0.927778 0.057778 0.053333
2 0.545000 0.363333 0.045556 0.040000
2 0.630556 0.408333 0.047778 0.043333
2 0.821667 0.467778 0.054444 0.044444
2 0.585556 0.484444 0.044444 0.040000
2 0.453889 0.355556 0.063333 0.040000
2 0.395556 0.279444 0.051111 0.045556
2 0.476667 0.570556 0.060000 0.041111
2 0.639444 0.488333 0.054444 0.043333
2 0.302778 0.540000 0.058889 0.042222
2 0.083333 0.696667 0.064444 0.046667
2 0.790000 0.840556 0.057778 0.041111
2 0.022778 0.420000 0.043333 0.060000
0 0.540000 0.433333 0.066667 0.042222
0 0.484444 0.498889 0.064444 0.046667
0 0.222222 0.476667 0.062222 0.046667
0 0.161111 0.640556 0.073333 0.041111
0 0.379444 0.698333 0.078889 0.056667
0 0.539444 0.978333 0.072222 0.043333
