1 0.471111 0.093333 0.064444 0.080000
1 0.344444 0.072778 0.066667 0.090000
1 0.715556 0.650000 0.075556 0.071111
1 0.307778 0.725556 0.055556 0.077778
1 0.157778 0.717778 0.057778 0.068889
1 0.467778 0.572778 0.062222 0.070000
2 0.729444 0.821111 0.063333 0.086667
2 0.559444 0.508333 0.065556 0.076667
2 0.541111 0.579444 0.053333 0.070000
2 0.397778 0.855000 0.060000 0.070000
2 0.401667 0.500000 0.043333 0.068889
2 0.353889 0.462778 0.058889 0.063333
2 0.206667 0.713333 0.048889 0.066667
3 0.489444 0.282778 0.061111 0.067778
3 0.450556 0.430000 0.061111 0.071111
3 0.677222 0.588333 0.070000 0.083333
3 0.596667 0.629444 0.053333 0.081111
3 0.288889 0.502778 0.055556 0.072222
3 0.319444 0.621111 0.032222 0.075556
3 0.166111 0.788889 0.065556 0.066667
3 0.437778 0.812222 0.046667 0.077778
0 0.358333 0.385000 0.065556 0.098889
0 0.358889 0.530000 0.055556 0.080000
0 0.274444 0.576667 0.057778 0.075556
0 0.264444 0.667222 0.055556 0.090000
0 0.422778 0.638889 0.052222 0.082222
0 0.365556 0.650556 0.053333 0.081111
0 0.341111 0.842222 0.062222 0.082222
3 0.370556 0.766111 0.065556 0.087778
3 0.253889 0.750000 0.052222 0.071111
3 0.783333 0.795556 0.068889 0.104444
