2 0.722222 0.177222 0.051111 0.045556
2 0.678333 0.277222 0.045556 0.061111
2 0.854444 0.422778 0.044444 0.061111
2 0.614444 0.528889 0.040000 0.057778
2 0.455000 0.353889 0.038889 0.063333
2 0.406111 0.592778 0.054444 0.054444
2 0.800556 0.748333 0.056667 0.054444
2 0.406667 0.731667 0.042222 0.056667
3 0.498889 0.372778 0.053333 0.063333
3 0.503889 0.460000 0.054444 0.057778
3 0.810556 0.424444 0.041111 0.051111
3 0.558889 0.604444 0.042222 0.053333
3 0.511667 0.576111 0.052222 0.058889
3 0.548333 0.685556 0.045556 0.064444
3 0.301111 0.589444 0.046667 0.058889
3 0.711111 0.791111 0.046667 0.057778
3 0.593889 0.789444 0.041111 0.063333
0 0.502222 0.300000 0.055556 0.062222
0 0.672778 0.383889 0.047778 0.058889
0 0.631111 0.417778 0.044444 0.055556
0 0.801667 0.370000 0.054444 0.053333
0 0.943889 0.489444 0.054444 0.070000
0 0.654444 0.542222 0.046667 0.071111
0 0.577778 0.542778 0.044444 0.063333
1 0.528889 0.070000 0.044444 0.073333
1 0.301111 0.302778 0.062222 0.078889
1 0.472222 0.540556 0.044444 0.063333
1 0.379444 0.689444 0.038889 0.054444
1 0.358889 0.776667 0.051111 0.062222
1 0.670000 0.766667 0.048889 0.071111
1 0.488333 0.968333 0.052222 0.056667
3 0.131111 0.533333 0.055556 0.066667
