0 0.733333 0.206667 0.064444 0.051111
0 0.642222 0.417778 0.071111 0.048889
0 0.803889 0.540000 0.070000 0.051111
0 0.627222 0.537222 0.070000 0.052222
0 0.602222 0.597778 0.075556 0.055556
0 0.415000 0.499444 0.081111 0.058889
0 0.600556 0.852778 0.078889 0.063333
0 0.802778 0.753889 0.070000 0.054444
1 0.324444 0.473889 0.055556 0.052222
1 0.256111 0.401667 0.070000 0.041111
1 0.647222 0.782778 0.063333 0.052222
1 0.444444 0.646111 0.060000 0.047778
1 0.727778 0.854444 0.060000 0.044444
2 0.533333 0.151667 0.066667 0.045556
2 0.483889 0.196111 0.061111 0.043333
2 0.528333 0.321667 0.061111 0.041111
2 0.395556 0.567778 0.062222 0.044444
2 0.350000 0.691111 0.057778 0.042222
2 0.185556 0.756111 0.055556 0.054444
2 0.266111 0.865000 0.058889 0.050000
2 0.861667 0.588889 0.061111 0.042222
3 0.571667 0.238333 0.074444 0.061111
3 0.432222 0.237222 0.066667 0.058889
3 0.368889 0.298333 0.071111 0.061111
3 0.621111 0.313889 0.053333 0.050000
3 0.934444 0.556111 0.073333 0.056667
3 0.857778 0.726111 0.062222 0.050000
3 0.787778 0.803333 0.060000 0.042222
3 0.369444 0.764444 0.067778 0.053333
3 0.391667 0.868889 0.074444 0.055556
3 0.349444 0.644444 0.063333 0.042222
3 0.326667 0.521667 0.064444 0.047778
