3 0.398333 0.226667 0.043333 0.060000
3 0.298889 0.368333 0.037778 0.061111
3 0.276667 0.495556 0.048889 0.066667
3 0.391111 0.612778 0.042222 0.067778
3 0.317778 0.696667 0.048889 0.068889
3 0.430000 0.680000 0.053333 0.066667
3 0.535000 0.725556 0.050000 0.057778
3 0.763889 0.368333 0.052222 0.058889
0 0.203333 0.318333 0.053333 0.058889
0 0.398889 0.404444 0.048889 0.060000
0 0.505556 0.474444 0.046667 0.060000
0 0.601111 0.616111 0.044444 0.063333
0 0.231667 0.666111 0.061111 0.061111
0 0.658333 0.801111 0.058889 0.077778
0 0.685000 0.442778 0.045556 0.065556
0 0.511111 0.390000 0.053333 0.084444
3 0.671111 0.316111 0.040000 0.052222
1 0.430000 0.262222 0.037778 0.062222
1 0.850000 0.748889 0.053333 0.066667
1 0.726111 0.531667 0.050000 0.070000
1 0.786667 0.503333 0.046667 0.064444
1 0.626667 0.336667 0.040000 0.062222
2 0.632778 0.281667 0.045556 0.050000
2 0.807778 0.325556 0.046667 0.051111
2 0.580556 0.340556 0.036667 0.056667
2 0.388889 0.480556 0.042222 0.047778
2 0.315000 0.553889 0.041111 0.054444
2 0.512222 0.546667 0.046667 0.060000
2 0.627778 0.505556 0.046667 0.053333
2 0.871111 0.588889 0.048889 0.051111
2 0.751667 0.731667 0.050000 0.056667
