2 0.651667 0.136111 0.058889 0.045556
2 0.720556 0.383889 0.054444 0.041111
2 0.615556 0.498889 0.057778 0.044444
2 0.635556 0.547222 0.044444 0.045556
2 0.759444 0.557778 0.054444 0.044444
2 0.543889 0.616111 0.056667 0.036667
2 0.344444 0.601667 0.046667 0.045556
2 0.212222 0.379444 0.055556 0.038889
3 0.166111 0.138889 0.061111 0.044444
3 0.227778 0.163333 0.057778 0.046667
3 0.081667 0.202222 0.058889 0.046667
3 0.582222 0.213333 0.051111 0.048889
3 0.496111 0.266667 0.056667 0.044444
3 0.478889 0.318889 0.055556 0.048889
3 0.522222 0.436111 0.064444 0.050000
3 0.415000 0.625000 0.067778 0.052222
3 0.785000 0.479444 0.067778 0.041111
0 0.311667 0.123889 0.067778 0.038889
0 0.207778 0.458889 0.068889 0.053333
0 0.579444 0.376667 0.056667 0.048889
0 0.409444 0.559444 0.067778 0.050000
0 0.500000 0.382778 0.071111 0.050000
0 0.408889 0.315000 0.064444 0.047778
0 0.533889 0.741667 0.067778 0.052222
1 0.614444 0.597222 0.062222 0.047778
1 0.593889 0.287778 0.061111 0.046667
1 0.742222 0.228889 0.060000 0.044444
1 0.467778 0.173889 0.064444 0.047778
1 0.508889 0.098333 0.057778 0.038889
1 0.404444 0.254444 0.064444 0.040000
3 0.151111 0.346111 0.062222 0.043333
