2 0.699444 0.232222 0.050000 0.042222
2 0.441111 0.277778 0.057778 0.051111
2 0.312778 0.453889 0.058889 0.052222
2 0.574444 0.492222 0.062222 0.040000
2 0.445000 0.596667 0.054444 0.044444
2 0.676111 0.666111 0.065556 0.038889
2 0.614444 0.570556 0.064444 0.043333
2 0.571667 0.847778 0.058889 0.044444
3 0.472222 0.380556 0.064444 0.054444
3 0.587222 0.343889 0.061111 0.045556
3 0.817778 0.493333 0.060000 0.046667
3 0.808333 0.565000 0.054444 0.045556
3 0.746111 0.534444 0.056667 0.040000
3 0.722222 0.512778 0.042222 0.045556
3 0.678889 0.546667 0.064444 0.042222
3 0.731667 0.751111 0.056667 0.042222
3 0.618889 0.852778 0.044444 0.045556
3 0.241667 0.432222 0.070000 0.048889
3 0.593333 0.428889 0.057778 0.042222
0 0.561667 0.302778 0.058889 0.041111
0 0.398889 0.388333 0.075556 0.058889
0 0.538333 0.558333 0.067778 0.050000
0 0.386111 0.625000 0.074444 0.061111
0 0.672222 0.505556 0.062222 0.044444
0 0.794444 0.652778 0.068889 0.056667
1 0.896111 0.558333 0.058889 0.043333
1 0.758333 0.325556 0.050000 0.042222
1 0.643333 0.408333 0.057778 0.050000
1 0.462222 0.430556 0.055556 0.047778
1 0.400556 0.485556 0.065556 0.055556
1 0.481667 0.642778 0.063333 0.052222
3 0.741111 0.414444 0.066667 0.044444
