0 0.691111 0.205000 0.080000 0.058889
0 0.942778 0.742778 0.063333 0.052222
0 0.898889 0.948333 0.057778 0.050000
0 0.488889 0.907222 0.080000 0.056667
0 0.696667 0.812222 0.073333 0.057778
0 0.033333 0.836111 0.064444 0.052222
0 0.238333 0.448889 0.072222 0.057778
2 0.819444 0.275556 0.065556 0.040000
2 0.295556 0.434444 0.042222 0.040000
2 0.433889 0.612222 0.054444 0.048889
2 0.785556 0.597778 0.055556 0.044444
2 0.599444 0.705000 0.063333 0.038889
2 0.868333 0.672778 0.052222 0.047778
2 0.882778 0.726667 0.052222 0.053333
2 0.762778 0.912778 0.065556 0.043333
2 0.089444 0.519444 0.063333 0.038889
2 0.035000 0.560000 0.056667 0.044444
2 0.845000 0.416111 0.063333 0.050000
1 0.616111 0.322778 0.067778 0.054444
1 0.915000 0.414444 0.065556 0.053333
1 0.030000 0.433333 0.057778 0.048889
1 0.031667 0.130556 0.061111 0.056667
3 0.948333 0.372222 0.063333 0.044444
3 0.555000 0.342222 0.058889 0.048889
3 0.343333 0.467222 0.055556 0.043333
3 0.301111 0.498889 0.066667 0.048889
3 0.366667 0.617778 0.073333 0.055556
3 0.084444 0.696111 0.064444 0.045556
3 0.776667 0.682778 0.066667 0.047778
3 0.913889 0.778889 0.061111 0.055556
1 0.102778 0.657222 0.070000 0.043333
1 0.415000 0.667778 0.056667 0.048889
