0 0.680556 0.282222 0.056667 0.064444
0 0.698333 0.482222 0.047778 0.057778
0 0.772778 0.515000 0.050000 0.058889
0 0.412222 0.206111 0.042222 0.063333
0 0.330556 0.343333 0.050000 0.064444
0 0.213889 0.582222 0.045556 0.068889
0 0.647222 0.520000 0.038889 0.055556
1 0.365556 0.179444 0.037778 0.067778
1 0.492778 0.304444 0.041111 0.064444
1 0.291667 0.279444 0.047778 0.050000
1 0.622222 0.660556 0.042222 0.061111
1 0.601667 0.292778 0.043333 0.047778
2 0.325556 0.466667 0.051111 0.042222
2 0.505000 0.443889 0.047778 0.047778
2 0.564444 0.308889 0.033333 0.053333
2 0.631667 0.338889 0.041111 0.048889
2 0.451111 0.218333 0.035556 0.056667
2 0.575000 0.581111 0.041111 0.044444
2 0.331667 0.615000 0.045556 0.050000
2 0.515000 0.690556 0.043333 0.052222
2 0.700556 0.761111 0.050000 0.051111
2 0.463889 0.815000 0.041111 0.056667
3 0.362778 0.761111 0.036667 0.062222
3 0.401667 0.763333 0.041111 0.066667
3 0.579444 0.643889 0.045556 0.058889
3 0.432778 0.570556 0.052222 0.063333
3 0.535000 0.579444 0.038889 0.052222
3 0.546667 0.418889 0.042222 0.057778
3 0.370556 0.452222 0.041111 0.053333
3 0.374444 0.400556 0.044444 0.052222
3 0.248889 0.388333 0.044444 0.065556
1 0.583889 0.770000 0.045556 0.066667
