1 0.545556 0.170000 0.042222 0.046667
1 0.854444 0.327778 0.037778 0.053333
1 0.616111 0.557778 0.045556 0.057778
1 0.439444 0.702778 0.043333 0.061111
1 0.376111 0.667222 0.045556 0.045556
1 0.312778 0.347222 0.050000 0.054444
0 0.331111 0.179444 0.046667 0.054444
0 0.487778 0.409444 0.040000 0.056667
0 0.795000 0.422778 0.050000 0.065556
0 0.930000 0.211111 0.053333 0.066667
0 0.535556 0.518889 0.044444 0.062222
0 0.466111 0.831667 0.052222 0.063333
2 0.382222 0.149444 0.037778 0.054444
2 0.251667 0.147222 0.036667 0.056667
2 0.569444 0.210556 0.030000 0.045556
2 0.345556 0.575556 0.051111 0.037778
2 0.350000 0.515000 0.048889 0.041111
2 0.532222 0.579444 0.040000 0.050000
2 0.708889 0.517778 0.040000 0.051111
2 0.900556 0.333333 0.045556 0.048889
3 0.730556 0.197778 0.041111 0.044444
3 0.646111 0.373333 0.038889 0.062222
3 0.508333 0.270000 0.036667 0.051111
3 0.345556 0.311667 0.040000 0.061111
3 0.361111 0.444444 0.037778 0.048889
3 0.411111 0.540000 0.048889 0.060000
3 0.416111 0.592778 0.047778 0.050000
3 0.353889 0.621667 0.047778 0.054444
3 0.628889 0.640556 0.042222 0.058889
0 0.785556 0.550000 0.053333 0.062222
3 0.875000 0.281111 0.043333 0.055556
