0 0.115000 0.350556 0.070000 0.052222
0 0.312222 0.438889 0.075556 0.053333
0 0.533333 0.291667 0.077778 0.061111
0 0.626667 0.317222 0.082222 0.058889
0 0.523889 0.847778 0.081111 0.057778
0 0.633333 0.773333 0.071111 0.053333
3 0.181667 0.265556 0.085556 0.053333
3 0.440000 0.183333 0.086667 0.071111
3 0.600556 0.387222 0.070000 0.056667
3 0.394444 0.325000 0.077778 0.067778
3 0.753333 0.515556 0.055556 0.053333
3 0.826111 0.563889 0.067778 0.056667
3 0.673333 0.513889 0.066667 0.056667
3 0.613889 0.675000 0.063333 0.052222
3 0.442222 0.742778 0.073333 0.061111
0 0.540000 0.357778 0.064444 0.057778
2 0.687778 0.247778 0.064444 0.055556
2 0.598333 0.232222 0.058889 0.051111
2 0.295000 0.241667 0.070000 0.056667
2 0.272222 0.511667 0.066667 0.061111
2 0.445556 0.574444 0.064444 0.055556
2 0.598333 0.506667 0.065556 0.057778
2 0.507222 0.439444 0.083333 0.050000
2 0.480556 0.352222 0.054444 0.055556
2 0.730556 0.663333 0.065556 0.055556
2 0.596111 0.627778 0.063333 0.042222
1 0.132778 0.470000 0.074444 0.060000
1 0.187222 0.537222 0.076667 0.061111
1 0.194444 0.603889 0.080000 0.054444
1 0.360556 0.610000 0.078889 0.068889
1 0.472222 0.663889 0.064444 0.054444
1 0.331667 0.805556 0.072222 0.051111
