2 0.022778 0.320556 0.043333 0.050000
2 0.301667 0.389444 0.047778 0.050000
2 0.122222 0.425000 0.055556 0.054444
2 0.545000 0.468333 0.045556 0.041111
2 0.873333 0.630000 0.044444 0.040000
2 0.819444 0.698333 0.056667 0.041111
2 0.770000 0.756111 0.057778 0.043333
2 0.055556 0.821111 0.057778 0.044444
0 0.526111 0.662222 0.058889 0.051111
0 0.468889 0.661111 0.062222 0.051111
0 0.362778 0.771667 0.067778 0.054444
0 0.889444 0.978889 0.058889 0.042222
0 0.980000 0.671667 0.040000 0.047778
3 0.329444 0.262778 0.058889 0.056667
3 0.156667 0.372778 0.071111 0.043333
3 0.211667 0.437778 0.050000 0.053333
3 0.292778 0.544444 0.067778 0.044444
3 0.172222 0.577778 0.062222 0.040000
3 0.716111 0.581667 0.043333 0.038889
3 0.811667 0.537222 0.061111 0.045556
3 0.821111 0.645556 0.055556 0.044444
3 0.593333 0.913889 0.066667 0.052222
3 0.152222 0.772778 0.062222 0.043333
1 0.028333 0.175000 0.054444 0.050000
1 0.020000 0.232778 0.037778 0.056667
1 0.373333 0.507778 0.060000 0.048889
1 0.672222 0.583889 0.044444 0.050000
1 0.068889 0.772778 0.060000 0.052222
1 0.160000 0.539444 0.066667 0.041111
