2 0.095556 0.282222 0.042222 0.055556
2 0.513889 0.121667 0.047778 0.052222
2 0.786667 0.589444 0.055556 0.038889
2 0.910000 0.930556 0.042222 0.058889
2 0.889444 0.970000 0.043333 0.060000
2 0.209444 0.976111 0.045556 0.047778
0 0.620556 0.442222 0.056667 0.057778
0 0.931667 0.360556 0.047778 0.052222
0 0.962778 0.105556 0.045556 0.062222
0 0.137222 0.239444 0.052222 0.054444
0 0.735000 0.675000 0.047778 0.058889
0 0.783333 0.668333 0.048889 0.052222
0 0.416111 0.969444 0.063333 0.061111
3 0.926111 0.140556 0.036667 0.052222
3 0.832222 0.527778 0.048889 0.057778
3 0.629444 0.686111 0.052222 0.061111
3 0.809444 0.631111 0.045556 0.040000
3 0.780000 0.818333 0.044444 0.063333
3 0.653889 0.968333 0.052222 0.063333
3 0.847778 0.980000 0.046667 0.040000
2 0.049444 0.982778 0.045556 0.034444
3 0.395556 0.023333 0.037778 0.044444
2 0.666111 0.040000 0.038889 0.060000
1 0.972778 0.285000 0.045556 0.056667
1 0.755556 0.622222 0.046667 0.044444
