3 0.462222 0.310556 0.042222 0.050000
3 0.511111 0.280556 0.044444 0.065556
3 0.375556 0.298889 0.037778 0.055556
3 0.475556 0.450000 0.053333 0.057778
3 0.344444 0.455000 0.042222 0.054444
3 0.304444 0.637778 0.055556 0.055556
3 0.707222 0.662778 0.056667 0.056667
3 0.471111 0.750556 0.044444 0.063333
3 0.614444 0.743889 0.046667 0.063333
3 0.603889 0.540000 0.043333 0.060000
0 0.408333 0.412778 0.050000 0.061111
0 0.389444 0.513889 0.045556 0.070000
0 0.686111 0.470556 0.045556 0.065556
0 0.737222 0.558333 0.050000 0.061111
0 0.701111 0.724444 0.051111 0.064444
0 0.523889 0.633333 0.061111 0.064444
0 0.221667 0.611111 0.047778 0.057778
3 0.414444 0.311111 0.037778 0.051111
2 0.284444 0.295556 0.033333 0.055556
2 0.563333 0.380000 0.044444 0.048889
2 0.581667 0.580556 0.038889 0.054444
2 0.502778 0.556111 0.041111 0.052222
2 0.806667 0.656111 0.044444 0.058889
2 0.300556 0.577778 0.038889 0.051111
2 0.267222 0.604444 0.032222 0.060000
2 0.588889 0.837222 0.044444 0.054444
1 0.315556 0.715556 0.048889 0.060000
1 0.543333 0.822778 0.044444 0.056667
1 0.438333 0.529444 0.052222 0.054444
1 0.312778 0.392778 0.038889 0.052222
