0 0.178333 0.215000 0.067778 0.076667
0 0.693889 0.453889 0.074444 0.085556
0 0.290556 0.606111 0.067778 0.083333
0 0.371111 0.706667 0.073333 0.091111
0 0.307778 0.790000 0.082222 0.111111
2 0.332778 0.091667 0.047778 0.061111
2 0.415556 0.219444 0.048889 0.063333
2 0.471667 0.306111 0.047778 0.067778
2 0.400000 0.348889 0.046667 0.075556
2 0.432222 0.412778 0.060000 0.065556
2 0.492222 0.433889 0.046667 0.072222
2 0.528333 0.513889 0.041111 0.070000
2 0.565000 0.549444 0.058889 0.072222
2 0.393889 0.480000 0.063333 0.044444
3 0.498889 0.179444 0.048889 0.074444
3 0.312222 0.195000 0.048889 0.061111
3 0.593333 0.289444 0.048889 0.056667
3 0.645556 0.273889 0.064444 0.063333
3 0.453333 0.494444 0.051111 0.062222
3 0.412222 0.547222 0.060000 0.074444
3 0.351667 0.533333 0.056667 0.080000
3 0.297778 0.447778 0.064444 0.064444
3 0.507778 0.761667 0.075556 0.110000
3 0.703889 0.836111 0.070000 0.105556
3 0.583333 0.223889 0.060000 0.058889
3 0.501667 0.254444 0.047778 0.064444
3 0.550556 0.181111 0.054444 0.080000
1 0.297778 0.286111 0.062222 0.074444
1 0.537778 0.400000 0.062222 0.071111
1 0.618889 0.355556 0.057778 0.077778
3 0.545556 0.288333 0.042222 0.070000
1 0.275556 0.528889 0.064444 0.055556
1 0.218889 0.487778 0.062222 0.086667
