0 0.336667 0.050556 0.057778 0.083333
0 0.470556 0.151667 0.058889 0.056667
0 0.620000 0.495000 0.071111 0.090000
0 0.461111 0.763333 0.073333 0.104444
0 0.525000 0.813889 0.067778 0.103333
0 0.510000 0.703333 0.064444 0.082222
0 0.119444 0.736667 0.067778 0.091111
3 0.353889 0.853889 0.070000 0.103333
3 0.372778 0.611667 0.058889 0.078889
3 0.465000 0.502222 0.050000 0.062222
3 0.170556 0.455000 0.058889 0.078889
3 0.117778 0.440556 0.051111 0.087778
3 0.317778 0.335556 0.048889 0.064444
3 0.496667 0.230000 0.053333 0.066667
3 0.553889 0.132778 0.045556 0.063333
3 0.391667 0.143889 0.052222 0.063333
3 0.447778 0.066111 0.053333 0.072222
2 0.410556 0.195000 0.038889 0.052222
2 0.454444 0.315000 0.053333 0.065556
2 0.416667 0.443889 0.057778 0.058889
2 0.353889 0.488333 0.047778 0.074444
2 0.542778 0.465000 0.054444 0.054444
2 0.533889 0.413333 0.056667 0.048889
2 0.713333 0.418889 0.053333 0.057778
2 0.481667 0.435556 0.052222 0.066667
2 0.541111 0.562222 0.053333 0.066667
1 0.296667 0.803889 0.062222 0.094444
1 0.580000 0.638333 0.064444 0.092222
1 0.317222 0.423333 0.045556 0.068889
1 0.273333 0.381111 0.057778 0.077778
1 0.624444 0.303333 0.057778 0.075556
1 0.447778 0.215000 0.044444 0.067778
0 0.231667 0.021111 0.058889 0.040000
