1 0.532222 0.367222 0.051111 0.063333
1 0.217778 0.344444 0.055556 0.053333
1 0.673889 0.451667 0.050000 0.065556
1 0.626667 0.732778 0.051111 0.076667
1 0.352222 0.579444 0.053333 0.070000
1 0.617222 0.586111 0.054444 0.065556
3 0.394444 0.294444 0.053333 0.057778
3 0.431667 0.382222 0.047778 0.066667
3 0.366111 0.381667 0.047778 0.056667
3 0.248889 0.536667 0.048889 0.068889
3 0.582222 0.498333 0.057778 0.065556
3 0.655556 0.378889 0.048889 0.071111
3 0.782222 0.571111 0.060000 0.071111
3 0.729444 0.672222 0.047778 0.060000
3 0.252222 0.774444 0.051111 0.075556
2 0.586111 0.239444 0.047778 0.052222
2 0.672222 0.236667 0.044444 0.062222
2 0.285556 0.288889 0.053333 0.057778
2 0.271667 0.377222 0.041111 0.052222
2 0.566111 0.438889 0.061111 0.055556
2 0.385000 0.479444 0.047778 0.054444
2 0.515556 0.560000 0.051111 0.048889
2 0.537222 0.667222 0.050000 0.054444
2 0.752222 0.721667 0.046667 0.061111
2 0.494444 0.782778 0.044444 0.065556
0 0.726111 0.192778 0.058889 0.074444
0 0.826111 0.446111 0.056667 0.065556
0 0.748333 0.412778 0.054444 0.072222
0 0.695556 0.515556 0.055556 0.055556
0 0.433889 0.571111 0.058889 0.066667
0 0.390556 0.746111 0.058889 0.085556
0 0.211667 0.403889 0.058889 0.063333
