3 0.575000 0.180000 0.058889 0.075556
3 0.365556 0.296111 0.060000 0.052222
3 0.342222 0.429444 0.053333 0.070000
3 0.207778 0.594444 0.062222 0.073333
3 0.529444 0.573333 0.058889 0.066667
3 0.690556 0.556111 0.063333 0.085556
3 0.739444 0.711111 0.065556 0.068889
3 0.574444 0.852778 0.057778 0.078889
3 0.473333 0.381667 0.048889 0.058889
0 0.725556 0.224444 0.071111 0.077778
0 0.841111 0.497778 0.053333 0.077778
0 0.788889 0.367222 0.055556 0.072222
0 0.475556 0.447778 0.057778 0.071111
0 0.417222 0.367222 0.056667 0.081111
0 0.442222 0.706111 0.064444 0.087778
0 0.742778 0.590000 0.043333 0.064444
2 0.668889 0.272778 0.046667 0.058889
2 0.253889 0.327222 0.054444 0.061111
2 0.235556 0.418333 0.055556 0.058889
2 0.617222 0.442222 0.050000 0.066667
2 0.451667 0.504444 0.043333 0.064444
2 0.361667 0.531667 0.052222 0.065556
2 0.256667 0.721111 0.046667 0.068889
2 0.478333 0.865556 0.052222 0.068889
2 0.522778 0.735556 0.054444 0.055556
2 0.767222 0.795000 0.054444 0.063333
1 0.738333 0.326111 0.054444 0.061111
1 0.788333 0.583889 0.050000 0.070000
1 0.796111 0.648889 0.054444 0.066667
1 0.619444 0.651667 0.063333 0.074444
1 0.628333 0.815000 0.056667 0.090000
1 0.390000 0.681111 0.051111 0.068889
