0 0.432222 0.145556 0.046667 0.066667
0 0.598889 0.116111 0.042222 0.058889
0 0.490556 0.214444 0.050000 0.064444
0 0.532222 0.362778 0.048889 0.072222
0 0.438333 0.321667 0.045556 0.070000
0 0.084444 0.394444 0.066667 0.066667
0 0.410000 0.810000 0.062222 0.075556
2 0.241667 0.132222 0.047778 0.051111
2 0.371111 0.183333 0.044444 0.051111
2 0.398333 0.273333 0.045556 0.042222
2 0.539444 0.246111 0.041111 0.058889
2 0.309444 0.354444 0.041111 0.057778
2 0.563889 0.805556 0.052222 0.075556
2 0.343333 0.876111 0.051111 0.074444
3 0.646111 0.230000 0.043333 0.073333
3 0.706667 0.215556 0.048889 0.044444
3 0.665556 0.341111 0.055556 0.055556
3 0.695556 0.420000 0.048889 0.053333
3 0.653333 0.397222 0.044444 0.063333
3 0.248889 0.520556 0.060000 0.070000
3 0.413889 0.574444 0.047778 0.064444
3 0.246111 0.660000 0.052222 0.080000
3 0.452222 0.749444 0.046667 0.074444
3 0.432778 0.885556 0.061111 0.071111
1 0.385000 0.345000 0.045556 0.058889
1 0.687778 0.263333 0.042222 0.048889
1 0.457222 0.551111 0.041111 0.068889
