3 0.505556 0.136111 0.037778 0.056667
3 0.703333 0.185000 0.048889 0.070000
3 0.281111 0.373889 0.051111 0.070000
3 0.744444 0.493889 0.055556 0.056667
3 0.689444 0.460556 0.052222 0.067778
3 0.310556 0.509444 0.038889 0.065556
3 0.198889 0.557222 0.046667 0.054444
3 0.268889 0.637778 0.051111 0.062222
3 0.297222 0.820000 0.056667 0.066667
3 0.885000 0.941111 0.063333 0.093333
0 0.406667 0.225000 0.044444 0.070000
0 0.604444 0.221667 0.053333 0.074444
0 0.437778 0.311111 0.055556 0.068889
0 0.391667 0.510556 0.054444 0.078889
0 0.632222 0.701111 0.057778 0.084444
0 0.386111 0.683333 0.052222 0.066667
0 0.353889 0.765000 0.050000 0.070000
2 0.458333 0.255000 0.047778 0.043333
2 0.610556 0.286667 0.054444 0.051111
2 0.578333 0.364444 0.050000 0.062222
2 0.562222 0.506111 0.048889 0.052222
2 0.563889 0.568889 0.054444 0.060000
2 0.785556 0.725556 0.051111 0.073333
2 0.294444 0.686667 0.035556 0.064444
2 0.272778 0.535000 0.036667 0.056667
2 0.270556 0.474444 0.041111 0.057778
1 0.229444 0.122778 0.047778 0.063333
1 0.243333 0.228333 0.048889 0.070000
1 0.527778 0.203889 0.044444 0.058889
1 0.444444 0.459444 0.048889 0.063333
1 0.640556 0.435556 0.045556 0.077778
0 0.333889 0.679444 0.047778 0.067778
