2 0.665000 0.282778 0.063333 0.045556
2 0.676667 0.376667 0.051111 0.040000
2 0.698333 0.421111 0.054444 0.040000
2 0.543889 0.348333 0.047778 0.041111
2 0.675556 0.546111 0.051111 0.045556
2 0.840000 0.567778 0.060000 0.046667
2 0.539444 0.545000 0.052222 0.043333
2 0.573333 0.727778 0.057778 0.048889
3 0.423889 0.195000 0.056667 0.047778
3 0.264444 0.350000 0.073333 0.040000
3 0.451667 0.407778 0.063333 0.037778
3 0.429444 0.446111 0.061111 0.041111
3 0.290556 0.427778 0.056667 0.040000
3 0.413889 0.545000 0.058889 0.041111
3 0.395556 0.602778 0.060000 0.045556
3 0.727778 0.615556 0.073333 0.046667
3 0.088333 0.298333 0.061111 0.038889
3 0.625556 0.868889 0.068889 0.060000
0 0.544444 0.193889 0.055556 0.045556
0 0.480556 0.208333 0.054444 0.047778
0 0.342778 0.297222 0.050000 0.047778
0 0.358333 0.238333 0.061111 0.043333
0 0.156111 0.321111 0.065556 0.051111
0 0.592222 0.491667 0.064444 0.045556
0 0.667222 0.717222 0.074444 0.050000
0 0.332222 0.696111 0.068889 0.045556
0 0.027778 0.528333 0.053333 0.058889
1 0.437778 0.246111 0.048889 0.050000
1 0.562222 0.235000 0.064444 0.038889
1 0.588889 0.418333 0.066667 0.041111
1 0.961667 0.478889 0.067778 0.044444
1 0.542222 0.585000 0.068889 0.032222
