1 0.376667 0.401111 0.046667 0.064444
1 0.786111 0.511667 0.061111 0.063333
1 0.734444 0.378889 0.044444 0.053333
1 0.663333 0.685000 0.055556 0.070000
1 0.489444 0.628333 0.054444 0.070000
0 0.557778 0.400000 0.055556 0.084444
0 0.683333 0.428333 0.046667 0.076667
0 0.598333 0.362778 0.036667 0.072222
0 0.887778 0.501111 0.060000 0.075556
0 0.595556 0.720000 0.064444 0.091111
0 0.630556 0.593333 0.052222 0.073333
0 0.290000 0.425556 0.062222 0.080000
0 0.404444 0.513889 0.064444 0.072222
3 0.226111 0.175556 0.047778 0.055556
3 0.407222 0.176667 0.056667 0.066667
3 0.690556 0.351667 0.050000 0.067778
3 0.646111 0.385000 0.050000 0.052222
3 0.734444 0.438333 0.051111 0.063333
3 0.961667 0.500000 0.058889 0.064444
3 0.440000 0.624444 0.046667 0.073333
3 0.396111 0.607222 0.047778 0.072222
3 0.484444 0.818333 0.062222 0.072222
0 0.287778 0.628889 0.057778 0.071111
3 0.626111 0.263333 0.043333 0.060000
2 0.453889 0.362778 0.038889 0.058889
2 0.420556 0.456667 0.054444 0.053333
2 0.052778 0.413333 0.058889 0.060000
2 0.513889 0.546667 0.052222 0.057778
2 0.652778 0.536667 0.050000 0.055556
2 0.697222 0.578889 0.052222 0.068889
2 0.815000 0.441667 0.054444 0.052222
2 0.835000 0.515556 0.041111 0.071111
2 0.581667 0.278889 0.043333 0.064444
