2 0.272778 0.569444 0.054444 0.056667
2 0.456111 0.540000 0.047778 0.048889
2 0.652222 0.543333 0.048889 0.042222
2 0.724444 0.659444 0.048889 0.054444
2 0.622778 0.677778 0.041111 0.051111
2 0.579444 0.698889 0.043333 0.051111
2 0.451667 0.673889 0.045556 0.045556
2 0.431111 0.840000 0.046667 0.053333
3 0.703889 0.087222 0.036667 0.056667
3 0.573889 0.287778 0.041111 0.053333
3 0.651111 0.261667 0.040000 0.063333
3 0.806111 0.424444 0.047778 0.053333
3 0.592222 0.448333 0.044444 0.056667
3 0.555000 0.426667 0.045556 0.057778
3 0.456667 0.413889 0.044444 0.061111
3 0.400556 0.393333 0.047778 0.057778
3 0.133333 0.621111 0.055556 0.062222
3 0.386111 0.727222 0.047778 0.065556
0 0.471111 0.027222 0.057778 0.052222
0 0.677778 0.157778 0.048889 0.057778
0 0.762222 0.358333 0.046667 0.056667
0 0.700556 0.343333 0.043333 0.046667
0 0.806667 0.544444 0.046667 0.055556
0 0.794444 0.480556 0.053333 0.058889
0 0.511667 0.588333 0.045556 0.063333
0 0.280000 0.668889 0.055556 0.075556
0 0.305556 0.332222 0.055556 0.071111
1 0.755556 0.439444 0.048889 0.058889
1 0.766111 0.559444 0.038889 0.058889
1 0.579444 0.590556 0.038889 0.065556
1 0.415000 0.542778 0.036667 0.058889
1 0.521667 0.962222 0.041111 0.068889
