2 0.512222 0.286111 0.062222 0.043333
2 0.426111 0.280000 0.054444 0.044444
2 0.527778 0.423889 0.060000 0.047778
2 0.592222 0.472778 0.055556 0.052222
2 0.813333 0.436111 0.053333 0.045556
2 0.666111 0.530556 0.054444 0.052222
2 0.350556 0.488333 0.058889 0.043333
2 0.254444 0.732222 0.075556 0.040000
2 0.572222 0.776111 0.048889 0.050000
2 0.548889 0.676667 0.053333 0.042222
3 0.624444 0.302778 0.053333 0.050000
3 0.280556 0.350000 0.072222 0.048889
3 0.363333 0.432778 0.073333 0.056667
3 0.468889 0.408889 0.060000 0.055556
3 0.470000 0.477778 0.062222 0.051111
3 0.507778 0.541111 0.071111 0.051111
3 0.236667 0.486111 0.055556 0.054444
3 0.351111 0.595000 0.068889 0.052222
3 0.730556 0.678889 0.058889 0.048889
3 0.400556 0.325000 0.063333 0.050000
0 0.728333 0.335556 0.063333 0.048889
0 0.782778 0.733333 0.072222 0.060000
0 0.662778 0.776667 0.063333 0.060000
0 0.519444 0.801667 0.067778 0.052222
0 0.482778 0.743333 0.056667 0.053333
0 0.400556 0.749444 0.065556 0.054444
0 0.479444 0.619444 0.070000 0.054444
1 0.615000 0.646111 0.063333 0.043333
1 0.668333 0.648889 0.052222 0.055556
1 0.726667 0.617222 0.057778 0.047778
1 0.706667 0.432222 0.060000 0.044444
1 0.276111 0.651667 0.065556 0.052222
