3 0.412222 0.163333 0.053333 0.060000
3 0.492778 0.191667 0.041111 0.043333
3 0.626111 0.240000 0.036667 0.053333
3 0.498333 0.350000 0.036667 0.057778
3 0.343889 0.376111 0.045556 0.052222
3 0.248333 0.493333 0.056667 0.055556
3 0.497778 0.561667 0.048889 0.056667
3 0.471111 0.749444 0.057778 0.081111
3 0.633333 0.783889 0.057778 0.078889
0 0.680556 0.451667 0.052222 0.070000
0 0.412778 0.597222 0.072222 0.081111
0 0.537222 0.355000 0.041111 0.058889
0 0.497778 0.241667 0.055556 0.050000
0 0.476111 0.908333 0.070000 0.101111
0 0.334444 0.962222 0.075556 0.075556
0 0.303889 0.791667 0.067778 0.083333
2 0.254444 0.307778 0.055556 0.053333
2 0.500000 0.406667 0.048889 0.053333
2 0.472778 0.314444 0.034444 0.046667
2 0.556667 0.266111 0.037778 0.054444
2 0.476667 0.490556 0.037778 0.065556
2 0.604444 0.485000 0.046667 0.041111
2 0.617222 0.616667 0.054444 0.055556
2 0.232778 0.445556 0.056667 0.033333
2 0.421111 0.781111 0.055556 0.084444
1 0.616667 0.540000 0.055556 0.068889
1 0.563889 0.526667 0.050000 0.073333
1 0.573333 0.395000 0.051111 0.058889
1 0.560556 0.313889 0.036667 0.036667
1 0.440556 0.687778 0.047778 0.068889
1 0.432222 0.502222 0.048889 0.071111
