0 0.335556 0.238333 0.057778 0.090000
0 0.485556 0.271111 0.057778 0.075556
0 0.741111 0.464444 0.057778 0.062222
0 0.847778 0.486111 0.064444 0.081111
0 0.885556 0.601667 0.064444 0.074444
0 0.484444 0.525000 0.064444 0.078889
0 0.518333 0.616667 0.061111 0.075556
0 0.391111 0.027778 0.062222 0.053333
0 0.979444 0.373333 0.041111 0.075556
1 0.699444 0.198333 0.050000 0.078889
1 0.546111 0.248333 0.063333 0.067778
1 0.615556 0.492778 0.051111 0.072222
1 0.968333 0.529444 0.061111 0.067778
1 0.648333 0.717778 0.047778 0.071111
1 0.835556 0.339444 0.057778 0.078889
3 0.785556 0.260000 0.062222 0.077778
3 0.672222 0.339444 0.048889 0.061111
3 0.683889 0.450000 0.050000 0.064444
3 0.817222 0.620556 0.061111 0.067778
3 0.357222 0.136111 0.063333 0.078889
3 0.503333 0.145556 0.060000 0.060000
3 0.303333 0.171111 0.055556 0.064444
3 0.308333 0.060556 0.052222 0.072222
3 0.309444 0.368889 0.050000 0.073333
2 0.441667 0.217222 0.050000 0.056667
2 0.333333 0.581667 0.060000 0.065556
2 0.639444 0.413333 0.043333 0.075556
2 0.736667 0.345556 0.060000 0.062222
2 0.762778 0.409444 0.038889 0.067778
2 0.736111 0.546667 0.052222 0.055556
2 0.604444 0.713333 0.037778 0.073333
2 0.412778 0.721667 0.043333 0.072222
