0 0.541111 0.343333 0.046667 0.068889
0 0.465000 0.403889 0.054444 0.067778
0 0.533889 0.462778 0.047778 0.063333
0 0.493889 0.537222 0.054444 0.074444
0 0.700556 0.663889 0.054444 0.076667
0 0.417778 0.821111 0.071111 0.086667
0 0.466667 0.892222 0.062222 0.088889
0 0.600556 0.868333 0.070000 0.105556
2 0.600000 0.214444 0.040000 0.048889
2 0.565556 0.243333 0.040000 0.051111
2 0.711111 0.426111 0.048889 0.047778
2 0.657778 0.401111 0.048889 0.046667
2 0.662778 0.356111 0.045556 0.050000
2 0.597778 0.438889 0.035556 0.057778
2 0.562778 0.416111 0.052222 0.041111
2 0.558889 0.574444 0.040000 0.066667
2 0.639444 0.659444 0.052222 0.058889
3 0.467222 0.201667 0.038889 0.054444
3 0.498889 0.230556 0.044444 0.052222
3 0.439444 0.347778 0.054444 0.044444
3 0.321111 0.374444 0.046667 0.055556
3 0.223333 0.392778 0.053333 0.067778
3 0.617778 0.592222 0.046667 0.064444
3 0.676667 0.594444 0.051111 0.055556
3 0.794444 0.566111 0.055556 0.056667
3 0.654444 0.456111 0.051111 0.058889
3 0.698333 0.806667 0.058889 0.091111
1 0.601111 0.130556 0.042222 0.052222
1 0.488333 0.282778 0.047778 0.052222
1 0.566667 0.298333 0.044444 0.054444
1 0.793333 0.648889 0.057778 0.082222
1 0.634444 0.771667 0.062222 0.067778
1 0.441667 0.734444 0.052222 0.068889
