3 0.622778 0.232778 0.063333 0.047778
0 0.315556 0.260556 0.057778 0.050000
2 0.391111 0.403889 0.064444 0.032222
1 0.281111 0.565000 0.066667 0.043333
2 0.115556 0.488889 0.057778 0.046667
2 0.295000 0.517778 0.058889 0.035556
2 0.590556 0.482778 0.041111 0.043333
2 0.547778 0.596667 0.053333 0.037778
2 0.466667 0.589444 0.057778 0.032222
2 0.757778 0.711111 0.046667 0.037778
2 0.289444 0.627222 0.047778 0.034444
2 0.866111 0.605000 0.054444 0.036667
2 0.474444 0.653333 0.046667 0.040000
2 0.655000 0.815000 0.050000 0.043333
3 0.565000 0.372778 0.056667 0.043333
3 0.639444 0.456111 0.056667 0.041111
3 0.666667 0.551667 0.060000 0.045556
3 0.455000 0.475556 0.043333 0.042222
3 0.416111 0.344444 0.054444 0.040000
3 0.413889 0.527778 0.056667 0.033333
3 0.633889 0.756111 0.054444 0.052222
3 0.496667 0.799444 0.044444 0.045556
0 0.393889 0.437222 0.058889 0.036667
0 0.462778 0.551667 0.074444 0.045556
0 0.569444 0.556111 0.056667 0.050000
0 0.394444 0.643889 0.064444 0.050000
0 0.368333 0.760556 0.058889 0.045556
3 0.397222 0.306111 0.045556 0.045556
1 0.460000 0.321111 0.046667 0.037778
1 0.536667 0.453333 0.048889 0.044444
1 0.480556 0.697222 0.056667 0.047778
1 0.414444 0.479444 0.042222 0.034444
