1 0.524444 0.213333 0.044444 0.035556
1 0.523889 0.380000 0.047778 0.071111
1 0.443889 0.471667 0.047778 0.067778
1 0.325556 0.467778 0.044444 0.068889
1 0.256111 0.502778 0.050000 0.067778
1 0.165556 0.491667 0.040000 0.067778
0 0.330556 0.191111 0.054444 0.064444
0 0.286111 0.607222 0.054444 0.083333
0 0.238333 0.660000 0.056667 0.075556
0 0.496111 0.677222 0.058889 0.092222
0 0.548889 0.726111 0.051111 0.085556
0 0.391111 0.341111 0.046667 0.051111
0 0.508889 0.260556 0.048889 0.058889
3 0.191667 0.185556 0.045556 0.057778
3 0.418889 0.217222 0.044444 0.058889
3 0.374444 0.262778 0.048889 0.034444
3 0.548333 0.303889 0.038889 0.061111
3 0.218333 0.406667 0.056667 0.071111
3 0.283889 0.417222 0.043333 0.056667
3 0.320556 0.389444 0.047778 0.054444
3 0.399444 0.502222 0.045556 0.062222
3 0.366667 0.386111 0.040000 0.063333
3 0.321667 0.553333 0.054444 0.066667
2 0.362778 0.142222 0.043333 0.046667
2 0.460000 0.220556 0.035556 0.056667
2 0.232222 0.188889 0.035556 0.057778
2 0.390000 0.299444 0.046667 0.034444
2 0.451111 0.323889 0.042222 0.063333
2 0.528333 0.451667 0.052222 0.058889
2 0.427222 0.644444 0.045556 0.064444
2 0.370000 0.620556 0.046667 0.076667
2 0.303333 0.687222 0.060000 0.063333
