0 0.243889 0.149444 0.054444 0.063333
0 0.627222 0.252778 0.047778 0.065556
0 0.546111 0.375556 0.041111 0.055556
0 0.596111 0.319444 0.047778 0.054444
0 0.585000 0.267778 0.038889 0.051111
0 0.229444 0.531111 0.052222 0.055556
0 0.202222 0.703889 0.060000 0.067778
3 0.380556 0.178889 0.041111 0.048889
3 0.414444 0.202222 0.037778 0.044444
3 0.448333 0.225000 0.043333 0.047778
3 0.512222 0.275556 0.033333 0.053333
3 0.381667 0.467778 0.045556 0.053333
3 0.516667 0.458889 0.033333 0.055556
3 0.488333 0.358889 0.032222 0.051111
3 0.306111 0.910000 0.043333 0.068889
3 0.449444 0.893333 0.052222 0.068889
3 0.232222 0.593333 0.048889 0.064444
3 0.204444 0.643889 0.046667 0.047778
2 0.326111 0.249444 0.036667 0.052222
2 0.465556 0.270000 0.037778 0.044444
2 0.550556 0.281111 0.032222 0.055556
2 0.518333 0.330000 0.034444 0.053333
2 0.205000 0.433889 0.043333 0.043333
2 0.209444 0.352222 0.043333 0.044444
2 0.851667 0.592222 0.050000 0.046667
2 0.831667 0.957778 0.052222 0.055556
1 0.263889 0.260556 0.045556 0.052222
0 0.411667 0.258333 0.038889 0.056667
1 0.458333 0.408333 0.041111 0.061111
1 0.237778 0.396667 0.042222 0.055556
1 0.661667 0.726111 0.038889 0.056667
1 0.523889 0.951111 0.047778 0.062222
