3 0.502778 0.198333 0.058889 0.054444
3 0.332222 0.164444 0.055556 0.053333
3 0.453889 0.401667 0.061111 0.047778
3 0.386111 0.456667 0.058889 0.048889
3 0.806111 0.785000 0.078889 0.050000
3 0.698889 0.718889 0.080000 0.060000
3 0.470000 0.747222 0.066667 0.050000
3 0.255556 0.410556 0.062222 0.047778
3 0.312778 0.493889 0.056667 0.041111
0 0.374444 0.312222 0.068889 0.051111
0 0.253333 0.482222 0.057778 0.044444
0 0.209444 0.421111 0.043333 0.051111
0 0.497778 0.553333 0.066667 0.044444
0 0.672778 0.566667 0.085556 0.060000
0 0.386111 0.726667 0.067778 0.055556
0 0.351111 0.760556 0.064444 0.054444
1 0.568889 0.487222 0.066667 0.052222
1 0.638333 0.485000 0.070000 0.061111
1 0.287778 0.374444 0.051111 0.042222
1 0.392778 0.586667 0.054444 0.048889
1 0.463333 0.627778 0.060000 0.051111
2 0.232222 0.610556 0.053333 0.041111
2 0.301667 0.715000 0.058889 0.036667
2 0.437222 0.668889 0.061111 0.044444
2 0.375556 0.626111 0.055556 0.036667
2 0.839444 0.530556 0.065556 0.052222
2 0.758889 0.521111 0.068889 0.048889
2 0.355556 0.397222 0.057778 0.043333
