2 0.940000 0.499444 0.042222 0.052222
2 0.434444 0.503333 0.040000 0.040000
2 0.314444 0.518889 0.042222 0.035556
2 0.095556 0.132778 0.033333 0.052222
2 0.536667 0.025000 0.040000 0.036667
2 0.497778 0.820000 0.031111 0.051111
2 0.461667 0.975000 0.045556 0.043333
2 0.099444 0.660556 0.032222 0.041111
1 0.427778 0.197778 0.040000 0.051111
1 0.358889 0.332778 0.033333 0.050000
1 0.716111 0.447778 0.038889 0.057778
1 0.100556 0.863889 0.038889 0.054444
1 0.166667 0.586111 0.040000 0.050000
0 0.097222 0.575556 0.047778 0.048889
0 0.102222 0.741111 0.044444 0.048889
0 0.345000 0.493333 0.032222 0.044444
0 0.325556 0.353889 0.040000 0.050000
0 0.645000 0.511667 0.038889 0.047778
0 0.437778 0.583889 0.044444 0.050000
0 0.436111 0.892778 0.047778 0.061111
3 0.843333 0.974444 0.048889 0.051111
3 0.642222 0.735556 0.044444 0.064444
3 0.632222 0.976111 0.044444 0.047778
3 0.464444 0.832222 0.033333 0.044444
3 0.355000 0.838333 0.038889 0.045556
3 0.842222 0.470000 0.046667 0.053333
3 0.681111 0.508889 0.037778 0.046667
3 0.591111 0.502222 0.037778 0.040000
3 0.506111 0.446667 0.036667 0.053333
0 0.798889 0.465556 0.037778 0.051111
1 0.723333 0.346111 0.037778 0.052222
