1 0.052222 0.387778 0.064444 0.040000
1 0.372778 0.616111 0.056667 0.041111
1 0.646111 0.973889 0.058889 0.041111
3 0.314444 0.368333 0.062222 0.045556
3 0.215000 0.400556 0.063333 0.047778
3 0.342778 0.550000 0.047778 0.048889
3 0.108889 0.642222 0.057778 0.042222
3 0.278333 0.658333 0.065556 0.038889
3 0.054444 0.888333 0.062222 0.047778
3 0.508333 0.813333 0.056667 0.048889
3 0.817778 0.825556 0.053333 0.042222
3 0.738889 0.678333 0.046667 0.041111
3 0.887222 0.748333 0.056667 0.045556
2 0.089444 0.436111 0.058889 0.047778
2 0.260556 0.565000 0.054444 0.045556
2 0.421667 0.608333 0.043333 0.043333
2 0.260556 0.693333 0.058889 0.035556
2 0.275000 0.790556 0.052222 0.041111
2 0.043333 0.788889 0.053333 0.046667
0 0.272222 0.737778 0.064444 0.051111
0 0.276111 0.951667 0.052222 0.052222
0 0.626667 0.725000 0.062222 0.045556
0 0.682222 0.840000 0.057778 0.053333
0 0.867778 0.913889 0.068889 0.050000
0 0.972222 0.606667 0.055556 0.035556
0 0.191111 0.504444 0.064444 0.044444
1 0.335556 0.660000 0.051111 0.044444
2 0.733333 0.845556 0.044444 0.042222
2 0.886667 0.824444 0.053333 0.040000
2 0.857778 0.949444 0.053333 0.032222
1 0.970000 0.650556 0.057778 0.041111
1 0.636111 0.667778 0.054444 0.040000
