3 0.144444 0.316667 0.060000 0.042222
3 0.579444 0.332778 0.052222 0.041111
3 0.526667 0.320000 0.042222 0.035556
3 0.355556 0.460556 0.048889 0.045556
3 0.453333 0.445556 0.051111 0.040000
3 0.600556 0.463889 0.056667 0.041111
3 0.496667 0.614444 0.044444 0.046667
3 0.343889 0.668889 0.065556 0.048889
3 0.168333 0.667778 0.058889 0.048889
3 0.494444 0.501111 0.057778 0.035556
2 0.043333 0.442778 0.051111 0.038889
2 0.363333 0.513889 0.048889 0.041111
2 0.417778 0.538333 0.048889 0.038889
2 0.462222 0.397778 0.040000 0.035556
2 0.433333 0.286111 0.046667 0.034444
2 0.569444 0.369444 0.047778 0.036667
2 0.734444 0.276111 0.060000 0.038889
2 0.813889 0.490556 0.052222 0.038889
1 0.386111 0.320556 0.047778 0.038889
1 0.695000 0.413333 0.061111 0.037778
1 0.545000 0.481667 0.054444 0.034444
1 0.746111 0.487778 0.058889 0.040000
1 0.521667 0.580000 0.054444 0.035556
0 0.647778 0.363889 0.062222 0.050000
0 0.515556 0.357778 0.051111 0.042222
0 0.504444 0.423333 0.060000 0.035556
0 0.548333 0.443333 0.038889 0.035556
0 0.645000 0.566667 0.052222 0.044444
0 0.597778 0.655556 0.062222 0.048889
0 0.598333 0.583333 0.052222 0.044444
0 0.426111 0.486667 0.054444 0.046667
0 0.403889 0.446111 0.050000 0.036667
