1 0.469444 0.415556 0.045556 0.053333
1 0.463889 0.521667 0.034444 0.050000
1 0.375556 0.620000 0.042222 0.060000
1 0.048333 0.685000 0.043333 0.056667
1 0.485000 0.072222 0.038889 0.062222
0 0.190000 0.045556 0.060000 0.064444
0 0.308333 0.043333 0.047778 0.055556
0 0.462778 0.029444 0.038889 0.052222
0 0.554444 0.620556 0.051111 0.058889
0 0.590556 0.706111 0.047778 0.061111
0 0.600556 0.820000 0.056667 0.062222
0 0.476111 0.757778 0.043333 0.057778
0 0.241111 0.753333 0.042222 0.057778
0 0.192778 0.738333 0.041111 0.054444
2 0.578333 0.460000 0.045556 0.040000
2 0.157222 0.373333 0.047778 0.053333
2 0.280000 0.546111 0.037778 0.050000
2 0.341111 0.585556 0.033333 0.053333
2 0.559444 0.515000 0.041111 0.045556
2 0.613889 0.604444 0.038889 0.051111
2 0.665556 0.765000 0.048889 0.043333
3 0.072222 0.041667 0.042222 0.056667
3 0.041111 0.145000 0.048889 0.043333
3 0.490556 0.256667 0.050000 0.060000
3 0.595556 0.296111 0.048889 0.052222
3 0.472222 0.318333 0.048889 0.061111
3 0.499444 0.508333 0.038889 0.052222
3 0.321111 0.506111 0.048889 0.056667
3 0.518333 0.774444 0.043333 0.057778
3 0.633889 0.025000 0.043333 0.047778
