3 0.642222 0.096667 0.060000 0.048889
3 0.718889 0.400556 0.062222 0.041111
3 0.685556 0.430556 0.055556 0.045556
3 0.681667 0.491667 0.054444 0.050000
3 0.955000 0.474444 0.050000 0.040000
3 0.973333 0.400000 0.051111 0.051111
3 0.960556 0.826667 0.063333 0.046667
3 0.920000 0.912778 0.062222 0.045556
3 0.960000 0.883333 0.055556 0.044444
0 0.711667 0.899444 0.065556 0.056667
0 0.776667 0.728889 0.057778 0.048889
0 0.520556 0.733333 0.058889 0.053333
0 0.748333 0.591111 0.067778 0.055556
0 0.737222 0.466667 0.061111 0.051111
0 0.036111 0.393333 0.067778 0.048889
3 0.877778 0.623333 0.053333 0.035556
1 0.457778 0.653333 0.071111 0.046667
1 0.036667 0.943889 0.064444 0.058889
1 0.040000 0.438333 0.077778 0.047778
0 0.034444 0.486667 0.066667 0.053333
2 0.877222 0.587222 0.061111 0.032222
2 0.860000 0.557778 0.057778 0.035556
2 0.811111 0.568889 0.048889 0.042222
2 0.832778 0.459444 0.052222 0.045556
2 0.795000 0.372222 0.058889 0.046667
2 0.636667 0.383333 0.055556 0.044444
2 0.144444 0.494444 0.062222 0.055556
2 0.032778 0.844444 0.054444 0.057778
2 0.080000 0.521667 0.064444 0.043333
2 0.057778 0.306111 0.062222 0.052222
2 0.726667 0.238333 0.053333 0.036667
1 0.154444 0.016667 0.062222 0.031111
