0 0.209444 0.386667 0.067778 0.048889
0 0.384444 0.458333 0.075556 0.052222
0 0.545000 0.777778 0.074444 0.051111
0 0.564444 0.824444 0.060000 0.048889
0 0.666111 0.763333 0.067778 0.053333
0 0.798889 0.704444 0.066667 0.064444
3 0.269444 0.308333 0.067778 0.056667
3 0.471667 0.245000 0.070000 0.047778
3 0.452778 0.357778 0.065556 0.057778
3 0.582222 0.383333 0.060000 0.055556
3 0.634444 0.418333 0.051111 0.047778
3 0.720556 0.390556 0.056667 0.047778
3 0.840556 0.570556 0.065556 0.056667
3 0.342778 0.722778 0.050000 0.052222
3 0.296111 0.698889 0.056667 0.055556
3 0.486667 0.528889 0.053333 0.055556
2 0.355000 0.276111 0.050000 0.050000
2 0.625000 0.275000 0.052222 0.050000
2 0.706111 0.287778 0.065556 0.055556
2 0.553333 0.462222 0.060000 0.046667
2 0.527222 0.381111 0.050000 0.053333
2 0.345556 0.524444 0.057778 0.053333
2 0.498889 0.575000 0.057778 0.038889
2 0.601111 0.609444 0.057778 0.050000
2 0.751667 0.652778 0.061111 0.045556
2 0.280556 0.743333 0.070000 0.033333
1 0.226111 0.490556 0.063333 0.056667
1 0.268333 0.546111 0.074444 0.054444
1 0.289444 0.612778 0.094444 0.061111
1 0.423889 0.604444 0.067778 0.060000
1 0.417778 0.762222 0.064444 0.053333
1 0.726111 0.720000 0.065556 0.057778
