0 0.737222 0.183333 0.047778 0.057778
0 0.565556 0.187222 0.055556 0.058889
0 0.519444 0.203333 0.047778 0.057778
0 0.312222 0.693333 0.051111 0.077778
0 0.161667 0.380556 0.058889 0.063333
0 0.175000 0.446111 0.061111 0.074444
0 0.307222 0.372222 0.047778 0.060000
0 0.718889 0.498333 0.051111 0.065556
2 0.566667 0.857778 0.057778 0.073333
2 0.537222 0.470556 0.050000 0.050000
2 0.299444 0.462778 0.050000 0.047778
2 0.391111 0.295556 0.048889 0.051111
2 0.357778 0.252778 0.040000 0.052222
2 0.307778 0.267222 0.042222 0.052222
2 0.257778 0.210000 0.044444 0.051111
2 0.254444 0.329444 0.044444 0.061111
2 0.115556 0.365556 0.037778 0.046667
1 0.527778 0.322778 0.046667 0.063333
1 0.685000 0.423889 0.050000 0.056667
1 0.471111 0.522778 0.051111 0.072222
1 0.446111 0.366111 0.041111 0.065556
1 0.661667 0.483889 0.054444 0.070000
3 0.461111 0.637222 0.053333 0.076667
3 0.312222 0.576667 0.053333 0.060000
3 0.285000 0.517222 0.038889 0.063333
3 0.092778 0.471111 0.047778 0.066667
3 0.102222 0.413333 0.060000 0.046667
3 0.228889 0.418333 0.055556 0.061111
3 0.548333 0.416667 0.047778 0.057778
3 0.492778 0.380000 0.047778 0.055556
0 0.410556 0.591111 0.054444 0.077778
1 0.242778 0.482222 0.045556 0.060000
