0 0.348889 0.206111 0.048889 0.072222
0 0.495000 0.327778 0.038889 0.060000
0 0.696667 0.440556 0.042222 0.061111
0 0.441667 0.462222 0.056667 0.064444
0 0.376111 0.613889 0.067778 0.065556
0 0.612222 0.598889 0.060000 0.071111
2 0.547222 0.686111 0.050000 0.054444
2 0.721111 0.556111 0.048889 0.058889
2 0.402222 0.552222 0.040000 0.053333
2 0.505556 0.422778 0.037778 0.061111
2 0.428333 0.384444 0.038889 0.057778
2 0.338333 0.320556 0.045556 0.058889
2 0.155556 0.429444 0.055556 0.058889
2 0.768333 0.301667 0.043333 0.052222
3 0.506111 0.184444 0.050000 0.060000
3 0.438889 0.188889 0.044444 0.055556
3 0.246667 0.269444 0.053333 0.054444
3 0.464444 0.253333 0.042222 0.053333
3 0.491111 0.276667 0.035556 0.042222
3 0.451111 0.318333 0.042222 0.067778
3 0.586667 0.257222 0.044444 0.065556
3 0.619444 0.523333 0.052222 0.062222
3 0.568889 0.757778 0.051111 0.062222
3 0.572778 0.408333 0.045556 0.061111
0 0.658333 0.413333 0.038889 0.066667
3 0.147222 0.377222 0.050000 0.043333
2 0.672222 0.243333 0.051111 0.051111
1 0.518889 0.599444 0.057778 0.065556
1 0.566667 0.537778 0.048889 0.053333
1 0.356111 0.516667 0.050000 0.060000
0 0.441111 0.101667 0.055556 0.058889
1 0.592222 0.362778 0.053333 0.056667
