2 0.857778 0.082222 0.042222 0.064444
2 0.836667 0.282222 0.055556 0.057778
2 0.887222 0.373333 0.047778 0.057778
2 0.811111 0.636111 0.055556 0.054444
2 0.803333 0.685556 0.055556 0.057778
2 0.524444 0.628333 0.051111 0.061111
2 0.555000 0.528889 0.032222 0.062222
3 0.790556 0.129444 0.061111 0.058889
3 0.801111 0.182222 0.051111 0.062222
3 0.680000 0.253333 0.046667 0.066667
3 0.708889 0.323333 0.040000 0.068889
3 0.676111 0.460000 0.050000 0.068889
3 0.960000 0.691667 0.042222 0.065556
3 0.582778 0.571111 0.032222 0.057778
3 0.776667 0.808333 0.051111 0.078889
0 0.850000 0.874444 0.051111 0.075556
0 0.069444 0.810000 0.067778 0.082222
0 0.025556 0.763889 0.048889 0.092222
0 0.629444 0.546667 0.056667 0.068889
0 0.618333 0.462778 0.047778 0.070000
0 0.711667 0.393333 0.056667 0.068889
0 0.632778 0.276111 0.050000 0.067778
0 0.666111 0.326667 0.047778 0.080000
1 0.828889 0.585556 0.062222 0.068889
3 0.985556 0.734444 0.028889 0.060000
3 0.027778 0.122222 0.053333 0.084444
