0 0.388333 0.393333 0.047778 0.068889
0 0.560556 0.457778 0.052222 0.064444
0 0.614444 0.531667 0.051111 0.054444
0 0.673333 0.430000 0.053333 0.066667
0 0.262778 0.618333 0.058889 0.063333
0 0.337778 0.642222 0.051111 0.053333
0 0.518333 0.641111 0.045556 0.060000
2 0.470556 0.334444 0.043333 0.055556
2 0.718333 0.392778 0.045556 0.045556
2 0.735000 0.472778 0.041111 0.054444
2 0.642222 0.576111 0.044444 0.043333
2 0.420000 0.569444 0.044444 0.058889
2 0.385000 0.573333 0.034444 0.055556
2 0.446667 0.675556 0.046667 0.042222
2 0.436667 0.093333 0.046667 0.057778
3 0.662778 0.126667 0.043333 0.057778
3 0.655556 0.218889 0.046667 0.062222
3 0.941667 0.251667 0.041111 0.050000
3 0.707222 0.343333 0.047778 0.053333
3 0.422778 0.222778 0.038889 0.063333
3 0.623333 0.378333 0.044444 0.050000
3 0.687222 0.497778 0.050000 0.053333
3 0.641667 0.623333 0.045556 0.046667
3 0.575556 0.723889 0.040000 0.061111
3 0.473889 0.618889 0.043333 0.062222
0 0.516111 0.412222 0.041111 0.055556
1 0.575000 0.263889 0.043333 0.061111
1 0.637778 0.286667 0.048889 0.060000
1 0.465000 0.418333 0.050000 0.061111
1 0.337222 0.589444 0.058889 0.054444
1 0.463333 0.726667 0.044444 0.060000
1 0.391667 0.625556 0.054444 0.044444
