2 0.285556 0.143333 0.062222 0.051111
2 0.309444 0.324444 0.058889 0.042222
2 0.148333 0.321667 0.065556 0.038889
2 0.820000 0.654444 0.051111 0.046667
2 0.886667 0.677778 0.044444 0.037778
2 0.901111 0.818333 0.044444 0.047778
2 0.905556 0.710000 0.048889 0.040000
0 0.456667 0.142222 0.055556 0.055556
0 0.139444 0.277222 0.072222 0.052222
0 0.620556 0.651111 0.065556 0.046667
0 0.250000 0.897778 0.066667 0.053333
0 0.765556 0.881111 0.060000 0.051111
0 0.597222 0.816111 0.056667 0.050000
0 0.571111 0.773889 0.051111 0.034444
0 0.827222 0.980000 0.076667 0.040000
3 0.036111 0.452222 0.070000 0.057778
3 0.470556 0.605000 0.063333 0.050000
3 0.438333 0.779444 0.054444 0.043333
3 0.582222 0.737222 0.068889 0.047778
3 0.605556 0.697778 0.060000 0.048889
3 0.688333 0.872778 0.052222 0.047778
3 0.506667 0.911667 0.046667 0.047778
1 0.251111 0.380000 0.060000 0.046667
0 0.300000 0.650556 0.062222 0.050000
1 0.363333 0.757778 0.053333 0.040000
1 0.080556 0.772222 0.065556 0.042222
1 0.667222 0.768333 0.056667 0.050000
1 0.772222 0.687222 0.055556 0.041111
1 0.851111 0.804444 0.051111 0.051111
