3 0.373333 0.081667 0.040000 0.054444
3 0.654444 0.253889 0.053333 0.045556
3 0.896667 0.295556 0.055556 0.048889
3 0.693889 0.777778 0.050000 0.037778
3 0.338333 0.517778 0.061111 0.048889
3 0.376667 0.606667 0.062222 0.042222
3 0.028889 0.635556 0.055556 0.053333
3 0.036667 0.552778 0.071111 0.052222
3 0.401667 0.533333 0.058889 0.048889
0 0.726111 0.146667 0.063333 0.053333
0 0.903333 0.361111 0.066667 0.060000
0 0.632778 0.418333 0.054444 0.047778
0 0.510556 0.455556 0.054444 0.046667
0 0.602222 0.594444 0.053333 0.044444
0 0.702222 0.565556 0.055556 0.048889
0 0.874444 0.746111 0.068889 0.058889
0 0.465000 0.782222 0.061111 0.053333
0 0.049444 0.502222 0.072222 0.053333
2 0.415556 0.103333 0.046667 0.044444
2 0.630000 0.289444 0.055556 0.041111
2 0.947222 0.295000 0.045556 0.045556
2 0.820556 0.463333 0.052222 0.042222
2 0.943333 0.608333 0.055556 0.034444
2 0.976667 0.641667 0.046667 0.050000
2 0.697778 0.815000 0.064444 0.041111
2 0.699444 0.855000 0.061111 0.038889
2 0.525000 0.738333 0.045556 0.050000
2 0.657222 0.756667 0.050000 0.040000
2 0.522778 0.801667 0.056667 0.052222
1 0.578333 0.437222 0.054444 0.052222
1 0.645556 0.480000 0.057778 0.051111
1 0.788333 0.408333 0.056667 0.047778
1 0.316667 0.596667 0.066667 0.042222
2 0.030000 0.821667 0.053333 0.050000
