0 0.282222 0.198889 0.046667 0.066667
0 0.513333 0.251667 0.055556 0.054444
0 0.634444 0.217222 0.064444 0.063333
0 0.828889 0.380000 0.055556 0.064444
0 0.497778 0.447778 0.046667 0.066667
0 0.191667 0.588333 0.052222 0.067778
0 0.617778 0.666111 0.064444 0.067778
0 0.701667 0.668889 0.058889 0.071111
0 0.850556 0.683889 0.065556 0.081111
3 0.426111 0.195556 0.054444 0.064444
3 0.430000 0.330000 0.040000 0.066667
3 0.380000 0.406111 0.048889 0.070000
3 0.262778 0.368889 0.043333 0.057778
3 0.377778 0.741111 0.046667 0.066667
3 0.447778 0.710556 0.057778 0.076667
3 0.725556 0.735556 0.048889 0.064444
3 0.735556 0.350000 0.055556 0.066667
3 0.764444 0.193333 0.053333 0.060000
2 0.617778 0.316667 0.042222 0.062222
2 0.576667 0.326111 0.044444 0.065556
2 0.655000 0.463333 0.045556 0.064444
2 0.750000 0.524444 0.053333 0.068889
2 0.664444 0.612222 0.055556 0.051111
2 0.462778 0.480000 0.038889 0.060000
2 0.353333 0.544444 0.042222 0.071111
2 0.318889 0.547778 0.040000 0.062222
2 0.110556 0.327778 0.047778 0.057778
2 0.090000 0.465000 0.062222 0.054444
2 0.464444 0.579444 0.073333 0.052222
2 0.555556 0.813333 0.046667 0.064444
1 0.300556 0.706111 0.056667 0.061111
1 0.452222 0.812222 0.042222 0.071111
1 0.290556 0.588889 0.050000 0.062222
