3 0.305000 0.160000 0.043333 0.060000
3 0.456667 0.163889 0.037778 0.052222
3 0.548333 0.153333 0.043333 0.062222
3 0.529444 0.466111 0.045556 0.054444
3 0.693333 0.465556 0.040000 0.057778
3 0.976111 0.260556 0.047778 0.072222
3 0.412222 0.430000 0.044444 0.048889
3 0.337222 0.522222 0.041111 0.048889
3 0.340556 0.602222 0.047778 0.062222
3 0.976111 0.932222 0.047778 0.068889
3 0.091111 0.614444 0.040000 0.064444
0 0.662778 0.381111 0.041111 0.048889
0 0.451667 0.282222 0.050000 0.066667
0 0.661667 0.209444 0.041111 0.054444
0 0.667222 0.266111 0.047778 0.058889
0 0.670000 0.320556 0.051111 0.058889
0 0.896111 0.393333 0.045556 0.060000
0 0.721111 0.697222 0.048889 0.054444
0 0.704444 0.821111 0.040000 0.062222
2 0.360556 0.291667 0.038889 0.052222
2 0.191111 0.370000 0.040000 0.053333
2 0.683333 0.886111 0.042222 0.065556
2 0.733889 0.881667 0.036667 0.070000
2 0.770556 0.759444 0.050000 0.047778
2 0.983333 0.543333 0.033333 0.066667
2 0.611111 0.300000 0.048889 0.048889
2 0.611667 0.219444 0.036667 0.052222
2 0.581111 0.201111 0.033333 0.055556
1 0.703333 0.103889 0.037778 0.052222
1 0.698889 0.190556 0.033333 0.056667
1 0.756667 0.836111 0.042222 0.056667
1 0.959444 0.178889 0.045556 0.057778
