0 0.496667 0.086111 0.082222 0.063333
0 0.577778 0.121111 0.073333 0.062222
0 0.267222 0.153889 0.061111 0.050000
0 0.654444 0.486111 0.073333 0.058889
0 0.443889 0.215000 0.063333 0.054444
0 0.593889 0.695000 0.087778 0.061111
0 0.400000 0.636667 0.086667 0.064444
0 0.198889 0.680556 0.084444 0.063333
0 0.137778 0.722778 0.075556 0.054444
1 0.867222 0.216111 0.070000 0.047778
1 0.772222 0.169444 0.068889 0.045556
1 0.207778 0.221667 0.075556 0.054444
1 0.304444 0.364444 0.082222 0.048889
1 0.443889 0.466667 0.072222 0.051111
2 0.540556 0.256111 0.061111 0.041111
2 0.587222 0.292222 0.067778 0.042222
2 0.636667 0.326111 0.057778 0.050000
2 0.589444 0.345556 0.063333 0.048889
2 0.810000 0.361111 0.077778 0.040000
2 0.762222 0.538889 0.066667 0.042222
2 0.303889 0.473889 0.056667 0.050000
2 0.515556 0.732222 0.071111 0.044444
3 0.531667 0.212222 0.072222 0.048889
3 0.442778 0.268333 0.067778 0.054444
3 0.380000 0.170000 0.075556 0.060000
3 0.216111 0.398333 0.070000 0.045556
3 0.361667 0.498889 0.065556 0.044444
3 0.367778 0.754444 0.077778 0.064444
3 0.190556 0.772222 0.083333 0.057778
3 0.422778 0.903889 0.067778 0.061111
3 0.792778 0.211667 0.065556 0.041111
1 0.332222 0.134444 0.066667 0.044444
