3 0.396667 0.227222 0.035556 0.054444
3 0.669444 0.315556 0.041111 0.048889
3 0.298889 0.366667 0.031111 0.062222
3 0.277222 0.492778 0.041111 0.067778
3 0.390556 0.611667 0.043333 0.056667
3 0.533889 0.726111 0.052222 0.054444
3 0.427778 0.681111 0.057778 0.068889
3 0.317778 0.696667 0.048889 0.071111
1 0.848889 0.750000 0.055556 0.066667
1 0.724444 0.532778 0.048889 0.065556
1 0.785000 0.503889 0.047778 0.061111
1 0.626111 0.337778 0.041111 0.062222
1 0.428889 0.261111 0.042222 0.057778
0 0.202778 0.318889 0.050000 0.062222
0 0.400556 0.403889 0.050000 0.056667
0 0.509444 0.392222 0.052222 0.075556
0 0.501667 0.473889 0.054444 0.056667
0 0.597778 0.617778 0.051111 0.066667
0 0.658333 0.799444 0.054444 0.074444
2 0.805556 0.326667 0.048889 0.051111
2 0.633889 0.282222 0.038889 0.044444
2 0.581111 0.340556 0.035556 0.052222
2 0.751667 0.733333 0.047778 0.055556
2 0.873333 0.590556 0.046667 0.052222
2 0.627222 0.505000 0.045556 0.054444
2 0.512222 0.548889 0.044444 0.057778
2 0.388333 0.481111 0.047778 0.046667
2 0.315000 0.556667 0.047778 0.055556
3 0.228333 0.665000 0.052222 0.061111
3 0.686111 0.442222 0.047778 0.055556
3 0.762778 0.366667 0.052222 0.053333
