2 0.376111 0.163889 0.072222 0.043333
2 0.507778 0.223889 0.062222 0.041111
2 0.377778 0.311667 0.055556 0.043333
2 0.629444 0.247778 0.065556 0.035556
2 0.687778 0.268889 0.053333 0.037778
2 0.526111 0.487222 0.058889 0.050000
2 0.815000 0.466111 0.050000 0.038889
2 0.915556 0.550000 0.048889 0.042222
2 0.659444 0.637222 0.061111 0.041111
2 0.183333 0.668889 0.071111 0.046667
2 0.780556 0.836111 0.054444 0.050000
1 0.671111 0.050000 0.060000 0.042222
1 0.639444 0.293333 0.063333 0.046667
1 0.645000 0.582222 0.061111 0.048889
1 0.391667 0.492222 0.061111 0.046667
1 0.355556 0.926111 0.053333 0.054444
0 0.410000 0.624444 0.073333 0.066667
0 0.378333 0.568889 0.063333 0.051111
0 0.487222 0.418333 0.072222 0.056667
0 0.657222 0.340000 0.063333 0.040000
0 0.441111 0.305000 0.066667 0.047778
0 0.373333 0.360556 0.071111 0.054444
3 0.700556 0.806667 0.067778 0.046667
3 0.493333 0.839444 0.055556 0.045556
3 0.323889 0.805000 0.072222 0.056667
3 0.411111 0.936111 0.062222 0.056667
3 0.386667 0.976111 0.068889 0.043333
3 0.769444 0.567222 0.061111 0.036667
3 0.759444 0.532222 0.061111 0.035556
3 0.558333 0.427778 0.058889 0.051111
3 0.742222 0.295556 0.051111 0.044444
3 0.703889 0.311667 0.054444 0.047778
3 0.609444 0.207222 0.070000 0.047778
3 0.411667 0.263333 0.072222 0.042222
