3 0.557222 0.070000 0.052222 0.073333
3 0.722778 0.142778 0.050000 0.058889
3 0.801667 0.212222 0.045556 0.071111
3 0.313889 0.377222 0.052222 0.058889
3 0.237778 0.430556 0.060000 0.070000
3 0.296667 0.632778 0.051111 0.065556
3 0.235000 0.567778 0.058889 0.068889
3 0.646111 0.648889 0.043333 0.057778
3 0.521667 0.673333 0.045556 0.064444
3 0.866667 0.605556 0.053333 0.068889
3 0.762778 0.634444 0.050000 0.064444
2 0.587222 0.136111 0.036667 0.065556
2 0.151111 0.467778 0.051111 0.068889
2 0.196667 0.516111 0.042222 0.054444
2 0.320556 0.472778 0.045556 0.067778
2 0.570556 0.605000 0.041111 0.058889
2 0.689444 0.650000 0.043333 0.060000
2 0.864444 0.732222 0.051111 0.060000
2 0.755000 0.814444 0.050000 0.055556
0 0.205556 0.266111 0.053333 0.056667
0 0.415556 0.361111 0.053333 0.066667
0 0.537778 0.374444 0.048889 0.071111
0 0.596667 0.397222 0.051111 0.067778
0 0.853333 0.397778 0.057778 0.071111
0 0.540000 0.200000 0.046667 0.075556
0 0.754444 0.198333 0.053333 0.074444
0 0.496667 0.587222 0.062222 0.072222
1 0.856111 0.273333 0.041111 0.064444
1 0.782778 0.351667 0.052222 0.056667
1 0.647778 0.556667 0.053333 0.062222
1 0.475556 0.675000 0.057778 0.056667
1 0.402222 0.742222 0.046667 0.060000
