0 0.316667 0.179444 0.048889 0.065556
0 0.697222 0.262222 0.045556 0.060000
0 0.672222 0.321111 0.046667 0.055556
0 0.682778 0.487222 0.045556 0.054444
0 0.306667 0.549444 0.051111 0.063333
0 0.450000 0.340000 0.051111 0.062222
0 0.448889 0.247778 0.044444 0.055556
3 0.574444 0.271111 0.040000 0.051111
3 0.565556 0.371111 0.040000 0.044444
3 0.490000 0.203333 0.033333 0.051111
3 0.522778 0.243333 0.041111 0.055556
3 0.450000 0.198333 0.042222 0.047778
3 0.408889 0.425556 0.046667 0.060000
3 0.457778 0.473333 0.046667 0.060000
3 0.596111 0.469444 0.036667 0.056667
3 0.403333 0.935556 0.046667 0.073333
3 0.666111 0.964444 0.047778 0.068889
1 0.340000 0.283333 0.048889 0.051111
1 0.354444 0.437778 0.048889 0.057778
1 0.316111 0.417222 0.038889 0.054444
1 0.537222 0.422222 0.043333 0.053333
1 0.756111 0.725556 0.050000 0.062222
2 0.398333 0.271667 0.041111 0.056667
2 0.620556 0.285000 0.032222 0.045556
2 0.632222 0.331111 0.033333 0.051111
2 0.527778 0.343333 0.035556 0.055556
2 0.668333 0.535556 0.045556 0.051111
2 0.283889 0.455556 0.043333 0.046667
2 0.287222 0.373889 0.038889 0.045556
2 0.933889 0.584444 0.052222 0.060000
0 0.656111 0.276111 0.036667 0.052222
0 0.486111 0.265000 0.038889 0.056667
