0 0.043333 0.077778 0.053333 0.071111
0 0.365000 0.214444 0.050000 0.055556
0 0.560556 0.177222 0.050000 0.065556
0 0.603333 0.415000 0.046667 0.054444
3 0.086111 0.021667 0.045556 0.041111
3 0.815000 0.020556 0.056667 0.038889
3 0.756111 0.625556 0.050000 0.071111
3 0.722778 0.895000 0.050000 0.061111
3 0.770556 0.942222 0.038889 0.066667
3 0.441667 0.982222 0.063333 0.035556
3 0.562222 0.976111 0.046667 0.047778
2 0.638889 0.950556 0.046667 0.065556
2 0.694444 0.975000 0.057778 0.050000
2 0.808889 0.909444 0.042222 0.070000
2 0.086111 0.577778 0.054444 0.046667
2 0.023889 0.511667 0.041111 0.058889
2 0.439444 0.172222 0.043333 0.051111
1 0.833333 0.503333 0.062222 0.068889
1 0.746111 0.982222 0.045556 0.035556
0 0.799444 0.981667 0.047778 0.036667
