2 0.715000 0.293889 0.038889 0.056667
2 0.437778 0.383889 0.044444 0.052222
2 0.500000 0.555000 0.037778 0.056667
2 0.419444 0.579444 0.043333 0.058889
2 0.698333 0.580000 0.034444 0.057778
2 0.730000 0.601667 0.040000 0.056667
2 0.412222 0.841111 0.044444 0.066667
2 0.196111 0.656667 0.043333 0.060000
0 0.592778 0.413333 0.045556 0.057778
0 0.610556 0.515000 0.045556 0.072222
0 0.313889 0.470000 0.050000 0.062222
0 0.261111 0.562222 0.048889 0.062222
0 0.482222 0.632778 0.053333 0.067778
0 0.299444 0.726667 0.056667 0.066667
0 0.779444 0.611667 0.045556 0.061111
3 0.624444 0.297778 0.035556 0.044444
3 0.587778 0.310000 0.042222 0.055556
3 0.537778 0.316111 0.042222 0.056667
3 0.490000 0.282222 0.042222 0.060000
3 0.526111 0.449444 0.043333 0.058889
3 0.655000 0.455556 0.036667 0.053333
3 0.393889 0.538889 0.032222 0.057778
3 0.693889 0.635000 0.047778 0.052222
3 0.530000 0.748333 0.042222 0.067778
3 0.384444 0.742222 0.042222 0.060000
3 0.295556 0.662222 0.053333 0.057778
1 0.687222 0.396667 0.045556 0.057778
1 0.944444 0.590000 0.046667 0.071111
2 0.889444 0.534444 0.054444 0.046667
1 0.687222 0.716667 0.043333 0.062222
1 0.565556 0.528333 0.042222 0.056667
1 0.456111 0.823889 0.045556 0.058889
1 0.342778 0.850000 0.047778 0.075556
