0 0.318333 0.226111 0.065556 0.072222
0 0.599444 0.513889 0.056667 0.061111
0 0.292778 0.444444 0.052222 0.064444
0 0.218333 0.473333 0.052222 0.066667
0 0.650000 0.776667 0.060000 0.084444
0 0.832778 0.440556 0.052222 0.063333
3 0.560556 0.221111 0.043333 0.060000
3 0.454444 0.368889 0.051111 0.057778
3 0.675000 0.412778 0.047778 0.056667
3 0.558333 0.451667 0.052222 0.065556
3 0.475000 0.558889 0.041111 0.060000
0 0.357222 0.481667 0.047778 0.058889
3 0.263333 0.598333 0.055556 0.065556
3 0.426667 0.620000 0.048889 0.064444
3 0.617778 0.650000 0.055556 0.055556
3 0.786111 0.807222 0.045556 0.074444
2 0.458333 0.274444 0.052222 0.060000
2 0.371667 0.267778 0.047778 0.060000
2 0.506667 0.398333 0.044444 0.061111
2 0.755556 0.321667 0.048889 0.061111
2 0.765000 0.412222 0.045556 0.055556
2 0.657222 0.510556 0.045556 0.061111
2 0.431111 0.556111 0.044444 0.050000
2 0.494444 0.672222 0.046667 0.060000
2 0.290556 0.738889 0.058889 0.060000
2 0.547778 0.807222 0.040000 0.065556
1 0.611667 0.453889 0.052222 0.056667
1 0.822222 0.381111 0.055556 0.051111
1 0.455556 0.429444 0.051111 0.058889
1 0.378333 0.634444 0.047778 0.066667
1 0.696111 0.622222 0.056667 0.060000
1 0.418333 0.756111 0.054444 0.076667
