2 0.407222 0.140000 0.043333 0.053333
2 0.467222 0.194444 0.036667 0.057778
2 0.622778 0.399444 0.041111 0.054444
2 0.408889 0.446667 0.051111 0.048889
2 0.386667 0.385556 0.042222 0.048889
2 0.408889 0.535556 0.035556 0.064444
2 0.440000 0.562222 0.035556 0.060000
2 0.482778 0.591111 0.052222 0.046667
2 0.318333 0.580000 0.050000 0.051111
2 0.235556 0.643333 0.051111 0.053333
2 0.292222 0.267222 0.042222 0.052222
2 0.381667 0.246667 0.052222 0.035556
0 0.643333 0.145556 0.048889 0.060000
0 0.500556 0.310000 0.061111 0.066667
0 0.457222 0.341111 0.038889 0.060000
0 0.366667 0.296667 0.048889 0.066667
0 0.268333 0.163889 0.052222 0.063333
0 0.552222 0.547222 0.051111 0.063333
0 0.375000 0.647778 0.043333 0.055556
0 0.308889 0.710556 0.051111 0.063333
1 0.636111 0.338889 0.052222 0.064444
1 0.581667 0.384444 0.050000 0.044444
1 0.399444 0.336667 0.052222 0.051111
1 0.435000 0.276667 0.050000 0.053333
1 0.145556 0.306667 0.055556 0.055556
3 0.326667 0.186667 0.055556 0.062222
3 0.389444 0.197222 0.038889 0.058889
3 0.346667 0.396667 0.042222 0.051111
3 0.320000 0.468333 0.048889 0.061111
3 0.610556 0.448333 0.047778 0.056667
3 0.702778 0.387778 0.054444 0.066667
3 0.568333 0.448889 0.041111 0.066667
3 0.516667 0.632222 0.048889 0.055556
3 0.480556 0.677778 0.047778 0.068889
