2 0.564444 0.052778 0.040000 0.050000
2 0.616667 0.078333 0.048889 0.030000
2 0.771111 0.136667 0.046667 0.048889
2 0.831667 0.361667 0.047778 0.063333
2 0.652778 0.441111 0.054444 0.044444
2 0.610000 0.459444 0.040000 0.056667
2 0.530556 0.435000 0.050000 0.047778
2 0.226111 0.964444 0.045556 0.055556
2 0.291667 0.962778 0.045556 0.063333
2 0.336111 0.966667 0.047778 0.060000
2 0.578333 0.970000 0.045556 0.048889
3 0.375556 0.319444 0.055556 0.065556
3 0.555000 0.371667 0.041111 0.054444
3 0.441111 0.422222 0.035556 0.057778
3 0.925556 0.490556 0.055556 0.074444
3 0.681667 0.495556 0.050000 0.068889
3 0.697222 0.606111 0.045556 0.061111
3 0.638889 0.721111 0.055556 0.057778
1 0.401111 0.952778 0.051111 0.072222
1 0.508889 0.967778 0.055556 0.062222
1 0.486111 0.539444 0.054444 0.061111
1 0.482222 0.402222 0.042222 0.060000
1 0.843889 0.128889 0.045556 0.057778
1 0.572778 0.250556 0.045556 0.054444
0 0.532778 0.908889 0.067778 0.066667
0 0.763889 0.714444 0.058889 0.071111
0 0.662222 0.671667 0.051111 0.058889
0 0.491667 0.480556 0.045556 0.056667
0 0.882778 0.376667 0.052222 0.073333
0 0.608889 0.177222 0.048889 0.063333
0 0.642222 0.121667 0.040000 0.052222
3 0.684444 0.126111 0.044444 0.067778
