2 0.288333 0.443333 0.056667 0.040000
2 0.525556 0.512222 0.057778 0.040000
2 0.536667 0.423333 0.051111 0.037778
2 0.500000 0.377222 0.046667 0.047778
2 0.660556 0.347222 0.052222 0.041111
2 0.669444 0.407222 0.056667 0.043333
2 0.546111 0.722778 0.058889 0.047778
2 0.515000 0.622778 0.047778 0.047778
3 0.545556 0.355000 0.055556 0.036667
3 0.800556 0.455556 0.054444 0.040000
3 0.707222 0.516667 0.050000 0.048889
3 0.361667 0.453333 0.061111 0.046667
3 0.343333 0.495000 0.062222 0.043333
3 0.267778 0.513333 0.064444 0.046667
3 0.385000 0.711111 0.074444 0.042222
3 0.401667 0.752222 0.058889 0.046667
3 0.702778 0.688333 0.056667 0.052222
3 0.765000 0.661667 0.063333 0.047778
0 0.273333 0.031111 0.064444 0.048889
0 0.807222 0.142222 0.054444 0.044444
0 0.513333 0.457778 0.055556 0.037778
0 0.845000 0.624444 0.072222 0.055556
0 0.394444 0.666111 0.068889 0.054444
0 0.331111 0.651111 0.057778 0.053333
0 0.164444 0.483333 0.077778 0.053333
0 0.484444 0.543333 0.064444 0.046667
1 0.466111 0.278889 0.058889 0.048889
1 0.552778 0.256111 0.054444 0.047778
1 0.598889 0.336667 0.060000 0.048889
1 0.751667 0.262778 0.058889 0.045556
1 0.751111 0.431111 0.053333 0.042222
1 0.277778 0.577222 0.057778 0.038889
