1 0.415000 0.435000 0.067778 0.043333
1 0.502222 0.531667 0.064444 0.043333
1 0.110556 0.628889 0.065556 0.051111
1 0.118889 0.752778 0.057778 0.036667
1 0.707222 0.453333 0.050000 0.040000
0 0.812778 0.322778 0.056667 0.045556
0 0.558333 0.568333 0.063333 0.050000
0 0.283333 0.549444 0.057778 0.043333
0 0.275556 0.682222 0.062222 0.048889
0 0.257222 0.856111 0.070000 0.056667
0 0.521667 0.825000 0.045556 0.052222
0 0.167222 0.788889 0.078889 0.053333
2 0.108889 0.510000 0.051111 0.044444
2 0.105556 0.587778 0.060000 0.033333
2 0.437222 0.385556 0.050000 0.042222
2 0.507222 0.318889 0.050000 0.048889
2 0.411111 0.515556 0.062222 0.033333
2 0.436111 0.587778 0.047778 0.042222
2 0.454444 0.728333 0.044444 0.041111
2 0.551667 0.686111 0.052222 0.043333
2 0.591667 0.800556 0.045556 0.050000
2 0.751667 0.540556 0.058889 0.038889
2 0.746111 0.476667 0.045556 0.042222
3 0.548333 0.922778 0.061111 0.058889
3 0.581667 0.847778 0.050000 0.053333
3 0.252778 0.762778 0.070000 0.045556
3 0.118333 0.710556 0.056667 0.041111
3 0.057222 0.717778 0.072222 0.044444
3 0.084444 0.552778 0.062222 0.045556
3 0.400000 0.560000 0.057778 0.046667
3 0.693889 0.551667 0.052222 0.038889
3 0.676667 0.376111 0.064444 0.056667
3 0.645000 0.300000 0.061111 0.055556
0 0.173889 0.351667 0.072222 0.052222
