2 0.453889 0.880000 0.058889 0.080000
2 0.354444 0.582222 0.048889 0.064444
2 0.607778 0.475000 0.048889 0.054444
2 0.899444 0.244444 0.045556 0.062222
2 0.788333 0.287222 0.050000 0.065556
2 0.656111 0.278889 0.036667 0.057778
2 0.571111 0.293333 0.042222 0.055556
2 0.321111 0.264444 0.051111 0.053333
2 0.626667 0.068889 0.048889 0.051111
3 0.825556 0.546667 0.055556 0.066667
3 0.721111 0.577222 0.051111 0.072222
3 0.659444 0.441111 0.052222 0.055556
3 0.795000 0.440556 0.050000 0.072222
3 0.642222 0.361111 0.040000 0.055556
3 0.336111 0.392778 0.056667 0.063333
3 0.382222 0.280000 0.053333 0.055556
3 0.323889 0.209444 0.058889 0.052222
3 0.444444 0.261111 0.040000 0.042222
3 0.254444 0.612222 0.060000 0.075556
0 0.497778 0.177222 0.044444 0.052222
0 0.511667 0.238333 0.050000 0.065556
0 0.404444 0.228333 0.046667 0.056667
0 0.280556 0.469444 0.065556 0.065556
0 0.258333 0.537778 0.065556 0.068889
0 0.601111 0.577778 0.051111 0.077778
0 0.697222 0.278889 0.043333 0.053333
1 0.470000 0.298889 0.046667 0.057778
1 0.463889 0.217778 0.045556 0.053333
1 0.708889 0.333333 0.044444 0.055556
1 0.602222 0.330556 0.040000 0.050000
1 0.399444 0.103333 0.050000 0.062222
0 0.755556 0.048333 0.051111 0.070000
