3 0.106111 0.167222 0.052222 0.065556
3 0.411667 0.220000 0.041111 0.071111
3 0.363333 0.205556 0.048889 0.062222
3 0.750000 0.162778 0.055556 0.067778
3 0.546111 0.321667 0.054444 0.065556
3 0.461111 0.357222 0.048889 0.063333
3 0.736667 0.587778 0.053333 0.075556
3 0.972778 0.629444 0.050000 0.076667
3 0.695556 0.927222 0.057778 0.081111
3 0.361667 0.702778 0.054444 0.063333
3 0.185556 0.572222 0.048889 0.071111
2 0.310556 0.123333 0.050000 0.062222
2 0.787222 0.063333 0.045556 0.053333
2 0.571667 0.263889 0.041111 0.061111
2 0.763889 0.535556 0.045556 0.057778
2 0.612778 0.491667 0.041111 0.058889
2 0.595000 0.560000 0.045556 0.062222
2 0.415000 0.685556 0.041111 0.071111
2 0.691667 0.861111 0.056667 0.057778
2 0.214444 0.526111 0.044444 0.063333
2 0.117222 0.933889 0.054444 0.063333
0 0.251111 0.310556 0.051111 0.065556
0 0.218889 0.252778 0.053333 0.056667
0 0.443889 0.292222 0.056667 0.060000
0 0.636667 0.435000 0.062222 0.063333
0 0.286667 0.560000 0.068889 0.075556
1 0.635556 0.121667 0.064444 0.076667
1 0.527778 0.263333 0.048889 0.053333
1 0.502778 0.343333 0.043333 0.073333
1 0.461111 0.663889 0.048889 0.065556
1 0.868333 0.757778 0.058889 0.068889
0 0.555000 0.626111 0.052222 0.072222
1 0.198333 0.313889 0.047778 0.067778
