0 0.524444 0.346667 0.046667 0.057778
0 0.274444 0.413889 0.053333 0.056667
0 0.286111 0.366667 0.047778 0.044444
0 0.458889 0.478889 0.040000 0.046667
0 0.437222 0.614444 0.036667 0.053333
0 0.526667 0.712778 0.048889 0.065556
0 0.110556 0.222778 0.047778 0.061111
0 0.914444 0.135556 0.048889 0.062222
3 0.489444 0.298333 0.041111 0.050000
3 0.562778 0.376111 0.036667 0.045556
3 0.513889 0.408889 0.041111 0.042222
3 0.348889 0.345000 0.046667 0.052222
3 0.476111 0.540000 0.043333 0.051111
3 0.532222 0.609444 0.040000 0.054444
3 0.547222 0.897222 0.045556 0.050000
3 0.421667 0.406111 0.034444 0.050000
3 0.962778 0.538333 0.052222 0.065556
2 0.490556 0.151667 0.041111 0.056667
2 0.445556 0.373333 0.031111 0.046667
2 0.482778 0.378889 0.030000 0.051111
2 0.529444 0.518889 0.036667 0.044444
2 0.582778 0.618889 0.041111 0.046667
2 0.471111 0.627222 0.037778 0.056667
2 0.397778 0.495000 0.037778 0.050000
2 0.224444 0.463333 0.042222 0.042222
1 0.446111 0.307222 0.041111 0.056667
1 0.456111 0.428889 0.041111 0.042222
1 0.433333 0.527222 0.040000 0.052222
1 0.568333 0.663889 0.045556 0.056667
1 0.552222 0.551667 0.035556 0.054444
1 0.412778 0.968333 0.038889 0.063333
