0 0.592222 0.445556 0.086667 0.055556
0 0.314444 0.517778 0.055556 0.053333
0 0.426111 0.578889 0.063333 0.057778
0 0.412778 0.696111 0.058889 0.052222
0 0.318333 0.716667 0.070000 0.053333
0 0.258333 0.594444 0.087778 0.057778
0 0.578889 0.345000 0.073333 0.047778
0 0.347222 0.308889 0.072222 0.053333
3 0.225556 0.330556 0.075556 0.045556
3 0.583333 0.240556 0.073333 0.047778
3 0.570556 0.303889 0.067778 0.036667
3 0.777222 0.393333 0.065556 0.035556
3 0.681667 0.684444 0.067778 0.042222
3 0.707222 0.777222 0.067778 0.047778
3 0.383333 0.434444 0.064444 0.046667
3 0.312222 0.423333 0.075556 0.055556
3 0.514444 0.368333 0.064444 0.054444
1 0.666111 0.377222 0.056667 0.052222
1 0.545556 0.567222 0.071111 0.041111
1 0.520000 0.604444 0.068889 0.042222
1 0.605556 0.655000 0.068889 0.054444
1 0.194444 0.894444 0.075556 0.055556
2 0.361111 0.262778 0.064444 0.038889
2 0.757778 0.431667 0.060000 0.038889
2 0.446667 0.480000 0.055556 0.040000
2 0.441667 0.436667 0.050000 0.044444
2 0.352778 0.471111 0.065556 0.040000
2 0.373333 0.555000 0.046667 0.043333
2 0.493889 0.682222 0.067778 0.044444
2 0.466667 0.722222 0.048889 0.046667
2 0.648889 0.861111 0.055556 0.048889
