2 0.546667 0.150556 0.046667 0.058889
2 0.221111 0.250000 0.048889 0.055556
2 0.733333 0.653889 0.042222 0.063333
2 0.387778 0.493333 0.044444 0.060000
2 0.550556 0.740556 0.047778 0.052222
2 0.296667 0.721667 0.048889 0.061111
2 0.226111 0.739444 0.054444 0.050000
2 0.085556 0.481667 0.037778 0.056667
0 0.158889 0.431111 0.057778 0.060000
0 0.138333 0.536111 0.058889 0.056667
0 0.515000 0.542222 0.052222 0.075556
0 0.624444 0.563333 0.060000 0.080000
0 0.627778 0.338889 0.048889 0.060000
0 0.562778 0.420556 0.045556 0.072222
0 0.596111 0.666111 0.056667 0.076667
0 0.427222 0.720556 0.056667 0.061111
0 0.350556 0.795000 0.050000 0.058889
1 0.599444 0.902222 0.054444 0.066667
1 0.266667 0.971111 0.062222 0.057778
1 0.628333 0.483889 0.054444 0.063333
1 0.645000 0.422778 0.050000 0.056667
1 0.675000 0.364444 0.050000 0.060000
1 0.443333 0.270000 0.051111 0.066667
3 0.391667 0.210556 0.054444 0.067778
3 0.518333 0.411667 0.041111 0.063333
3 0.735556 0.414444 0.048889 0.062222
3 0.844444 0.432222 0.053333 0.073333
3 0.687778 0.627778 0.048889 0.071111
3 0.712222 0.732778 0.055556 0.067778
3 0.438889 0.659444 0.053333 0.061111
3 0.128333 0.484444 0.043333 0.046667
3 0.602222 0.400556 0.040000 0.065556
