2 0.452222 0.100556 0.037778 0.056667
2 0.585000 0.248333 0.041111 0.056667
2 0.550000 0.401111 0.044444 0.051111
2 0.561111 0.468333 0.042222 0.058889
2 0.390556 0.447778 0.052222 0.046667
2 0.387222 0.490000 0.052222 0.051111
2 0.450556 0.397222 0.036667 0.050000
2 0.489444 0.572778 0.045556 0.045556
2 0.624444 0.681667 0.044444 0.047778
2 0.654444 0.575000 0.037778 0.056667
2 0.286667 0.688889 0.044444 0.062222
1 0.832778 0.756111 0.054444 0.070000
1 0.506111 0.627778 0.043333 0.066667
1 0.337222 0.105000 0.047778 0.058889
1 0.373333 0.141667 0.033333 0.056667
2 0.159444 0.272222 0.047778 0.055556
0 0.453333 0.166111 0.037778 0.056667
0 0.433333 0.255556 0.040000 0.055556
0 0.391111 0.392778 0.055556 0.061111
0 0.633889 0.445556 0.050000 0.060000
0 0.485000 0.427778 0.047778 0.060000
0 0.696111 0.604444 0.050000 0.062222
0 0.546111 0.585000 0.052222 0.063333
0 0.732222 0.748889 0.048889 0.068889
0 0.668333 0.691111 0.045556 0.066667
3 0.411111 0.150000 0.040000 0.051111
3 0.399444 0.205000 0.041111 0.063333
3 0.332778 0.282222 0.050000 0.053333
3 0.317222 0.408889 0.038889 0.060000
3 0.356667 0.718889 0.046667 0.062222
3 0.557778 0.685556 0.044444 0.060000
3 0.630556 0.626667 0.056667 0.062222
3 0.596111 0.557222 0.050000 0.058889
