3 0.682778 0.328333 0.065556 0.043333
3 0.846667 0.567778 0.062222 0.057778
3 0.658889 0.556667 0.057778 0.046667
3 0.473333 0.543889 0.068889 0.045556
3 0.458333 0.506111 0.052222 0.043333
3 0.539444 0.417222 0.070000 0.041111
3 0.587778 0.600556 0.068889 0.050000
3 0.295000 0.744444 0.063333 0.051111
3 0.220000 0.382778 0.075556 0.054444
0 0.687778 0.648889 0.060000 0.048889
0 0.762222 0.519444 0.060000 0.047778
0 0.493889 0.790556 0.067778 0.056667
0 0.495000 0.841111 0.072222 0.053333
0 0.278889 0.660556 0.057778 0.052222
0 0.292778 0.497222 0.072222 0.050000
0 0.198333 0.477222 0.087778 0.054444
0 0.441111 0.461667 0.066667 0.043333
1 0.305556 0.560556 0.060000 0.054444
1 0.221111 0.642778 0.062222 0.061111
1 0.703333 0.475556 0.073333 0.040000
1 0.642778 0.426111 0.058889 0.050000
1 0.511667 0.502778 0.052222 0.043333
1 0.237778 0.433889 0.064444 0.047778
2 0.212222 0.313889 0.075556 0.050000
2 0.152222 0.400000 0.068889 0.046667
2 0.603889 0.372778 0.050000 0.041111
2 0.665556 0.364444 0.060000 0.040000
2 0.608333 0.472778 0.052222 0.045556
2 0.558333 0.480556 0.058889 0.036667
2 0.500000 0.444444 0.060000 0.035556
2 0.550000 0.547778 0.053333 0.044444
2 0.694444 0.515000 0.066667 0.043333
2 0.360556 0.545556 0.052222 0.051111
2 0.185556 0.594444 0.057778 0.053333
