0 0.840556 0.357778 0.076667 0.046667
0 0.950000 0.577778 0.071111 0.057778
0 0.772778 0.652222 0.061111 0.048889
0 0.598889 0.345000 0.066667 0.054444
0 0.541111 0.491111 0.066667 0.046667
0 0.647222 0.744444 0.063333 0.048889
0 0.484444 0.671111 0.068889 0.048889
2 0.584444 0.260556 0.060000 0.038889
2 0.321111 0.442778 0.053333 0.036667
2 0.423333 0.494444 0.051111 0.042222
2 0.121111 0.412222 0.064444 0.042222
2 0.199444 0.453889 0.047778 0.045556
2 0.450000 0.615556 0.064444 0.040000
2 0.535000 0.540000 0.058889 0.040000
2 0.597778 0.547778 0.057778 0.044444
2 0.651111 0.792778 0.048889 0.052222
2 0.848333 0.618889 0.061111 0.048889
2 0.702778 0.421111 0.058889 0.048889
3 0.692778 0.271667 0.061111 0.052222
3 0.766111 0.697222 0.054444 0.043333
3 0.705000 0.640556 0.063333 0.054444
3 0.593889 0.858889 0.054444 0.042222
3 0.470556 0.715000 0.067778 0.047778
3 0.338333 0.638333 0.061111 0.047778
3 0.361111 0.555000 0.055556 0.052222
3 0.323889 0.488889 0.065556 0.051111
3 0.290556 0.414444 0.063333 0.031111
1 0.072222 0.598333 0.064444 0.047778
1 0.251111 0.453889 0.062222 0.050000
1 0.671111 0.456111 0.064444 0.047778
1 0.744444 0.605000 0.053333 0.045556
1 0.641667 0.612778 0.058889 0.047778
1 0.446667 0.974444 0.075556 0.046667
3 0.306111 0.017778 0.063333 0.033333
