0 0.282778 0.297778 0.061111 0.077778
0 0.625000 0.404444 0.056667 0.075556
0 0.670556 0.272222 0.056667 0.071111
0 0.531111 0.251667 0.053333 0.065556
0 0.527222 0.190000 0.050000 0.060000
0 0.290000 0.439444 0.060000 0.072222
0 0.225000 0.452778 0.050000 0.065556
2 0.353333 0.235556 0.044444 0.057778
2 0.450556 0.295556 0.047778 0.046667
2 0.418889 0.362778 0.046667 0.054444
2 0.556111 0.408333 0.050000 0.065556
2 0.351667 0.407778 0.047778 0.057778
2 0.180556 0.446111 0.045556 0.067778
2 0.495556 0.747778 0.046667 0.082222
2 0.580000 0.236111 0.042222 0.041111
2 0.453889 0.203889 0.043333 0.052222
3 0.432222 0.158333 0.044444 0.041111
3 0.736111 0.336111 0.054444 0.070000
3 0.630556 0.323333 0.045556 0.062222
3 0.587778 0.337222 0.046667 0.063333
3 0.578333 0.284444 0.050000 0.048889
3 0.355556 0.348333 0.048889 0.063333
3 0.380556 0.469444 0.052222 0.067778
3 0.460556 0.552778 0.052222 0.058889
3 0.341667 0.504444 0.047778 0.064444
3 0.298333 0.550556 0.058889 0.072222
3 0.235000 0.526667 0.054444 0.068889
0 0.412222 0.961667 0.073333 0.076667
1 0.573889 0.160556 0.045556 0.054444
1 0.420556 0.253889 0.056667 0.043333
1 0.468333 0.427778 0.056667 0.068889
1 0.469444 0.626667 0.058889 0.068889
1 0.451111 0.698889 0.057778 0.068889
