0 0.371111 0.195556 0.062222 0.062222
0 0.386667 0.328889 0.066667 0.044444
0 0.418889 0.367222 0.057778 0.043333
0 0.540556 0.345556 0.072222 0.048889
0 0.545556 0.419444 0.071111 0.052222
0 0.301667 0.498333 0.061111 0.054444
0 0.490000 0.055000 0.077778 0.056667
2 0.425556 0.145000 0.062222 0.043333
2 0.745556 0.199444 0.048889 0.047778
2 0.177778 0.276667 0.053333 0.046667
2 0.275556 0.317778 0.062222 0.042222
2 0.526667 0.385556 0.057778 0.031111
2 0.355000 0.544444 0.067778 0.042222
2 0.591667 0.592222 0.058889 0.042222
2 0.733333 0.591111 0.060000 0.037778
3 0.423889 0.188889 0.052222 0.044444
3 0.789444 0.283333 0.061111 0.046667
3 0.605556 0.442778 0.060000 0.041111
3 0.687778 0.451111 0.075556 0.046667
3 0.579444 0.487778 0.061111 0.053333
3 0.458333 0.497222 0.063333 0.052222
3 0.371667 0.500000 0.067778 0.046667
3 0.590000 0.699444 0.062222 0.045556
3 0.530000 0.872222 0.060000 0.057778
3 0.790000 0.405556 0.066667 0.048889
1 0.766111 0.329444 0.070000 0.045556
1 0.541667 0.524444 0.067778 0.046667
1 0.777222 0.637222 0.065556 0.043333
1 0.075556 0.470000 0.077778 0.051111
1 0.305000 0.698889 0.074444 0.053333
1 0.690556 0.620556 0.070000 0.045556
0 0.971111 0.510000 0.057778 0.055556
