3 0.244444 0.228333 0.095556 0.098889
3 0.446111 0.260000 0.063333 0.086667
3 0.501111 0.278889 0.051111 0.084444
3 0.763889 0.291667 0.065556 0.105556
3 0.801667 0.402778 0.081111 0.092222
3 0.148889 0.473333 0.077778 0.093333
3 0.255556 0.701111 0.071111 0.097778
3 0.413889 0.728889 0.076667 0.086667
3 0.751111 0.815556 0.080000 0.113333
3 0.663889 0.492222 0.081111 0.082222
3 0.558333 0.315556 0.065556 0.091111
1 0.695000 0.255000 0.074444 0.098889
1 0.671111 0.412778 0.071111 0.072222
1 0.806667 0.590556 0.091111 0.074444
2 0.672778 0.609444 0.081111 0.081111
1 0.573889 0.623889 0.076667 0.110000
1 0.295556 0.555000 0.064444 0.083333
2 0.454444 0.344444 0.062222 0.073333
2 0.508889 0.375000 0.055556 0.065556
2 0.537222 0.472222 0.054444 0.097778
2 0.602778 0.431111 0.056667 0.091111
2 0.560000 0.801111 0.066667 0.071111
2 0.321111 0.784444 0.068889 0.102222
2 0.170556 0.562222 0.063333 0.077778
1 0.465000 0.616111 0.067778 0.083333
0 0.487222 0.855000 0.085556 0.116667
0 0.408333 0.461667 0.074444 0.090000
0 0.300000 0.431111 0.082222 0.082222
0 0.353333 0.345556 0.075556 0.093333
