1 0.483889 0.260556 0.054444 0.072222
1 0.788889 0.229444 0.068889 0.076667
1 0.618333 0.336667 0.052222 0.071111
1 0.509444 0.431667 0.047778 0.081111
1 0.570556 0.706111 0.058889 0.081111
1 0.248333 0.634444 0.067778 0.071111
3 0.603333 0.106111 0.048889 0.072222
3 0.128889 0.222778 0.051111 0.074444
3 0.635000 0.263889 0.061111 0.076667
3 0.671667 0.407778 0.050000 0.080000
3 0.773333 0.472222 0.068889 0.075556
3 0.554444 0.406111 0.048889 0.085556
3 0.556111 0.630000 0.056667 0.080000
3 0.385556 0.726667 0.066667 0.088889
3 0.340556 0.875556 0.052222 0.095556
3 0.630556 0.706667 0.056667 0.082222
2 0.430556 0.194444 0.061111 0.075556
2 0.191111 0.523889 0.053333 0.074444
2 0.387222 0.526111 0.045556 0.072222
2 0.551111 0.517222 0.044444 0.076667
2 0.532222 0.318889 0.051111 0.066667
2 0.680556 0.672222 0.050000 0.077778
2 0.678889 0.932778 0.071111 0.078889
2 0.516667 0.741667 0.053333 0.076667
2 0.442222 0.863333 0.062222 0.084444
0 0.337222 0.331111 0.070000 0.075556
0 0.592778 0.462222 0.056667 0.082222
0 0.651111 0.579444 0.073333 0.076667
0 0.711667 0.543889 0.070000 0.085556
0 0.446111 0.531667 0.072222 0.092222
0 0.418889 0.605000 0.068889 0.085556
3 0.508333 0.587222 0.054444 0.072222
0 0.307778 0.720556 0.073333 0.094444
