1 0.909444 0.222222 0.034444 0.057778
1 0.773333 0.420556 0.042222 0.061111
1 0.717222 0.684444 0.047778 0.060000
1 0.575556 0.780000 0.044444 0.064444
3 0.895000 0.090556 0.041111 0.056667
3 0.900000 0.158889 0.046667 0.062222
3 0.552778 0.090000 0.045556 0.066667
3 0.583889 0.332222 0.043333 0.048889
3 0.733333 0.532778 0.048889 0.061111
3 0.841667 0.601667 0.050000 0.067778
3 0.371111 0.876111 0.051111 0.065556
3 0.348889 0.805000 0.053333 0.067778
3 0.423333 0.593889 0.040000 0.061111
3 0.144444 0.607222 0.051111 0.063333
3 0.102778 0.913333 0.063333 0.082222
2 0.830000 0.146667 0.044444 0.055556
2 0.813889 0.032222 0.041111 0.051111
2 0.875556 0.242222 0.033333 0.057778
2 0.741667 0.286111 0.041111 0.050000
2 0.852778 0.370556 0.043333 0.058889
2 0.820556 0.660556 0.038889 0.063333
2 0.508889 0.733889 0.040000 0.070000
2 0.252778 0.881667 0.058889 0.052222
2 0.354444 0.518333 0.042222 0.052222
0 0.897222 0.313889 0.050000 0.054444
0 0.908889 0.428889 0.051111 0.064444
0 0.604444 0.723333 0.053333 0.075556
0 0.341111 0.562222 0.053333 0.046667
0 0.462222 0.706111 0.048889 0.056667
