3 0.347222 0.223333 0.085556 0.104444
3 0.393333 0.088333 0.091111 0.103333
3 0.810000 0.102778 0.068889 0.076667
3 0.062222 0.080000 0.086667 0.091111
3 0.426111 0.560000 0.061111 0.088889
3 0.743889 0.523333 0.061111 0.080000
3 0.767778 0.445556 0.060000 0.077778
3 0.803889 0.398889 0.058889 0.075556
3 0.702222 0.706667 0.062222 0.077778
3 0.467778 0.248889 0.064444 0.097778
2 0.711111 0.292778 0.057778 0.072222
2 0.777222 0.293333 0.061111 0.075556
2 0.813333 0.498333 0.053333 0.052222
2 0.787222 0.579444 0.050000 0.063333
2 0.265000 0.693889 0.076667 0.087778
2 0.166111 0.738333 0.078889 0.078889
2 0.377778 0.811111 0.053333 0.086667
2 0.626111 0.825000 0.063333 0.067778
1 0.617222 0.718889 0.061111 0.086667
1 0.592222 0.632222 0.075556 0.071111
1 0.856111 0.555000 0.061111 0.078889
0 0.867222 0.233333 0.072222 0.095556
0 0.910000 0.509444 0.064444 0.081111
0 0.926667 0.600556 0.073333 0.094444
0 0.483333 0.717222 0.075556 0.090000
0 0.631111 0.895000 0.068889 0.076667
0 0.429444 0.888889 0.067778 0.104444
0 0.334444 0.585000 0.084444 0.098889
1 0.577222 0.451667 0.074444 0.083333
1 0.533333 0.648889 0.053333 0.077778
0 0.546667 0.548889 0.073333 0.088889
