0 0.837778 0.153333 0.042222 0.053333
0 0.531111 0.530556 0.037778 0.052222
0 0.377778 0.747222 0.044444 0.067778
0 0.306667 0.631111 0.037778 0.053333
0 0.150556 0.377222 0.052222 0.056667
0 0.285556 0.343333 0.044444 0.051111
0 0.289444 0.252222 0.052222 0.046667
3 0.734444 0.458333 0.037778 0.047778
3 0.680556 0.429444 0.036667 0.050000
3 0.479444 0.297222 0.038889 0.050000
3 0.915556 0.411111 0.046667 0.060000
3 0.909444 0.353333 0.041111 0.051111
3 0.816111 0.569444 0.043333 0.056667
3 0.571111 0.548333 0.044444 0.065556
3 0.440556 0.599444 0.036667 0.054444
3 0.496111 0.515000 0.034444 0.054444
3 0.437222 0.494444 0.047778 0.051111
3 0.600556 0.957222 0.036667 0.056667
2 0.441667 0.390000 0.036667 0.048889
2 0.641667 0.396111 0.030000 0.050000
2 0.408889 0.381667 0.033333 0.047778
2 0.283333 0.482222 0.035556 0.051111
2 0.240000 0.467778 0.040000 0.051111
2 0.340000 0.636111 0.035556 0.056667
2 0.472222 0.622778 0.028889 0.050000
2 0.874444 0.455000 0.035556 0.047778
1 0.307222 0.297222 0.041111 0.043333
1 0.446111 0.547222 0.045556 0.047778
1 0.453333 0.759444 0.042222 0.067778
1 0.452222 0.958889 0.037778 0.064444
1 0.730000 0.951111 0.040000 0.060000
1 0.938889 0.808889 0.053333 0.060000
