3 0.457778 0.061111 0.053333 0.073333
3 0.233889 0.261667 0.054444 0.058889
3 0.699444 0.368333 0.050000 0.063333
3 0.653333 0.436667 0.051111 0.055556
3 0.785556 0.441111 0.057778 0.073333
3 0.781667 0.589444 0.058889 0.070000
3 0.718889 0.648889 0.055556 0.068889
3 0.361111 0.662222 0.048889 0.060000
3 0.238333 0.644444 0.054444 0.068889
3 0.371111 0.775000 0.057778 0.072222
3 0.486667 0.850000 0.053333 0.068889
2 0.423333 0.128333 0.046667 0.065556
2 0.376667 0.345000 0.053333 0.063333
2 0.697222 0.480000 0.045556 0.062222
2 0.816667 0.546111 0.040000 0.054444
2 0.440000 0.588333 0.053333 0.050000
2 0.246111 0.827778 0.056667 0.060000
2 0.136111 0.744444 0.054444 0.062222
2 0.312778 0.658889 0.045556 0.055556
0 0.473333 0.195000 0.053333 0.072222
0 0.608333 0.280000 0.056667 0.073333
0 0.468889 0.376111 0.057778 0.061111
0 0.537778 0.509444 0.046667 0.061111
0 0.438889 0.437222 0.062222 0.067778
0 0.150000 0.399444 0.062222 0.072222
0 0.238889 0.445000 0.057778 0.063333
0 0.641111 0.859444 0.060000 0.081111
1 0.148333 0.270556 0.052222 0.067778
1 0.205556 0.325000 0.055556 0.058889
1 0.075556 0.643333 0.053333 0.064444
1 0.613889 0.754444 0.045556 0.068889
1 0.725000 0.849444 0.065556 0.065556
