0 0.663333 0.048333 0.057778 0.072222
0 0.531667 0.152778 0.063333 0.052222
0 0.380556 0.495556 0.070000 0.088889
0 0.538333 0.762778 0.078889 0.110000
0 0.877222 0.736111 0.078889 0.094444
0 0.477222 0.810556 0.063333 0.105556
0 0.487778 0.702778 0.057778 0.076667
2 0.286111 0.419444 0.058889 0.063333
2 0.547222 0.317222 0.052222 0.070000
2 0.582222 0.444444 0.057778 0.064444
2 0.646111 0.488333 0.045556 0.081111
2 0.466111 0.412222 0.056667 0.053333
2 0.453889 0.466667 0.061111 0.057778
2 0.518889 0.432778 0.048889 0.065556
2 0.457222 0.563333 0.058889 0.064444
2 0.588889 0.195556 0.042222 0.057778
3 0.446111 0.132222 0.050000 0.064444
3 0.550000 0.065556 0.048889 0.068889
3 0.607778 0.138889 0.053333 0.053333
3 0.502778 0.228889 0.047778 0.062222
3 0.683333 0.338333 0.057778 0.067778
3 0.828333 0.456667 0.061111 0.077778
3 0.883333 0.437778 0.053333 0.077778
3 0.627778 0.614444 0.064444 0.075556
3 0.535000 0.502222 0.054444 0.062222
3 0.646667 0.857222 0.068889 0.098889
1 0.375000 0.303889 0.061111 0.076667
1 0.730000 0.386111 0.044444 0.083333
1 0.684444 0.426667 0.055556 0.068889
1 0.550556 0.215556 0.038889 0.064444
1 0.705000 0.807222 0.067778 0.094444
1 0.423889 0.637778 0.063333 0.082222
