1 0.760000 0.246111 0.064444 0.081111
1 0.597778 0.327778 0.042222 0.062222
1 0.476111 0.272778 0.047778 0.076667
1 0.411111 0.421111 0.044444 0.068889
1 0.558333 0.665000 0.052222 0.070000
1 0.276667 0.575556 0.055556 0.062222
3 0.163333 0.220000 0.053333 0.068889
3 0.356667 0.223333 0.057778 0.075556
3 0.596111 0.126111 0.047778 0.061111
3 0.621667 0.267222 0.050000 0.067778
3 0.652778 0.403333 0.052222 0.068889
3 0.535556 0.402222 0.046667 0.075556
3 0.547778 0.595556 0.053333 0.068889
3 0.612222 0.665556 0.051111 0.071111
3 0.388889 0.680000 0.053333 0.071111
3 0.374444 0.798889 0.048889 0.082222
2 0.528333 0.317222 0.043333 0.056667
2 0.435000 0.282778 0.041111 0.054444
2 0.544444 0.496111 0.040000 0.067778
2 0.395556 0.507778 0.042222 0.068889
2 0.220000 0.493333 0.046667 0.064444
2 0.512778 0.702778 0.043333 0.072222
2 0.657222 0.636667 0.041111 0.066667
2 0.439444 0.798889 0.045556 0.068889
2 0.647778 0.865556 0.060000 0.073333
0 0.411667 0.336111 0.047778 0.067778
0 0.450000 0.510000 0.064444 0.086667
0 0.581667 0.453889 0.050000 0.078889
0 0.632222 0.557222 0.064444 0.074444
0 0.728889 0.609444 0.064444 0.083333
0 0.544444 0.876111 0.062222 0.098889
0 0.321667 0.672222 0.067778 0.088889
0 0.510556 0.547222 0.047778 0.058889
