0 0.416667 0.216111 0.064444 0.047778
0 0.657222 0.332778 0.063333 0.058889
0 0.793889 0.410556 0.063333 0.043333
0 0.716667 0.682222 0.060000 0.053333
0 0.520000 0.694444 0.053333 0.051111
0 0.482778 0.770556 0.063333 0.047778
3 0.581111 0.547778 0.064444 0.048889
3 0.421111 0.533889 0.053333 0.036667
3 0.431667 0.432778 0.065556 0.052222
3 0.598333 0.373889 0.052222 0.047778
3 0.543889 0.368333 0.052222 0.045556
3 0.241111 0.363889 0.064444 0.045556
3 0.237778 0.402778 0.071111 0.038889
3 0.610000 0.248333 0.064444 0.043333
3 0.480556 0.646111 0.056667 0.043333
3 0.356667 0.578333 0.064444 0.050000
2 0.240556 0.705000 0.056667 0.058889
2 0.185556 0.463333 0.062222 0.040000
2 0.311667 0.512222 0.050000 0.040000
2 0.555000 0.502222 0.050000 0.046667
2 0.661667 0.630000 0.063333 0.035556
2 0.688889 0.562222 0.053333 0.035556
2 0.705556 0.599444 0.051111 0.045556
2 0.785000 0.449444 0.063333 0.036667
2 0.534444 0.327778 0.046667 0.044444
2 0.384444 0.331111 0.051111 0.046667
2 0.414444 0.578889 0.051111 0.051111
1 0.231667 0.586111 0.078889 0.047778
1 0.695000 0.490000 0.070000 0.042222
1 0.336111 0.621667 0.065556 0.043333
1 0.721111 0.291111 0.051111 0.044444
1 0.822222 0.365000 0.068889 0.036667
