0 0.267778 0.218333 0.055556 0.076667
0 0.222222 0.339444 0.057778 0.067778
0 0.665000 0.275000 0.050000 0.063333
0 0.198333 0.482222 0.054444 0.068889
0 0.257222 0.516111 0.056667 0.058889
0 0.381111 0.522222 0.057778 0.075556
0 0.250556 0.600000 0.052222 0.066667
0 0.675000 0.605000 0.052222 0.065556
2 0.562778 0.184444 0.043333 0.046667
2 0.471111 0.335000 0.044444 0.063333
2 0.529444 0.407222 0.043333 0.054444
2 0.579444 0.472222 0.043333 0.060000
2 0.713889 0.488333 0.041111 0.056667
2 0.720556 0.574444 0.050000 0.057778
2 0.510000 0.649444 0.046667 0.063333
2 0.265556 0.748333 0.044444 0.065556
2 0.323889 0.451667 0.050000 0.054444
2 0.225556 0.427222 0.046667 0.054444
3 0.321667 0.268889 0.045556 0.062222
3 0.693333 0.375556 0.055556 0.057778
3 0.520556 0.528333 0.043333 0.063333
3 0.461111 0.492222 0.053333 0.064444
3 0.591667 0.530556 0.052222 0.054444
3 0.563889 0.635556 0.054444 0.075556
3 0.648889 0.715000 0.044444 0.072222
3 0.513889 0.763889 0.058889 0.058889
3 0.403333 0.648889 0.053333 0.066667
1 0.348889 0.725000 0.055556 0.070000
1 0.348889 0.328889 0.055556 0.044444
1 0.358889 0.387778 0.055556 0.066667
1 0.385556 0.273889 0.051111 0.050000
1 0.567778 0.292222 0.048889 0.062222
