0 0.227222 0.208889 0.070000 0.082222
0 0.062778 0.241111 0.070000 0.091111
0 0.466667 0.346667 0.062222 0.066667
0 0.518889 0.291667 0.055556 0.072222
0 0.766111 0.315000 0.056667 0.076667
0 0.872778 0.554444 0.061111 0.080000
0 0.495000 0.784444 0.070000 0.082222
3 0.211667 0.286111 0.074444 0.078889
3 0.581667 0.512778 0.056667 0.070000
3 0.700556 0.427222 0.056667 0.056667
3 0.921667 0.499444 0.047778 0.070000
3 0.887778 0.417778 0.051111 0.062222
3 0.814444 0.358333 0.033333 0.074444
3 0.628889 0.450000 0.048889 0.055556
3 0.538889 0.477222 0.060000 0.056667
3 0.314444 0.736667 0.051111 0.064444
3 0.695556 0.658889 0.053333 0.073333
1 0.316667 0.407778 0.057778 0.073333
1 0.177778 0.602778 0.053333 0.078889
1 0.640556 0.670000 0.052222 0.071111
1 0.695556 0.575000 0.051111 0.074444
1 0.740556 0.240556 0.054444 0.070000
1 0.861667 0.361667 0.058889 0.052222
0 0.229444 0.626667 0.058889 0.068889
2 0.403889 0.779444 0.054444 0.063333
2 0.643333 0.758889 0.051111 0.066667
2 0.564444 0.778889 0.048889 0.062222
2 0.743889 0.525000 0.047778 0.061111
2 0.582778 0.448333 0.045556 0.050000
2 0.837222 0.443889 0.056667 0.058889
2 0.783889 0.394444 0.045556 0.060000
2 0.727778 0.359444 0.051111 0.058889
