0 0.416111 0.213889 0.041111 0.061111
0 0.633889 0.186667 0.036667 0.053333
0 0.497222 0.386111 0.036667 0.052222
0 0.515000 0.521111 0.047778 0.057778
0 0.364444 0.653333 0.044444 0.066667
3 0.145556 0.293889 0.044444 0.054444
3 0.288889 0.233889 0.042222 0.054444
3 0.069444 0.287778 0.041111 0.046667
3 0.202778 0.553889 0.041111 0.052222
3 0.446111 0.100556 0.030000 0.045556
3 0.522778 0.067778 0.043333 0.062222
3 0.618889 0.140556 0.040000 0.038889
3 0.565000 0.360556 0.043333 0.056667
3 0.678889 0.457222 0.040000 0.052222
3 0.518333 0.622222 0.036667 0.062222
3 0.685556 0.920556 0.040000 0.065556
1 0.639444 0.926667 0.043333 0.064444
1 0.350000 0.902222 0.051111 0.062222
1 0.152222 0.857778 0.046667 0.062222
1 0.465556 0.357222 0.033333 0.045556
1 0.693333 0.270556 0.037778 0.056667
2 0.710556 0.417778 0.032222 0.055556
2 0.661667 0.413889 0.041111 0.043333
2 0.525556 0.424444 0.042222 0.037778
2 0.638333 0.523889 0.038889 0.052222
2 0.571667 0.570000 0.034444 0.048889
2 0.536667 0.573889 0.037778 0.041111
2 0.559444 0.620000 0.036667 0.046667
2 0.240000 0.204444 0.033333 0.051111
2 0.537778 0.133333 0.037778 0.044444
0 0.545000 0.932778 0.047778 0.067778
0 0.256111 0.962222 0.052222 0.053333
0 0.525000 0.467778 0.041111 0.046667
