0 0.659444 0.283333 0.045556 0.057778
0 0.340000 0.357222 0.055556 0.056667
0 0.626667 0.423333 0.060000 0.066667
0 0.740556 0.413889 0.050000 0.065556
0 0.804444 0.453333 0.053333 0.064444
0 0.782222 0.587778 0.055556 0.057778
0 0.740000 0.706667 0.051111 0.066667
3 0.486111 0.188889 0.054444 0.060000
3 0.362222 0.246111 0.042222 0.065556
3 0.444444 0.315556 0.044444 0.071111
3 0.598333 0.300000 0.052222 0.057778
3 0.547222 0.453333 0.047778 0.057778
3 0.490556 0.421667 0.043333 0.054444
3 0.401111 0.503889 0.048889 0.056667
3 0.327778 0.575000 0.048889 0.052222
3 0.687222 0.658889 0.043333 0.053333
2 0.772222 0.260556 0.048889 0.065556
2 0.671111 0.214444 0.046667 0.060000
2 0.496111 0.304444 0.038889 0.060000
2 0.304444 0.471111 0.044444 0.046667
2 0.295556 0.391111 0.042222 0.051111
2 0.682778 0.489444 0.050000 0.050000
2 0.778333 0.507222 0.050000 0.047778
2 0.541667 0.608889 0.043333 0.042222
2 0.485000 0.540556 0.043333 0.043333
2 0.460000 0.751667 0.037778 0.047778
1 0.568333 0.115556 0.054444 0.066667
1 0.358889 0.673889 0.051111 0.054444
1 0.452778 0.651111 0.038889 0.055556
1 0.627778 0.660000 0.046667 0.046667
1 0.660556 0.606111 0.052222 0.045556
1 0.651111 0.552222 0.044444 0.060000
