2 0.280000 0.187222 0.040000 0.047778
2 0.166111 0.291111 0.036667 0.053333
2 0.182778 0.718333 0.047778 0.050000
2 0.122778 0.758889 0.047778 0.048889
2 0.803889 0.197778 0.043333 0.046667
2 0.917222 0.181111 0.032222 0.040000
2 0.820556 0.041111 0.038889 0.037778
2 0.776111 0.029444 0.030000 0.050000
0 0.211667 0.323889 0.045556 0.056667
0 0.607778 0.732222 0.048889 0.071111
0 0.713889 0.546111 0.043333 0.061111
0 0.936111 0.634444 0.045556 0.066667
3 0.932222 0.383889 0.037778 0.054444
3 0.837222 0.337222 0.043333 0.050000
3 0.920556 0.333889 0.038889 0.047778
3 0.848889 0.260000 0.044444 0.046667
3 0.888889 0.256111 0.040000 0.050000
3 0.817778 0.294444 0.044444 0.051111
3 0.878333 0.318333 0.038889 0.054444
3 0.893333 0.405556 0.044444 0.057778
3 0.321667 0.447222 0.047778 0.047778
3 0.487778 0.932222 0.055556 0.071111
3 0.900000 0.822778 0.053333 0.054444
3 0.898333 0.593889 0.038889 0.052222
1 0.870556 0.140000 0.041111 0.044444
1 0.831667 0.101667 0.050000 0.050000
1 0.687778 0.499444 0.044444 0.047778
1 0.896667 0.527222 0.042222 0.052222
1 0.946111 0.728889 0.047778 0.071111
