3 0.456111 0.073889 0.036667 0.056667
3 0.394444 0.081111 0.042222 0.055556
3 0.536111 0.233333 0.056667 0.062222
3 0.539444 0.425556 0.043333 0.062222
3 0.203333 0.461667 0.053333 0.061111
3 0.853333 0.319444 0.044444 0.058889
3 0.868889 0.253333 0.048889 0.042222
3 0.960556 0.703889 0.047778 0.047778
3 0.578333 0.786667 0.045556 0.066667
3 0.429444 0.702222 0.036667 0.057778
3 0.025556 0.587222 0.048889 0.067778
1 0.279444 0.388889 0.050000 0.053333
1 0.303333 0.437778 0.042222 0.046667
1 0.471667 0.685000 0.045556 0.070000
2 0.471111 0.253333 0.044444 0.060000
2 0.388333 0.142222 0.036667 0.057778
2 0.268889 0.207778 0.042222 0.055556
2 0.212778 0.244444 0.034444 0.060000
2 0.345000 0.445556 0.034444 0.062222
2 0.345000 0.491111 0.045556 0.042222
2 0.120556 0.517778 0.050000 0.046667
2 0.130000 0.393889 0.053333 0.056667
2 0.741667 0.331111 0.038889 0.042222
1 0.316111 0.141111 0.041111 0.051111
0 0.641667 0.295000 0.041111 0.061111
0 0.554444 0.361111 0.051111 0.053333
0 0.640556 0.398333 0.058889 0.065556
0 0.894444 0.306111 0.042222 0.065556
0 0.470000 0.465556 0.048889 0.064444
0 0.133889 0.672778 0.056667 0.065556
0 0.470000 0.023889 0.066667 0.045556
