0 0.070556 0.410556 0.056667 0.056667
0 0.573333 0.271667 0.053333 0.065556
0 0.621667 0.143333 0.050000 0.064444
0 0.954444 0.560556 0.053333 0.061111
0 0.965556 0.715556 0.057778 0.066667
0 0.678889 0.801667 0.053333 0.074444
3 0.850556 0.148889 0.045556 0.053333
3 0.736667 0.163333 0.044444 0.053333
3 0.650556 0.301111 0.047778 0.051111
3 0.937222 0.770556 0.052222 0.052222
3 0.941111 0.829444 0.055556 0.065556
3 0.520000 0.755000 0.037778 0.063333
3 0.268889 0.885556 0.048889 0.064444
3 0.598333 0.855000 0.047778 0.074444
2 0.104444 0.452778 0.044444 0.052222
2 0.028889 0.420556 0.028889 0.070000
2 0.025556 0.691111 0.044444 0.064444
2 0.486111 0.736111 0.034444 0.070000
2 0.510000 0.670000 0.057778 0.053333
2 0.565556 0.936667 0.044444 0.071111
2 0.823333 0.925556 0.042222 0.068889
2 0.671667 0.638889 0.043333 0.055556
1 0.477222 0.310556 0.045556 0.063333
1 0.673333 0.030000 0.040000 0.057778
1 0.695000 0.128333 0.034444 0.061111
1 0.658889 0.688889 0.051111 0.060000
