3 0.426667 0.075556 0.073333 0.062222
3 0.450000 0.188333 0.073333 0.063333
3 0.046667 0.286667 0.077778 0.053333
3 0.619444 0.397222 0.067778 0.052222
3 0.938889 0.620556 0.077778 0.052222
3 0.707778 0.613889 0.075556 0.061111
3 0.806111 0.488333 0.063333 0.058889
3 0.600556 0.472778 0.076667 0.054444
3 0.580556 0.270000 0.067778 0.064444
1 0.391111 0.266111 0.075556 0.061111
1 0.372778 0.317222 0.092222 0.054444
1 0.773889 0.640000 0.072222 0.060000
1 0.680000 0.385000 0.062222 0.056667
2 0.230000 0.611667 0.068889 0.054444
2 0.132222 0.617222 0.082222 0.054444
2 0.356667 0.750000 0.084444 0.051111
2 0.560000 0.520556 0.077778 0.050000
2 0.774444 0.580000 0.077778 0.048889
2 0.876667 0.483889 0.075556 0.050000
2 0.749444 0.528889 0.061111 0.055556
2 0.441111 0.013889 0.071111 0.025556
1 0.656667 0.884444 0.082222 0.071111
1 0.530556 0.016111 0.061111 0.030000
0 0.800556 0.207778 0.090000 0.066667
0 0.747778 0.377222 0.071111 0.061111
0 0.645556 0.332778 0.086667 0.058889
0 0.482222 0.551111 0.077778 0.055556
0 0.681667 0.536667 0.074444 0.062222
0 0.385000 0.696111 0.096667 0.067778
0 0.502778 0.421667 0.063333 0.054444
