2 0.714444 0.274444 0.040000 0.046667
2 0.651667 0.298333 0.034444 0.045556
2 0.653889 0.259444 0.043333 0.036667
2 0.605556 0.269444 0.035556 0.047778
2 0.912778 0.057222 0.036667 0.036667
2 0.335000 0.577778 0.047778 0.046667
2 0.353333 0.900000 0.042222 0.048889
2 0.200000 0.685000 0.046667 0.047778
0 0.690000 0.320556 0.044444 0.058889
0 0.623889 0.220000 0.041111 0.044444
0 0.601667 0.415000 0.038889 0.056667
0 0.906111 0.341111 0.045556 0.062222
0 0.488333 0.256111 0.050000 0.058889
0 0.325000 0.658333 0.041111 0.063333
0 0.594444 0.945000 0.051111 0.070000
0 0.386111 0.941111 0.041111 0.066667
3 0.470556 0.038333 0.038889 0.065556
3 0.670556 0.115556 0.043333 0.057778
3 0.928889 0.501111 0.055556 0.064444
3 0.784444 0.421667 0.040000 0.054444
3 0.316667 0.486667 0.051111 0.055556
3 0.311111 0.335556 0.044444 0.053333
3 0.282222 0.638889 0.044444 0.053333
3 0.318333 0.941111 0.047778 0.060000
3 0.520556 0.929444 0.047778 0.056667
3 0.660000 0.950556 0.046667 0.056667
3 0.899444 0.933333 0.056667 0.073333
1 0.903333 0.102222 0.040000 0.053333
1 0.821111 0.452222 0.040000 0.057778
1 0.641111 0.440556 0.042222 0.061111
1 0.862222 0.837222 0.048889 0.054444
1 0.247778 0.937222 0.048889 0.070000
