0 0.247778 0.050000 0.044444 0.073333
0 0.486667 0.237222 0.046667 0.065556
0 0.593333 0.222778 0.051111 0.047778
0 0.502222 0.176111 0.046667 0.047778
0 0.719444 0.469444 0.056667 0.061111
0 0.742222 0.537222 0.064444 0.076667
0 0.402222 0.577778 0.055556 0.073333
2 0.212222 0.285556 0.044444 0.053333
2 0.342222 0.277222 0.040000 0.056667
2 0.427222 0.292222 0.043333 0.048889
2 0.392222 0.474444 0.046667 0.051111
2 0.682222 0.264444 0.051111 0.051111
2 0.644444 0.583889 0.046667 0.065556
2 0.545000 0.877778 0.058889 0.073333
2 0.098889 0.245000 0.044444 0.058889
2 0.375556 0.066111 0.042222 0.047778
3 0.357222 0.362778 0.038889 0.056667
3 0.340000 0.441111 0.051111 0.051111
3 0.666667 0.396667 0.057778 0.066667
3 0.556667 0.261667 0.037778 0.052222
3 0.679444 0.211667 0.054444 0.054444
3 0.619444 0.275556 0.047778 0.060000
3 0.278889 0.577222 0.044444 0.067778
3 0.743889 0.612778 0.054444 0.076667
3 0.173333 0.547222 0.051111 0.061111
3 0.207222 0.444444 0.052222 0.068889
3 0.300556 0.280000 0.041111 0.046667
1 0.600000 0.102222 0.042222 0.062222
1 0.533889 0.213333 0.041111 0.044444
1 0.530000 0.301111 0.046667 0.057778
1 0.398333 0.333333 0.043333 0.053333
1 0.288889 0.333889 0.048889 0.061111
