3 0.497222 0.233889 0.041111 0.063333
3 0.660000 0.370556 0.055556 0.058889
3 0.635000 0.565556 0.061111 0.066667
3 0.709444 0.650000 0.045556 0.073333
3 0.608333 0.627222 0.045556 0.058889
3 0.534444 0.490000 0.048889 0.066667
3 0.472778 0.480000 0.050000 0.066667
3 0.321111 0.481667 0.060000 0.065556
3 0.241667 0.367778 0.043333 0.066667
2 0.768889 0.301111 0.044444 0.071111
2 0.476111 0.401667 0.047778 0.063333
2 0.318333 0.339444 0.045556 0.061111
2 0.280556 0.334444 0.038889 0.066667
2 0.208889 0.472222 0.044444 0.064444
2 0.477778 0.581111 0.046667 0.060000
2 0.422222 0.493889 0.051111 0.061111
2 0.659444 0.627222 0.045556 0.065556
2 0.165556 0.701111 0.044444 0.075556
0 0.157778 0.123333 0.048889 0.064444
0 0.032778 0.241111 0.052222 0.064444
0 0.367222 0.292222 0.056667 0.075556
0 0.600000 0.222222 0.057778 0.075556
0 0.704444 0.198333 0.048889 0.074444
0 0.567778 0.397778 0.051111 0.066667
0 0.565556 0.548889 0.057778 0.071111
0 0.557222 0.619444 0.054444 0.074444
0 0.325556 0.550556 0.060000 0.070000
1 0.617222 0.501111 0.056667 0.060000
1 0.779444 0.653889 0.056667 0.078889
1 0.025000 0.575556 0.047778 0.075556
1 0.381667 0.747222 0.061111 0.072222
1 0.121111 0.675556 0.044444 0.066667
1 0.107222 0.731111 0.047778 0.064444
