3 0.781667 0.176111 0.061111 0.058889
3 0.512222 0.179444 0.048889 0.065556
3 0.286111 0.261667 0.041111 0.054444
3 0.240556 0.454444 0.047778 0.080000
3 0.353889 0.402222 0.054444 0.068889
3 0.474444 0.456111 0.046667 0.067778
3 0.630000 0.472778 0.057778 0.065556
3 0.337778 0.532222 0.051111 0.075556
3 0.521667 0.861111 0.065556 0.100000
2 0.490000 0.047778 0.044444 0.055556
2 0.404444 0.083333 0.048889 0.053333
2 0.218333 0.273333 0.058889 0.048889
2 0.280000 0.319444 0.046667 0.056667
2 0.326667 0.340000 0.051111 0.051111
2 0.331111 0.283333 0.035556 0.048889
2 0.523889 0.395000 0.038889 0.058889
2 0.521667 0.454444 0.038889 0.062222
2 0.428333 0.545556 0.047778 0.064444
0 0.613333 0.663889 0.064444 0.094444
0 0.458333 0.783333 0.058889 0.093333
0 0.332222 0.830000 0.075556 0.095556
0 0.294444 0.692222 0.057778 0.073333
0 0.473889 0.332778 0.047778 0.070000
0 0.210556 0.223333 0.050000 0.048889
0 0.468333 0.206667 0.052222 0.068889
0 0.568889 0.177778 0.051111 0.077778
0 0.627778 0.180556 0.057778 0.072222
1 0.383333 0.281111 0.053333 0.057778
1 0.362778 0.183889 0.054444 0.067778
1 0.567778 0.423889 0.051111 0.061111
1 0.572778 0.483889 0.056667 0.061111
1 0.349444 0.698889 0.052222 0.086667
1 0.268889 0.621111 0.064444 0.066667
