0 0.309444 0.400000 0.052222 0.055556
0 0.280000 0.350556 0.044444 0.047778
0 0.480556 0.369444 0.050000 0.052222
0 0.660556 0.490000 0.050000 0.062222
0 0.595000 0.668333 0.050000 0.058889
0 0.344444 0.616667 0.057778 0.057778
1 0.644444 0.196667 0.048889 0.057778
1 0.265556 0.401667 0.037778 0.058889
1 0.533333 0.410556 0.037778 0.063333
1 0.504444 0.710556 0.037778 0.065556
1 0.308889 0.564444 0.046667 0.048889
1 0.555000 0.337778 0.045556 0.051111
2 0.352778 0.226667 0.041111 0.055556
2 0.538889 0.230000 0.042222 0.048889
2 0.791111 0.134444 0.040000 0.046667
2 0.594444 0.336111 0.033333 0.050000
2 0.783333 0.573333 0.042222 0.053333
2 0.630000 0.603889 0.048889 0.058889
2 0.642778 0.540556 0.041111 0.052222
2 0.281667 0.596667 0.034444 0.055556
2 0.467222 0.726111 0.041111 0.054444
2 0.046667 0.491667 0.048889 0.063333
3 0.404444 0.298333 0.046667 0.056667
3 0.449444 0.305556 0.034444 0.055556
3 0.753889 0.230000 0.043333 0.053333
0 0.174444 0.278889 0.046667 0.062222
0 0.443889 0.574444 0.038889 0.053333
3 0.572222 0.392778 0.042222 0.056667
3 0.617778 0.408333 0.040000 0.056667
3 0.496667 0.426667 0.037778 0.060000
3 0.420556 0.747222 0.043333 0.056667
3 0.758889 0.624444 0.046667 0.066667
3 0.258889 0.637222 0.037778 0.061111
2 0.211667 0.968889 0.043333 0.060000
