0 0.520000 0.237778 0.068889 0.044444
0 0.313333 0.317222 0.088889 0.076667
0 0.360000 0.485000 0.091111 0.070000
0 0.292778 0.603889 0.090000 0.054444
0 0.373889 0.671667 0.081111 0.067778
0 0.770000 0.703889 0.073333 0.056667
0 0.225000 0.129444 0.094444 0.065556
0 0.550000 0.805000 0.068889 0.052222
3 0.588889 0.123889 0.068889 0.065556
3 0.785000 0.203333 0.065556 0.046667
3 0.725556 0.386667 0.062222 0.053333
3 0.442778 0.402222 0.072222 0.055556
3 0.798889 0.533333 0.064444 0.042222
3 0.906667 0.596111 0.066667 0.047778
3 0.578333 0.665556 0.063333 0.046667
3 0.533889 0.539444 0.061111 0.047778
3 0.350556 0.820556 0.087778 0.061111
2 0.498333 0.327222 0.076667 0.045556
2 0.638333 0.316667 0.058889 0.044444
2 0.640556 0.376111 0.061111 0.050000
2 0.617222 0.468889 0.056667 0.055556
2 0.665556 0.547778 0.062222 0.055556
2 0.498889 0.445556 0.068889 0.044444
2 0.670000 0.759444 0.057778 0.047778
2 0.706667 0.797778 0.055556 0.053333
3 0.549444 0.287222 0.072222 0.056667
1 0.824444 0.300000 0.066667 0.057778
1 0.826667 0.436667 0.066667 0.048889
1 0.796111 0.771667 0.067778 0.061111
1 0.823333 0.724444 0.042222 0.046667
1 0.731111 0.663333 0.062222 0.055556
1 0.279444 0.657778 0.081111 0.053333
