1 0.148333 0.131667 0.056667 0.070000
1 0.042222 0.095556 0.060000 0.071111
1 0.212222 0.345000 0.060000 0.078889
1 0.396111 0.555556 0.063333 0.077778
0 0.157222 0.339444 0.056667 0.083333
0 0.312778 0.375000 0.063333 0.078889
0 0.461667 0.440556 0.061111 0.085556
0 0.785556 0.273889 0.060000 0.065556
0 0.623333 0.248889 0.060000 0.077778
0 0.508333 0.169444 0.050000 0.058889
0 0.583333 0.645556 0.057778 0.086667
3 0.726667 0.743333 0.068889 0.084444
3 0.620000 0.438333 0.051111 0.083333
3 0.820556 0.369444 0.054444 0.072222
3 0.348889 0.422222 0.053333 0.073333
3 0.361667 0.327778 0.052222 0.064444
3 0.378333 0.251667 0.052222 0.067778
3 0.338333 0.198889 0.058889 0.048889
3 0.471667 0.246111 0.047778 0.065556
3 0.566667 0.235556 0.044444 0.068889
3 0.581667 0.160556 0.058889 0.063333
3 0.778333 0.210000 0.052222 0.057778
3 0.528333 0.113889 0.052222 0.074444
2 0.331111 0.497222 0.046667 0.063333
2 0.321667 0.257222 0.054444 0.061111
2 0.521667 0.233889 0.043333 0.063333
2 0.724444 0.333333 0.053333 0.071111
2 0.778889 0.331111 0.051111 0.053333
1 0.638889 0.165000 0.055556 0.056667
2 0.625556 0.558333 0.046667 0.074444
2 0.523333 0.658889 0.053333 0.064444
2 0.036667 0.272222 0.057778 0.066667
2 0.574444 0.412222 0.042222 0.066667
