3 0.278889 0.133889 0.055556 0.056667
3 0.116111 0.219444 0.072222 0.052222
3 0.450000 0.179444 0.062222 0.054444
3 0.300556 0.241111 0.070000 0.046667
3 0.517778 0.525556 0.073333 0.051111
3 0.595000 0.451667 0.063333 0.047778
3 0.178889 0.645556 0.082222 0.064444
3 0.254444 0.762778 0.086667 0.070000
0 0.564444 0.146111 0.064444 0.052222
0 0.522778 0.341667 0.083333 0.058889
0 0.234444 0.208333 0.080000 0.045556
0 0.050556 0.293333 0.083333 0.051111
0 0.578333 0.400556 0.076667 0.047778
0 0.646667 0.393333 0.064444 0.055556
0 0.722778 0.480556 0.076667 0.058889
0 0.609444 0.531111 0.081111 0.066667
0 0.847778 0.662222 0.080000 0.055556
1 0.422778 0.230000 0.063333 0.053333
1 0.331111 0.285000 0.073333 0.054444
1 0.285556 0.623889 0.080000 0.058889
1 0.843333 0.610000 0.077778 0.051111
1 0.724444 0.588889 0.071111 0.048889
2 0.523889 0.221667 0.063333 0.043333
2 0.215000 0.159444 0.058889 0.047778
2 0.190556 0.397778 0.072222 0.044444
2 0.150556 0.437778 0.065556 0.048889
2 0.310000 0.575556 0.077778 0.042222
2 0.383889 0.633333 0.074444 0.044444
2 0.402778 0.541111 0.056667 0.053333
1 0.262222 0.385556 0.073333 0.042222
