0 0.660556 0.150556 0.056667 0.078889
0 0.480556 0.276111 0.056667 0.072222
0 0.531667 0.391667 0.065556 0.081111
0 0.393333 0.352222 0.057778 0.057778
0 0.401111 0.420000 0.053333 0.082222
0 0.341667 0.475556 0.058889 0.077778
0 0.150000 0.435556 0.053333 0.062222
0 0.208333 0.762778 0.052222 0.074444
0 0.295000 0.952778 0.052222 0.076667
3 0.525556 0.482222 0.042222 0.068889
3 0.448889 0.405000 0.044444 0.065556
3 0.177778 0.548333 0.051111 0.058889
3 0.240000 0.700000 0.046667 0.071111
3 0.136111 0.718889 0.056667 0.057778
3 0.221667 0.883333 0.052222 0.068889
3 0.199444 0.839444 0.050000 0.063333
3 0.643889 0.820556 0.061111 0.081111
3 0.763333 0.746667 0.073333 0.077778
1 0.607778 0.154444 0.051111 0.073333
1 0.587778 0.275556 0.046667 0.071111
1 0.622778 0.713333 0.058889 0.075556
1 0.385000 0.736111 0.047778 0.074444
1 0.227778 0.578889 0.051111 0.060000
2 0.439444 0.850000 0.050000 0.066667
2 0.397778 0.805556 0.044444 0.060000
2 0.575000 0.687778 0.041111 0.071111
2 0.632222 0.616111 0.048889 0.070000
2 0.539444 0.595556 0.058889 0.053333
2 0.162222 0.783889 0.048889 0.050000
2 0.218889 0.475556 0.048889 0.060000
2 0.734444 0.023889 0.046667 0.045556
