2 0.174444 0.224444 0.060000 0.042222
2 0.543333 0.171111 0.060000 0.044444
2 0.458333 0.078889 0.063333 0.044444
2 0.786667 0.585556 0.051111 0.044444
2 0.932778 0.554444 0.058889 0.033333
2 0.943333 0.614444 0.035556 0.044444
2 0.668889 0.601667 0.053333 0.045556
2 0.857778 0.752222 0.057778 0.040000
0 0.661667 0.093333 0.072222 0.055556
0 0.815556 0.481111 0.071111 0.046667
0 0.917778 0.464444 0.073333 0.044444
0 0.926111 0.895556 0.056667 0.053333
0 0.876667 0.908333 0.057778 0.047778
0 0.033333 0.785000 0.064444 0.050000
0 0.721111 0.742778 0.064444 0.041111
0 0.558333 0.275000 0.058889 0.047778
1 0.401667 0.126111 0.058889 0.045556
1 0.733889 0.488333 0.054444 0.043333
1 0.688889 0.973333 0.053333 0.051111
1 0.488333 0.987778 0.058889 0.024444
3 0.154444 0.341667 0.062222 0.047778
3 0.521667 0.240000 0.063333 0.046667
3 0.523889 0.628333 0.054444 0.038889
3 0.566111 0.638889 0.043333 0.046667
3 0.526667 0.591667 0.055556 0.038889
3 0.625000 0.802222 0.054444 0.042222
3 0.895556 0.595556 0.064444 0.048889
3 0.937222 0.422222 0.058889 0.040000
