0 0.523333 0.100000 0.048889 0.068889
0 0.436667 0.242222 0.044444 0.064444
0 0.301667 0.453889 0.052222 0.065556
0 0.568889 0.458889 0.062222 0.075556
0 0.212222 0.638333 0.068889 0.081111
0 0.711667 0.783333 0.072222 0.084444
0 0.830000 0.883333 0.071111 0.100000
3 0.068889 0.125556 0.046667 0.053333
3 0.456667 0.122222 0.048889 0.062222
3 0.493333 0.203889 0.046667 0.054444
3 0.542222 0.280000 0.046667 0.064444
3 0.670000 0.363333 0.057778 0.071111
3 0.464444 0.427222 0.051111 0.056667
3 0.455000 0.483333 0.050000 0.071111
3 0.507222 0.493333 0.045556 0.060000
3 0.383889 0.642778 0.061111 0.083333
3 0.351111 0.528333 0.048889 0.072222
3 0.248333 0.418333 0.043333 0.061111
1 0.311111 0.074444 0.046667 0.057778
1 0.393333 0.242222 0.042222 0.060000
1 0.481111 0.278889 0.044444 0.057778
1 0.018889 0.312222 0.035556 0.068889
1 0.585556 0.869444 0.066667 0.090000
1 0.558889 0.530556 0.048889 0.065556
2 0.137222 0.077778 0.045556 0.046667
2 0.347222 0.057222 0.038889 0.056667
2 0.353333 0.234444 0.037778 0.062222
2 0.260000 0.305556 0.042222 0.060000
2 0.396111 0.311111 0.052222 0.051111
2 0.373333 0.374444 0.055556 0.053333
2 0.336111 0.414444 0.050000 0.048889
2 0.512222 0.439444 0.044444 0.050000
2 0.411111 0.721667 0.060000 0.067778
