3 0.567222 0.411667 0.045556 0.050000
3 0.760556 0.525556 0.041111 0.062222
3 0.787222 0.177222 0.050000 0.056667
3 0.756111 0.053333 0.045556 0.053333
3 0.482222 0.028333 0.046667 0.054444
3 0.614444 0.026667 0.031111 0.048889
3 0.437222 0.616111 0.043333 0.050000
3 0.064444 0.684444 0.053333 0.062222
3 0.242222 0.845000 0.042222 0.061111
3 0.326111 0.948333 0.047778 0.058889
2 0.470556 0.199444 0.034444 0.052222
2 0.437778 0.207222 0.035556 0.061111
2 0.476111 0.125000 0.038889 0.050000
2 0.847778 0.244444 0.044444 0.057778
2 0.883333 0.203889 0.048889 0.047778
2 0.680000 0.061111 0.028889 0.057778
2 0.500000 0.861667 0.040000 0.065556
2 0.065000 0.753889 0.047778 0.052222
2 0.059444 0.477778 0.041111 0.060000
0 0.526111 0.107222 0.041111 0.061111
0 0.425556 0.092778 0.042222 0.063333
0 0.581111 0.047778 0.037778 0.073333
0 0.642222 0.070000 0.044444 0.068889
0 0.922222 0.761667 0.060000 0.074444
0 0.245000 0.951667 0.058889 0.067778
1 0.606667 0.278333 0.046667 0.052222
1 0.954444 0.350000 0.046667 0.062222
0 0.969444 0.034444 0.030000 0.066667
1 0.306667 0.590000 0.048889 0.051111
1 0.324444 0.735000 0.051111 0.061111
1 0.586667 0.951111 0.046667 0.055556
