3 0.419444 0.096111 0.045556 0.052222
3 0.522222 0.270556 0.044444 0.061111
3 0.585000 0.324444 0.036667 0.062222
3 0.357222 0.427778 0.036667 0.051111
3 0.303333 0.738889 0.035556 0.048889
3 0.212778 0.848333 0.032222 0.050000
3 0.398333 0.878333 0.038889 0.050000
3 0.966111 0.030000 0.054444 0.057778
2 0.127778 0.177778 0.035556 0.057778
2 0.103889 0.320556 0.038889 0.054444
2 0.611667 0.273889 0.041111 0.058889
2 0.751667 0.256667 0.050000 0.046667
2 0.272222 0.462222 0.042222 0.048889
2 0.172222 0.643889 0.044444 0.047778
2 0.527778 0.794444 0.035556 0.053333
2 0.335556 0.761111 0.026667 0.064444
0 0.166667 0.946111 0.044444 0.054444
0 0.494444 0.845000 0.040000 0.054444
0 0.410556 0.675000 0.045556 0.058889
0 0.371667 0.686111 0.045556 0.067778
0 0.247222 0.572222 0.036667 0.066667
0 0.216111 0.535556 0.045556 0.066667
0 0.216667 0.466111 0.048889 0.054444
0 0.166111 0.251667 0.050000 0.072222
2 0.272778 0.016667 0.038889 0.031111
1 0.623889 0.348333 0.041111 0.063333
1 0.373889 0.472222 0.045556 0.044444
1 0.283333 0.562778 0.037778 0.058889
1 0.429444 0.852778 0.032222 0.050000
