0 0.436111 0.200000 0.045556 0.062222
0 0.597778 0.170000 0.042222 0.057778
0 0.442778 0.370556 0.043333 0.067778
0 0.492222 0.264444 0.044444 0.057778
0 0.534444 0.408333 0.037778 0.061111
0 0.711111 0.381667 0.051111 0.065556
0 0.225000 0.493333 0.056667 0.075556
0 0.443889 0.725556 0.058889 0.077778
0 0.432222 0.933333 0.060000 0.073333
0 0.662778 0.386667 0.052222 0.044444
2 0.252222 0.183333 0.042222 0.046667
2 0.372778 0.236111 0.038889 0.050000
2 0.541111 0.296667 0.040000 0.060000
2 0.402222 0.321111 0.044444 0.046667
2 0.305556 0.429444 0.048889 0.052222
2 0.568333 0.853889 0.050000 0.074444
2 0.346111 0.921111 0.052222 0.080000
3 0.646111 0.282222 0.045556 0.066667
3 0.705556 0.275000 0.037778 0.056667
3 0.697222 0.466111 0.045556 0.054444
3 0.657778 0.442778 0.044444 0.056667
3 0.357778 0.542222 0.055556 0.066667
3 0.408333 0.591111 0.052222 0.055556
3 0.446667 0.795556 0.057778 0.055556
3 0.373333 0.752222 0.060000 0.064444
1 0.391111 0.392222 0.044444 0.062222
1 0.684444 0.312222 0.035556 0.046667
1 0.454444 0.595556 0.044444 0.066667
