3 0.623333 0.120556 0.055556 0.078889
3 0.740000 0.322222 0.051111 0.060000
3 0.592778 0.227778 0.050000 0.066667
3 0.578333 0.517222 0.054444 0.072222
3 0.413333 0.263889 0.044444 0.050000
3 0.421111 0.567222 0.048889 0.076667
3 0.447778 0.745000 0.057778 0.067778
3 0.752778 0.765000 0.061111 0.081111
2 0.611111 0.315000 0.037778 0.065556
2 0.726667 0.377778 0.048889 0.048889
2 0.728889 0.544444 0.057778 0.051111
2 0.706111 0.703889 0.050000 0.065556
2 0.610000 0.688333 0.042222 0.076667
2 0.523889 0.424444 0.050000 0.066667
2 0.166111 0.440556 0.050000 0.061111
2 0.397778 0.307222 0.051111 0.054444
1 0.338889 0.328889 0.048889 0.071111
1 0.336111 0.623889 0.063333 0.070000
1 0.207222 0.657778 0.063333 0.073333
1 0.216667 0.465000 0.053333 0.072222
1 0.736111 0.482778 0.063333 0.065556
1 0.626111 0.483333 0.052222 0.062222
3 0.568333 0.331111 0.052222 0.082222
0 0.492222 0.144444 0.062222 0.064444
0 0.306111 0.201667 0.061111 0.074444
0 0.245000 0.324444 0.050000 0.071111
0 0.144444 0.308333 0.071111 0.074444
0 0.457222 0.256111 0.045556 0.067778
0 0.461667 0.638889 0.061111 0.073333
0 0.683889 0.613333 0.058889 0.071111
0 0.580556 0.847778 0.072222 0.088889
0 0.563333 0.671111 0.055556 0.062222
