1 0.829444 0.264444 0.056667 0.077778
1 0.715556 0.509444 0.044444 0.063333
1 0.536111 0.413333 0.052222 0.064444
1 0.667222 0.698333 0.056667 0.070000
1 0.575556 0.758889 0.051111 0.075556
1 0.495556 0.558333 0.051111 0.050000
3 0.571111 0.113889 0.057778 0.052222
3 0.616667 0.201667 0.044444 0.070000
3 0.580556 0.262778 0.045556 0.058889
3 0.517222 0.246667 0.050000 0.062222
3 0.289444 0.545000 0.047778 0.061111
3 0.322222 0.604444 0.060000 0.066667
3 0.450000 0.636667 0.040000 0.066667
3 0.198889 0.602778 0.046667 0.056667
3 0.609444 0.491111 0.038889 0.066667
2 0.372222 0.283889 0.046667 0.063333
2 0.392778 0.346111 0.043333 0.061111
2 0.481111 0.338333 0.046667 0.061111
2 0.586667 0.318333 0.048889 0.052222
2 0.586667 0.167778 0.037778 0.055556
2 0.545556 0.583333 0.042222 0.068889
2 0.506111 0.610000 0.047778 0.055556
2 0.491111 0.675556 0.048889 0.055556
0 0.440556 0.463333 0.061111 0.075556
0 0.506667 0.498889 0.046667 0.066667
0 0.564444 0.517778 0.053333 0.071111
0 0.427222 0.573889 0.054444 0.052222
3 0.708889 0.589444 0.066667 0.067778
0 0.723333 0.394444 0.055556 0.071111
0 0.587222 0.925000 0.054444 0.083333
0 0.395000 0.774444 0.063333 0.080000
