0 0.168333 0.056111 0.056667 0.043333
0 0.558333 0.302222 0.058889 0.051111
0 0.658889 0.252222 0.064444 0.046667
0 0.418333 0.625556 0.056667 0.040000
0 0.463333 0.791667 0.057778 0.043333
0 0.060556 0.335556 0.065556 0.046667
2 0.420556 0.226111 0.050000 0.036667
2 0.401111 0.282222 0.053333 0.031111
2 0.537778 0.348333 0.046667 0.032222
2 0.547222 0.392222 0.052222 0.031111
2 0.376667 0.513333 0.046667 0.037778
2 0.657222 0.627778 0.050000 0.035556
2 0.388333 0.789444 0.056667 0.043333
3 0.174444 0.619444 0.066667 0.043333
3 0.348333 0.580556 0.063333 0.045556
3 0.266111 0.532778 0.056667 0.047778
3 0.493333 0.472778 0.055556 0.041111
3 0.424444 0.565000 0.053333 0.034444
3 0.422222 0.663889 0.057778 0.038889
3 0.453889 0.835556 0.058889 0.046667
3 0.450000 0.262222 0.055556 0.033333
3 0.398889 0.315556 0.048889 0.037778
3 0.076111 0.425000 0.050000 0.041111
3 0.033333 0.305000 0.048889 0.038889
0 0.888889 0.151667 0.064444 0.047778
1 0.728889 0.232778 0.060000 0.043333
1 0.757778 0.399444 0.062222 0.047778
1 0.612778 0.316667 0.052222 0.040000
1 0.471111 0.504444 0.060000 0.037778
1 0.481111 0.703333 0.062222 0.044444
1 0.591667 0.709444 0.054444 0.038889
2 0.088889 0.463889 0.055556 0.038889
