2 0.502778 0.176111 0.072222 0.047778
2 0.394444 0.387222 0.051111 0.054444
2 0.155000 0.142778 0.061111 0.050000
2 0.341111 0.616667 0.062222 0.046667
2 0.953889 0.885000 0.081111 0.050000
3 0.276111 0.185000 0.063333 0.056667
3 0.156667 0.258889 0.071111 0.055556
3 0.211111 0.431111 0.077778 0.055556
3 0.567222 0.659444 0.058889 0.056667
3 0.595000 0.814444 0.070000 0.055556
0 0.731111 0.022778 0.082222 0.043333
0 0.456667 0.316667 0.082222 0.060000
0 0.059444 0.150556 0.076667 0.052222
1 0.030000 0.188889 0.057778 0.051111
1 0.502778 0.581111 0.070000 0.053333
