0 0.854444 0.154444 0.051111 0.068889
0 0.822222 0.209444 0.040000 0.054444
0 0.916667 0.323889 0.053333 0.070000
0 0.676667 0.287222 0.042222 0.061111
0 0.672222 0.343889 0.048889 0.061111
0 0.440000 0.986111 0.060000 0.027778
0 0.147778 0.988333 0.046667 0.023333
3 0.803333 0.153333 0.048889 0.053333
3 0.718333 0.266111 0.043333 0.058889
3 0.757778 0.308889 0.044444 0.062222
3 0.782222 0.243889 0.044444 0.056667
3 0.792222 0.371667 0.040000 0.063333
3 0.722222 0.363889 0.042222 0.058889
3 0.356111 0.861667 0.050000 0.056667
3 0.213889 0.970000 0.056667 0.060000
2 0.256111 0.476667 0.052222 0.060000
2 0.020000 0.551111 0.037778 0.071111
2 0.607778 0.037222 0.046667 0.063333
2 0.796667 0.306111 0.035556 0.070000
2 0.758889 0.405556 0.042222 0.060000
2 0.964444 0.588333 0.053333 0.063333
2 0.831667 0.781667 0.045556 0.063333
1 0.629444 0.227222 0.050000 0.063333
1 0.599444 0.361667 0.054444 0.072222
1 0.906111 0.510556 0.058889 0.070000
1 0.884444 0.376667 0.044444 0.053333
1 0.282222 0.866667 0.055556 0.066667
1 0.262222 0.982778 0.040000 0.034444
