3 0.605000 0.082222 0.043333 0.053333
3 0.544444 0.071667 0.037778 0.056667
3 0.466111 0.230556 0.045556 0.056667
3 0.463889 0.422778 0.041111 0.061111
3 0.796111 0.461111 0.043333 0.057778
3 0.976667 0.586667 0.046667 0.066667
3 0.570556 0.702778 0.038889 0.058889
3 0.421111 0.784444 0.044444 0.066667
3 0.042778 0.701667 0.054444 0.047778
3 0.147778 0.317222 0.051111 0.056667
3 0.131111 0.258333 0.044444 0.054444
2 0.731111 0.209444 0.037778 0.054444
2 0.785556 0.243889 0.042222 0.058889
2 0.871111 0.394444 0.046667 0.051111
2 0.653889 0.442778 0.032222 0.054444
2 0.654444 0.490000 0.048889 0.046667
2 0.880000 0.517222 0.046667 0.054444
2 0.257222 0.331667 0.041111 0.047778
2 0.528889 0.252778 0.035556 0.056667
2 0.612222 0.143333 0.037778 0.060000
0 0.533889 0.021667 0.047778 0.041111
0 0.363333 0.393333 0.051111 0.057778
0 0.446111 0.357778 0.052222 0.062222
0 0.529444 0.463889 0.043333 0.063333
0 0.102778 0.302778 0.034444 0.063333
0 0.015000 0.816667 0.027778 0.071111
0 0.864444 0.675000 0.057778 0.067778
1 0.721667 0.391111 0.047778 0.053333
1 0.698333 0.437778 0.043333 0.055556
1 0.363333 0.296111 0.044444 0.065556
1 0.683333 0.145000 0.044444 0.052222
1 0.528333 0.687778 0.047778 0.068889
