0 0.368889 0.183333 0.053333 0.066667
0 0.175000 0.323889 0.056667 0.065556
0 0.301111 0.512778 0.053333 0.067778
0 0.040000 0.521111 0.053333 0.075556
0 0.275556 0.785000 0.051111 0.076667
0 0.311667 0.738889 0.047778 0.075556
0 0.439444 0.838333 0.043333 0.072222
0 0.487222 0.836667 0.058889 0.077778
3 0.515556 0.120000 0.046667 0.066667
3 0.249444 0.219444 0.050000 0.054444
3 0.234444 0.265556 0.046667 0.057778
3 0.123333 0.302778 0.046667 0.054444
3 0.422222 0.161111 0.042222 0.048889
3 0.020556 0.135556 0.034444 0.046667
3 0.646667 0.785556 0.046667 0.064444
3 0.531111 0.765000 0.051111 0.058889
2 0.252222 0.173889 0.046667 0.041111
2 0.058889 0.142778 0.037778 0.052222
2 0.025556 0.248889 0.048889 0.053333
2 0.506111 0.503889 0.045556 0.050000
2 0.587222 0.744444 0.052222 0.060000
2 0.488333 0.741111 0.038889 0.064444
2 0.398333 0.862778 0.036667 0.061111
1 0.471111 0.117778 0.040000 0.062222
1 0.037778 0.191111 0.051111 0.057778
1 0.603889 0.442222 0.050000 0.057778
1 0.357778 0.720000 0.053333 0.060000
