2 0.815000 0.349444 0.061111 0.038889
2 0.853333 0.429444 0.053333 0.041111
2 0.765556 0.380000 0.042222 0.044444
2 0.747778 0.417222 0.040000 0.036667
2 0.667222 0.484444 0.054444 0.040000
2 0.753333 0.660000 0.048889 0.046667
2 0.622222 0.407778 0.057778 0.037778
2 0.620000 0.371667 0.057778 0.041111
2 0.547222 0.487222 0.056667 0.036667
2 0.440556 0.583333 0.058889 0.040000
2 0.718889 0.749444 0.053333 0.041111
3 0.380000 0.258333 0.062222 0.047778
3 0.510000 0.303333 0.062222 0.051111
3 0.324444 0.337222 0.062222 0.052222
3 0.425556 0.367222 0.057778 0.050000
3 0.463889 0.477778 0.067778 0.035556
3 0.715556 0.375556 0.051111 0.046667
3 0.733889 0.602222 0.070000 0.046667
3 0.552778 0.657778 0.063333 0.042222
3 0.553889 0.613333 0.067778 0.044444
1 0.563889 0.523889 0.061111 0.041111
1 0.391667 0.627222 0.063333 0.050000
1 0.526111 0.242222 0.063333 0.044444
1 0.740556 0.552778 0.063333 0.043333
3 0.698333 0.429444 0.063333 0.047778
1 0.646667 0.726667 0.060000 0.044444
0 0.065556 0.507778 0.086667 0.064444
0 0.418889 0.290000 0.068889 0.044444
0 0.526111 0.429444 0.054444 0.047778
0 0.793889 0.465000 0.067778 0.047778
0 0.902778 0.542778 0.070000 0.054444
0 0.774444 0.506667 0.064444 0.046667
0 0.662778 0.535556 0.074444 0.046667
1 0.702222 0.693333 0.066667 0.042222
