3 0.329444 0.021667 0.036667 0.041111
3 0.203889 0.042222 0.043333 0.060000
3 0.512778 0.150000 0.043333 0.046667
3 0.616111 0.026667 0.036667 0.051111
3 0.842778 0.088333 0.043333 0.045556
3 0.759444 0.577222 0.047778 0.050000
3 0.834444 0.844444 0.044444 0.053333
3 0.437222 0.651111 0.050000 0.062222
3 0.127222 0.982778 0.050000 0.034444
3 0.127778 0.527778 0.037778 0.060000
3 0.835000 0.312778 0.043333 0.058889
2 0.417778 0.186667 0.040000 0.044444
2 0.583333 0.034444 0.028889 0.057778
2 0.790000 0.028333 0.037778 0.043333
2 0.583889 0.597778 0.043333 0.046667
2 0.300556 0.832778 0.036667 0.056667
2 0.125000 0.941111 0.045556 0.044444
2 0.099444 0.470556 0.041111 0.050000
2 0.424444 0.443889 0.044444 0.043333
0 0.631111 0.103889 0.040000 0.056667
0 0.647222 0.171111 0.045556 0.057778
0 0.745000 0.236111 0.038889 0.056667
0 0.850556 0.162222 0.038889 0.048889
0 0.861111 0.261111 0.048889 0.051111
0 0.597222 0.691667 0.050000 0.065556
0 0.272222 0.978333 0.053333 0.043333
1 0.540556 0.026111 0.034444 0.050000
1 0.593333 0.122222 0.035556 0.055556
1 0.923333 0.422778 0.042222 0.058889
1 0.915556 0.528333 0.051111 0.058889
1 0.176111 0.981667 0.047778 0.036667
1 0.227222 0.983333 0.045556 0.033333
2 0.324444 0.985556 0.046667 0.028889
