1 0.414444 0.087222 0.053333 0.065556
1 0.322778 0.382778 0.052222 0.063333
1 0.656111 0.893889 0.050000 0.067778
1 0.433333 0.972222 0.048889 0.055556
1 0.130556 0.967222 0.058889 0.063333
1 0.666667 0.582778 0.046667 0.058889
2 0.279444 0.180556 0.043333 0.067778
2 0.417222 0.159444 0.054444 0.061111
2 0.672222 0.128889 0.051111 0.048889
2 0.600000 0.217778 0.051111 0.057778
2 0.911667 0.242778 0.050000 0.065556
2 0.725000 0.115000 0.045556 0.047778
2 0.708333 0.402778 0.041111 0.065556
2 0.610556 0.562778 0.045556 0.052222
2 0.434444 0.703889 0.040000 0.054444
0 0.206111 0.313333 0.054444 0.068889
0 0.809444 0.306667 0.052222 0.071111
0 0.910556 0.513333 0.061111 0.080000
0 0.952222 0.104444 0.055556 0.060000
0 0.742222 0.054444 0.046667 0.062222
0 0.452222 0.761111 0.057778 0.064444
0 0.838889 0.967778 0.060000 0.062222
3 0.620000 0.631667 0.055556 0.072222
3 0.697222 0.913889 0.038889 0.058889
3 0.500556 0.700556 0.050000 0.072222
3 0.467222 0.657222 0.047778 0.061111
3 0.517222 0.968333 0.050000 0.061111
3 0.345000 0.446111 0.056667 0.063333
3 0.631667 0.392222 0.045556 0.055556
3 0.684444 0.225556 0.051111 0.071111
3 0.370556 0.052222 0.043333 0.077778
3 0.781111 0.088889 0.046667 0.062222
2 0.520556 0.907222 0.038889 0.063333
2 0.562222 0.962222 0.044444 0.062222
