2 0.276111 0.272222 0.045556 0.055556
2 0.333333 0.287778 0.046667 0.053333
2 0.711111 0.127778 0.055556 0.053333
2 0.928333 0.355000 0.045556 0.047778
2 0.784444 0.375000 0.046667 0.056667
2 0.803889 0.543889 0.050000 0.047778
2 0.632222 0.665556 0.046667 0.057778
2 0.489444 0.757778 0.047778 0.064444
2 0.197778 0.688333 0.051111 0.056667
2 0.363333 0.543889 0.051111 0.052222
2 0.607778 0.555000 0.044444 0.043333
3 0.727222 0.221111 0.056667 0.057778
3 0.725000 0.312222 0.058889 0.071111
3 0.351111 0.396111 0.055556 0.058889
3 0.435000 0.231667 0.041111 0.063333
3 0.431667 0.457222 0.050000 0.054444
3 0.468333 0.398333 0.050000 0.056667
3 0.577778 0.511667 0.051111 0.054444
3 0.468889 0.613889 0.055556 0.067778
3 0.705556 0.717222 0.046667 0.063333
0 0.446667 0.340000 0.055556 0.057778
0 0.512778 0.437778 0.050000 0.055556
0 0.197778 0.465000 0.042222 0.061111
0 0.154444 0.656111 0.053333 0.065556
0 0.360556 0.606111 0.063333 0.070000
0 0.593333 0.606667 0.060000 0.064444
0 0.815556 0.669444 0.055556 0.072222
0 0.815556 0.432222 0.046667 0.066667
1 0.190000 0.607778 0.062222 0.068889
1 0.638889 0.829444 0.048889 0.072222
1 0.728889 0.543889 0.051111 0.070000
1 0.643889 0.354444 0.058889 0.057778
1 0.752778 0.485556 0.052222 0.057778
2 0.521111 0.228333 0.048889 0.061111
