2 0.197222 0.157222 0.072222 0.096667
2 0.486111 0.135556 0.058889 0.077778
2 0.575000 0.468333 0.061111 0.072222
2 0.518889 0.635556 0.060000 0.082222
2 0.512778 0.763889 0.056667 0.081111
2 0.758889 0.601111 0.042222 0.077778
2 0.720000 0.501111 0.044444 0.077778
2 0.265556 0.886667 0.060000 0.095556
0 0.642222 0.768889 0.064444 0.095556
0 0.545000 0.532222 0.056667 0.077778
0 0.397778 0.533333 0.084444 0.102222
0 0.832222 0.508889 0.080000 0.086667
0 0.385000 0.200556 0.072222 0.094444
0 0.626111 0.432222 0.058889 0.064444
0 0.783333 0.365000 0.062222 0.076667
0 0.730556 0.686111 0.065556 0.090000
0 0.620000 0.552778 0.062222 0.072222
1 0.475000 0.886111 0.070000 0.072222
1 0.421667 0.642778 0.070000 0.087778
1 0.385556 0.385556 0.060000 0.073333
1 0.850000 0.403333 0.066667 0.073333
3 0.802222 0.244444 0.064444 0.080000
3 0.425000 0.131111 0.061111 0.082222
3 0.372778 0.301667 0.065556 0.083333
3 0.173889 0.568889 0.078889 0.091111
3 0.582778 0.382778 0.065556 0.070000
3 0.696111 0.432222 0.065556 0.075556
3 0.663333 0.493889 0.064444 0.067778
3 0.712778 0.585000 0.058889 0.070000
3 0.867222 0.579444 0.063333 0.070000
3 0.807778 0.623333 0.053333 0.075556
3 0.585000 0.615000 0.065556 0.065556
