2 0.363333 0.105556 0.077778 0.060000
2 0.598889 0.348889 0.080000 0.055556
2 0.768889 0.548889 0.071111 0.051111
2 0.828889 0.676667 0.066667 0.064444
2 0.618333 0.545000 0.083333 0.054444
2 0.512778 0.548889 0.074444 0.055556
2 0.448333 0.540556 0.052222 0.056667
2 0.173333 0.536111 0.082222 0.043333
2 0.181111 0.594444 0.082222 0.051111
0 0.193333 0.356111 0.091111 0.070000
0 0.023889 0.543333 0.045556 0.057778
1 0.442778 0.427222 0.081111 0.052222
1 0.298333 0.565556 0.090000 0.068889
1 0.381111 0.524444 0.084444 0.053333
1 0.297222 0.716667 0.061111 0.057778
3 0.266111 0.441111 0.090000 0.068889
3 0.572222 0.433333 0.080000 0.064444
3 0.729444 0.425000 0.081111 0.063333
3 0.918333 0.535000 0.081111 0.058889
3 0.697778 0.562778 0.064444 0.070000
3 0.761667 0.602778 0.081111 0.056667
3 0.757222 0.662222 0.067778 0.057778
3 0.618333 0.598889 0.078889 0.060000
3 0.542778 0.737222 0.065556 0.067778
3 0.431111 0.674444 0.084444 0.055556
3 0.361667 0.639444 0.074444 0.047778
3 0.156667 0.726111 0.091111 0.065556
3 0.073889 0.620556 0.101111 0.063333
3 0.422222 0.475000 0.077778 0.054444
3 0.646667 0.499444 0.068889 0.050000
