0 0.795000 0.130556 0.085556 0.076667
0 0.572778 0.067778 0.085556 0.055556
0 0.377778 0.197222 0.084444 0.050000
0 0.136667 0.216667 0.091111 0.075556
0 0.530556 0.540000 0.101111 0.060000
0 0.523889 0.353889 0.081111 0.058889
0 0.790000 0.574444 0.097778 0.077778
0 0.351111 0.895000 0.088889 0.063333
0 0.259444 0.866111 0.101111 0.074444
1 0.727222 0.216111 0.076667 0.056667
1 0.647778 0.158889 0.082222 0.062222
1 0.640000 0.596667 0.066667 0.066667
3 0.174444 0.119444 0.073333 0.058889
3 0.445556 0.068889 0.075556 0.053333
3 0.536667 0.108889 0.082222 0.055556
3 0.691667 0.291667 0.074444 0.065556
3 0.798889 0.249444 0.084444 0.072222
3 0.644444 0.407778 0.068889 0.066667
3 0.360000 0.655000 0.088889 0.061111
3 0.402778 0.830556 0.076667 0.070000
3 0.210000 0.942222 0.093333 0.082222
1 0.145556 0.789444 0.084444 0.067778
1 0.712778 0.780000 0.087778 0.077778
1 0.792778 0.703333 0.101111 0.071111
2 0.715556 0.613889 0.075556 0.058889
2 0.808333 0.493889 0.076667 0.058889
2 0.656667 0.462778 0.095556 0.050000
2 0.797778 0.379444 0.080000 0.054444
2 0.468889 0.224444 0.066667 0.060000
2 0.410000 0.247222 0.066667 0.061111
2 0.320000 0.326111 0.066667 0.058889
2 0.421111 0.107222 0.073333 0.045556
