0 0.572222 0.142778 0.066667 0.054444
0 0.342222 0.151667 0.068889 0.041111
0 0.391667 0.241667 0.058889 0.047778
0 0.940556 0.201111 0.067778 0.044444
0 0.907778 0.941111 0.073333 0.062222
3 0.144444 0.128889 0.064444 0.042222
3 0.134444 0.313889 0.062222 0.041111
3 0.485556 0.340556 0.066667 0.054444
3 0.902222 0.369444 0.080000 0.052222
3 0.955556 0.485556 0.080000 0.037778
3 0.973889 0.791111 0.052222 0.046667
3 0.339444 0.745000 0.058889 0.043333
3 0.250556 0.728889 0.056667 0.046667
3 0.141667 0.893333 0.050000 0.037778
2 0.189444 0.349444 0.052222 0.036667
2 0.433333 0.337222 0.044444 0.038889
2 0.907778 0.508333 0.055556 0.034444
2 0.968889 0.528333 0.060000 0.038889
2 0.603889 0.822222 0.043333 0.051111
2 0.471667 0.740556 0.054444 0.043333
2 0.318889 0.702778 0.062222 0.032222
2 0.253333 0.941667 0.060000 0.043333
2 0.558333 0.945000 0.045556 0.050000
1 0.826667 0.112222 0.066667 0.053333
1 0.636111 0.050556 0.063333 0.052222
1 0.446111 0.199444 0.050000 0.054444
1 0.566667 0.260556 0.057778 0.041111
1 0.678333 0.336667 0.058889 0.057778
1 0.017222 0.591111 0.032222 0.051111
