0 0.467222 0.103333 0.076667 0.102222
0 0.316667 0.087222 0.066667 0.098889
0 0.216111 0.165000 0.083333 0.096667
0 0.392222 0.398889 0.057778 0.086667
0 0.821667 0.226111 0.078889 0.085556
0 0.689444 0.522778 0.065556 0.087778
0 0.637778 0.695556 0.066667 0.100000
0 0.451667 0.726111 0.063333 0.094444
0 0.752222 0.891111 0.077778 0.086667
3 0.707222 0.165556 0.061111 0.082222
3 0.656667 0.079444 0.060000 0.081111
3 0.351667 0.327222 0.070000 0.078889
3 0.510000 0.450000 0.075556 0.091111
3 0.844444 0.570000 0.062222 0.068889
3 0.843889 0.637778 0.067778 0.064444
3 0.636667 0.593333 0.062222 0.077778
3 0.552222 0.687778 0.057778 0.075556
3 0.253889 0.482222 0.063333 0.082222
3 0.793333 0.528333 0.048889 0.076667
1 0.137222 0.531667 0.072222 0.076667
1 0.320000 0.477222 0.064444 0.078889
1 0.289444 0.651667 0.063333 0.070000
1 0.694444 0.251111 0.064444 0.086667
2 0.523333 0.804444 0.062222 0.080000
2 0.739444 0.673889 0.050000 0.085556
2 0.899444 0.613333 0.043333 0.075556
2 0.589444 0.540000 0.045556 0.075556
2 0.624444 0.503889 0.062222 0.072222
2 0.162778 0.433889 0.067778 0.072222
2 0.445556 0.338889 0.060000 0.075556
2 0.485000 0.283333 0.063333 0.075556
1 0.640000 0.417778 0.057778 0.088889
