3 0.748889 0.032778 0.046667 0.063333
3 0.825556 0.200556 0.031111 0.052222
3 0.946111 0.445000 0.043333 0.061111
3 0.291111 0.475000 0.053333 0.052222
3 0.919444 0.719444 0.050000 0.058889
3 0.639444 0.951667 0.058889 0.065556
3 0.266111 0.769444 0.056667 0.070000
3 0.200556 0.907778 0.063333 0.073333
3 0.032778 0.453333 0.045556 0.055556
1 0.696111 0.120000 0.047778 0.057778
1 0.943333 0.557222 0.048889 0.067778
1 0.073333 0.940000 0.044444 0.073333
1 0.208889 0.250556 0.048889 0.058889
1 0.240000 0.198333 0.048889 0.045556
1 0.135556 0.253889 0.046667 0.052222
0 0.605556 0.053333 0.040000 0.066667
0 0.862778 0.134444 0.054444 0.051111
0 0.970000 0.733889 0.046667 0.070000
0 0.698333 0.896667 0.054444 0.060000
0 0.183333 0.713889 0.071111 0.076667
0 0.023333 0.955000 0.044444 0.063333
0 0.198333 0.158889 0.036667 0.053333
2 0.292778 0.082778 0.050000 0.061111
2 0.323333 0.743889 0.044444 0.061111
2 0.146111 0.875000 0.038889 0.061111
2 0.858333 0.900556 0.050000 0.058889
2 0.899444 0.457222 0.050000 0.056667
2 0.852778 0.243889 0.047778 0.056667
2 0.792778 0.211111 0.041111 0.048889
2 0.865556 0.188889 0.042222 0.042222
2 0.892222 0.098889 0.037778 0.044444
