2 0.202778 0.214444 0.085556 0.068889
2 0.569444 0.144444 0.072222 0.057778
2 0.881667 0.211667 0.067778 0.050000
2 0.461111 0.411667 0.073333 0.061111
2 0.830556 0.411111 0.074444 0.042222
2 0.693889 0.495556 0.065556 0.055556
2 0.819444 0.608889 0.058889 0.051111
2 0.683889 0.865000 0.058889 0.043333
3 0.371111 0.090556 0.084444 0.074444
3 0.708889 0.215556 0.080000 0.057778
3 0.361111 0.407222 0.088889 0.063333
3 0.380556 0.356111 0.083333 0.056667
3 0.630000 0.438889 0.073333 0.060000
3 0.815000 0.460556 0.074444 0.058889
3 0.898333 0.430000 0.063333 0.053333
3 0.876667 0.585556 0.057778 0.051111
3 0.568889 0.606111 0.075556 0.058889
3 0.216667 0.550000 0.077778 0.064444
0 0.193889 0.356111 0.116667 0.078889
0 0.537222 0.336667 0.083333 0.066667
0 0.695000 0.359444 0.065556 0.061111
0 0.760556 0.550556 0.090000 0.056667
0 0.456667 0.546667 0.082222 0.064444
0 0.405556 0.491111 0.075556 0.053333
0 0.387222 0.563889 0.076667 0.065556
0 0.719444 0.672778 0.081111 0.070000
1 0.652222 0.396667 0.073333 0.055556
1 0.333333 0.732222 0.080000 0.073333
1 0.421111 0.790556 0.075556 0.070000
1 0.662778 0.819444 0.065556 0.056667
1 0.800000 0.692222 0.077778 0.046667
1 0.932778 0.276667 0.067778 0.053333
