2 0.833889 0.083333 0.036667 0.044444
2 0.844444 0.222778 0.037778 0.050000
2 0.585556 0.073333 0.037778 0.037778
2 0.469444 0.377778 0.043333 0.051111
2 0.253889 0.408889 0.041111 0.051111
2 0.405000 0.671111 0.036667 0.042222
2 0.409444 0.621111 0.038889 0.046667
2 0.753889 0.749444 0.038889 0.058889
2 0.451667 0.873333 0.038889 0.064444
2 0.478889 0.928889 0.035556 0.057778
2 0.728333 0.931111 0.047778 0.057778
3 0.568333 0.111667 0.038889 0.047778
3 0.561111 0.232778 0.037778 0.038889
3 0.815556 0.293889 0.042222 0.054444
3 0.732778 0.362778 0.034444 0.052222
3 0.692222 0.522222 0.046667 0.055556
3 0.803889 0.757222 0.041111 0.061111
3 0.856111 0.918333 0.052222 0.070000
3 0.296667 0.379444 0.040000 0.058889
3 0.180000 0.235556 0.046667 0.060000
1 0.115000 0.271667 0.043333 0.052222
1 0.557222 0.276667 0.045556 0.051111
1 0.672778 0.293333 0.038889 0.053333
1 0.945000 0.828333 0.056667 0.054444
1 0.782778 0.926111 0.047778 0.070000
1 0.516667 0.952778 0.044444 0.047778
0 0.550556 0.915000 0.047778 0.070000
0 0.571667 0.797222 0.056667 0.070000
0 0.574444 0.655000 0.048889 0.056667
0 0.388333 0.562778 0.052222 0.058889
0 0.509444 0.469444 0.045556 0.058889
3 0.077778 0.699444 0.053333 0.056667
0 0.137222 0.946111 0.058889 0.067778
