0 0.567778 0.668333 0.066667 0.096667
0 0.613889 0.542778 0.074444 0.096667
0 0.466111 0.630556 0.067778 0.094444
0 0.458333 0.875000 0.076667 0.116667
0 0.861667 0.681111 0.078889 0.082222
0 0.561667 0.392222 0.050000 0.068889
0 0.731667 0.360556 0.061111 0.076667
0 0.616111 0.273889 0.052222 0.078889
1 0.275556 0.739444 0.091111 0.087778
1 0.806111 0.591667 0.063333 0.078889
3 0.607778 0.453333 0.048889 0.064444
3 0.477778 0.436111 0.051111 0.074444
3 0.301667 0.331667 0.050000 0.047778
3 0.248333 0.366111 0.061111 0.065556
3 0.662778 0.300556 0.047778 0.067778
3 0.980556 0.201667 0.038889 0.078889
3 0.985556 0.275000 0.028889 0.065556
2 0.646111 0.398889 0.054444 0.064444
2 0.521111 0.408889 0.042222 0.068889
2 0.388889 0.469444 0.066667 0.058889
2 0.462222 0.551111 0.060000 0.064444
2 0.301667 0.500000 0.061111 0.064444
2 0.980556 0.511111 0.038889 0.064444
2 0.938889 0.518333 0.046667 0.074444
2 0.900556 0.531111 0.056667 0.066667
1 0.321111 0.397222 0.071111 0.074444
1 0.873889 0.582222 0.061111 0.055556
1 0.601667 0.220556 0.050000 0.034444
