0 0.256111 0.356667 0.043333 0.066667
0 0.375556 0.377222 0.046667 0.052222
0 0.481667 0.367222 0.034444 0.052222
0 0.624444 0.736667 0.048889 0.055556
0 0.686111 0.509444 0.045556 0.054444
0 0.710556 0.558889 0.047778 0.064444
0 0.517778 0.514444 0.044444 0.053333
0 0.711111 0.292222 0.042222 0.051111
2 0.378889 0.288889 0.037778 0.037778
2 0.522778 0.271111 0.036667 0.046667
2 0.431667 0.506111 0.034444 0.047778
2 0.413889 0.538333 0.038889 0.052222
2 0.524444 0.573889 0.037778 0.041111
2 0.409444 0.710000 0.034444 0.053333
2 0.053889 0.480556 0.041111 0.043333
2 0.056111 0.440000 0.032222 0.053333
2 0.918889 0.471667 0.040000 0.063333
3 0.564444 0.217222 0.040000 0.045556
3 0.575000 0.265000 0.030000 0.050000
3 0.601667 0.424444 0.052222 0.057778
3 0.741111 0.364444 0.037778 0.051111
3 0.543889 0.639444 0.041111 0.052222
3 0.227222 0.501667 0.050000 0.058889
3 0.444444 0.364444 0.035556 0.053333
3 0.484444 0.281111 0.035556 0.044444
3 0.386111 0.247222 0.036667 0.045556
1 0.240556 0.200556 0.047778 0.052222
1 0.155556 0.175000 0.035556 0.056667
1 0.604444 0.223333 0.042222 0.048889
1 0.295000 0.356111 0.034444 0.054444
1 0.563333 0.593889 0.042222 0.047778
1 0.492778 0.456111 0.038889 0.063333
0 0.509444 0.222778 0.038889 0.043333
