2 0.404444 0.145000 0.046667 0.052222
2 0.221111 0.190556 0.044444 0.056667
2 0.310000 0.250556 0.037778 0.054444
2 0.162222 0.363889 0.042222 0.052222
2 0.308889 0.357222 0.046667 0.036667
2 0.354444 0.336111 0.044444 0.052222
2 0.082222 0.528889 0.046667 0.048889
2 0.305000 0.713889 0.045556 0.052222
2 0.334444 0.671667 0.044444 0.052222
2 0.015556 0.664444 0.028889 0.055556
2 0.597778 0.547222 0.040000 0.056667
3 0.470000 0.294444 0.046667 0.064444
3 0.632778 0.353889 0.052222 0.061111
3 0.581111 0.401667 0.046667 0.061111
3 0.616111 0.426667 0.041111 0.055556
3 0.768333 0.515556 0.047778 0.060000
3 0.467222 0.601111 0.038889 0.051111
3 0.141111 0.821667 0.053333 0.065556
3 0.297778 0.402778 0.042222 0.052222
0 0.312778 0.312222 0.043333 0.053333
0 0.340556 0.395556 0.043333 0.060000
0 0.222778 0.527222 0.052222 0.061111
0 0.116667 0.625556 0.053333 0.062222
0 0.202778 0.667222 0.047778 0.063333
0 0.433333 0.575000 0.037778 0.052222
0 0.642778 0.578889 0.047778 0.062222
0 0.693889 0.510000 0.052222 0.080000
1 0.393889 0.311111 0.047778 0.064444
1 0.593333 0.717778 0.060000 0.064444
1 0.853889 0.705000 0.054444 0.067778
1 0.608333 0.615000 0.047778 0.063333
0 0.555000 0.552222 0.054444 0.057778
1 0.256111 0.678889 0.047778 0.053333
