1 0.630000 0.149444 0.055556 0.052222
3 0.491111 0.236111 0.051111 0.076667
3 0.605000 0.217778 0.045556 0.073333
3 0.718333 0.349444 0.052222 0.070000
3 0.785000 0.401667 0.054444 0.063333
3 0.875000 0.129444 0.050000 0.067778
3 0.588889 0.035000 0.044444 0.065556
3 0.122778 0.801111 0.052222 0.073333
2 0.749444 0.670556 0.052222 0.065556
2 0.765000 0.285556 0.050000 0.053333
2 0.898889 0.242778 0.048889 0.065556
2 0.653333 0.205000 0.051111 0.058889
2 0.781667 0.109444 0.052222 0.065556
2 0.921667 0.135000 0.041111 0.056667
2 0.777222 0.035000 0.045556 0.056667
2 0.362778 0.057778 0.041111 0.068889
2 0.065000 0.228333 0.056667 0.061111
0 0.718333 0.430000 0.058889 0.066667
0 0.909444 0.441667 0.065556 0.087778
0 0.951111 0.197778 0.057778 0.066667
0 0.566111 0.172222 0.050000 0.077778
0 0.473889 0.036111 0.056667 0.070000
