2 0.567222 0.075556 0.054444 0.097778
2 0.581111 0.240000 0.046667 0.077778
2 0.796667 0.422222 0.064444 0.066667
2 0.606667 0.560556 0.064444 0.083333
2 0.466111 0.693889 0.052222 0.074444
2 0.572778 0.717222 0.058889 0.076667
2 0.946111 0.532222 0.056667 0.064444
2 0.674444 0.967778 0.057778 0.064444
0 0.297778 0.375000 0.086667 0.103333
0 0.199444 0.438889 0.074444 0.093333
0 0.530556 0.282222 0.061111 0.097778
0 0.692222 0.360000 0.066667 0.082222
0 0.794444 0.571111 0.062222 0.075556
0 0.842778 0.530556 0.067778 0.101111
0 0.758333 0.694444 0.070000 0.086667
3 0.658333 0.798889 0.070000 0.075556
3 0.618889 0.952778 0.053333 0.083333
3 0.901111 0.563889 0.048889 0.070000
3 0.716111 0.628889 0.067778 0.068889
3 0.409444 0.628889 0.074444 0.080000
3 0.591667 0.337778 0.067778 0.091111
3 0.633333 0.286111 0.053333 0.076667
3 0.820000 0.268889 0.062222 0.077778
3 0.898889 0.365556 0.053333 0.082222
1 0.397778 0.721111 0.073333 0.084444
1 0.895556 0.713333 0.057778 0.084444
1 0.422222 0.388333 0.075556 0.078889
1 0.094444 0.435000 0.086667 0.092222
1 0.844444 0.355000 0.048889 0.087778
0 0.787222 0.346111 0.063333 0.072222
0 0.931667 0.640556 0.070000 0.090000
