3 0.436111 0.173333 0.050000 0.075556
3 0.481111 0.246111 0.048889 0.063333
3 0.486667 0.323889 0.051111 0.063333
3 0.325000 0.390000 0.047778 0.068889
3 0.611111 0.399444 0.046667 0.063333
3 0.817222 0.561667 0.056667 0.070000
3 0.733333 0.815000 0.062222 0.078889
3 0.258889 0.561111 0.057778 0.073333
0 0.226111 0.366667 0.054444 0.068889
0 0.148333 0.477778 0.056667 0.077778
0 0.706667 0.466111 0.062222 0.087778
0 0.678889 0.372222 0.062222 0.082222
0 0.640556 0.458333 0.054444 0.063333
0 0.562778 0.686111 0.063333 0.081111
0 0.650000 0.884444 0.055556 0.082222
3 0.670556 0.601667 0.067778 0.078889
2 0.341111 0.269444 0.055556 0.067778
2 0.369444 0.403889 0.043333 0.067778
2 0.493889 0.406667 0.058889 0.060000
2 0.752222 0.316111 0.053333 0.063333
2 0.765000 0.401111 0.056667 0.057778
2 0.759444 0.708333 0.056667 0.070000
2 0.648333 0.518889 0.054444 0.055556
2 0.563889 0.488889 0.052222 0.068889
2 0.426111 0.557778 0.047778 0.062222
2 0.487778 0.727222 0.053333 0.056667
1 0.333889 0.529444 0.056667 0.065556
1 0.195000 0.666111 0.052222 0.076667
1 0.394444 0.643333 0.062222 0.077778
1 0.396667 0.804444 0.057778 0.082222
1 0.462778 0.811111 0.056667 0.073333
1 0.530000 0.862222 0.066667 0.064444
