2 0.383333 0.139444 0.057778 0.041111
2 0.723333 0.248333 0.051111 0.038889
2 0.568889 0.489444 0.055556 0.036667
2 0.652778 0.540556 0.054444 0.050000
2 0.693889 0.637222 0.045556 0.045556
2 0.319444 0.693333 0.056667 0.040000
2 0.927778 0.411667 0.068889 0.038889
2 0.976667 0.387778 0.046667 0.048889
3 0.204444 0.220000 0.062222 0.040000
3 0.397222 0.246667 0.056667 0.046667
3 0.450000 0.253333 0.055556 0.040000
3 0.556111 0.253889 0.056667 0.041111
3 0.462222 0.378889 0.064444 0.051111
3 0.600000 0.452222 0.066667 0.044444
3 0.416111 0.586111 0.058889 0.045556
3 0.146111 0.636667 0.072222 0.048889
3 0.683333 0.814444 0.060000 0.057778
3 0.968889 0.609444 0.060000 0.047778
3 0.552222 0.376111 0.051111 0.043333
0 0.287778 0.273889 0.055556 0.050000
0 0.621111 0.504444 0.057778 0.037778
0 0.454444 0.291111 0.055556 0.040000
0 0.552778 0.180556 0.063333 0.050000
0 0.297778 0.551667 0.066667 0.052222
0 0.196111 0.697222 0.076667 0.056667
0 0.388889 0.697778 0.073333 0.051111
1 0.282778 0.319444 0.056667 0.045556
1 0.506111 0.355000 0.052222 0.032222
1 0.684444 0.219444 0.051111 0.043333
1 0.712222 0.361111 0.048889 0.044444
1 0.600000 0.557222 0.066667 0.047778
