3 0.343889 0.070556 0.054444 0.083333
3 0.428333 0.353333 0.061111 0.068889
3 0.573333 0.316111 0.046667 0.076667
3 0.622778 0.297222 0.054444 0.061111
3 0.599444 0.186111 0.056667 0.070000
3 0.894444 0.259444 0.051111 0.074444
3 0.714444 0.483889 0.055556 0.065556
3 0.533889 0.476111 0.052222 0.067778
3 0.213889 0.476111 0.070000 0.081111
3 0.462778 0.841667 0.054444 0.078889
3 0.740556 0.770000 0.063333 0.082222
2 0.356111 0.143333 0.065556 0.060000
2 0.605000 0.242778 0.056667 0.050000
2 0.847778 0.313889 0.051111 0.067778
2 0.598333 0.442778 0.058889 0.052222
2 0.467222 0.466667 0.045556 0.068889
2 0.622222 0.522778 0.055556 0.065556
2 0.370556 0.553333 0.058889 0.064444
2 0.294444 0.490556 0.051111 0.065556
0 0.209444 0.275556 0.067778 0.080000
0 0.315556 0.401111 0.066667 0.082222
0 0.679444 0.244444 0.052222 0.075556
0 0.682778 0.394444 0.054444 0.077778
0 0.587778 0.582778 0.071111 0.072222
0 0.827778 0.458889 0.068889 0.068889
0 0.916667 0.430000 0.066667 0.082222
1 0.741667 0.214444 0.052222 0.060000
1 0.740000 0.375000 0.062222 0.074444
1 0.697778 0.607778 0.057778 0.071111
1 0.163333 0.591111 0.062222 0.077778
1 0.513889 0.838889 0.058889 0.068889
1 0.786111 0.796111 0.041111 0.076667
