3 0.486667 0.089444 0.035556 0.056667
3 0.773889 0.092222 0.036667 0.053333
3 0.549444 0.138889 0.034444 0.062222
3 0.705556 0.403333 0.040000 0.053333
3 0.637222 0.300000 0.036667 0.055556
3 0.575556 0.441111 0.033333 0.044444
3 0.454444 0.366667 0.037778 0.046667
3 0.478889 0.417222 0.046667 0.052222
3 0.375000 0.448333 0.043333 0.061111
0 0.478333 0.181667 0.047778 0.061111
0 0.600556 0.263889 0.043333 0.065556
0 0.597778 0.326111 0.037778 0.056667
0 0.271667 0.579444 0.041111 0.056667
0 0.230000 0.452778 0.042222 0.063333
0 0.183889 0.447778 0.052222 0.064444
0 0.205000 0.368333 0.054444 0.063333
0 0.910556 0.165000 0.041111 0.056667
0 0.932778 0.367778 0.041111 0.048889
2 0.514444 0.131111 0.035556 0.053333
2 0.455556 0.321111 0.040000 0.044444
2 0.410556 0.371111 0.045556 0.048889
2 0.492222 0.373333 0.033333 0.044444
2 0.633889 0.349444 0.038889 0.041111
2 0.898889 0.413889 0.042222 0.045556
2 0.696111 0.543889 0.038889 0.047778
2 0.302778 0.443889 0.036667 0.054444
1 0.741111 0.194444 0.044444 0.060000
1 0.743889 0.348889 0.041111 0.048889
1 0.608889 0.475556 0.042222 0.055556
1 0.546111 0.456111 0.032222 0.056667
1 0.334444 0.415000 0.042222 0.045556
1 0.213333 0.647222 0.051111 0.065556
