2 0.243889 0.030556 0.052222 0.058889
2 0.308889 0.187778 0.046667 0.068889
2 0.342778 0.266111 0.043333 0.058889
2 0.646667 0.421111 0.046667 0.057778
2 0.532222 0.586667 0.048889 0.055556
2 0.672778 0.621667 0.050000 0.058889
2 0.634444 0.546111 0.055556 0.056667
2 0.376667 0.601111 0.046667 0.048889
1 0.310000 0.846111 0.044444 0.072222
1 0.351667 0.548333 0.050000 0.061111
1 0.720000 0.582778 0.044444 0.070000
1 0.623889 0.483333 0.052222 0.073333
1 0.802778 0.181111 0.054444 0.075556
3 0.132222 0.480556 0.057778 0.054444
3 0.271667 0.461667 0.045556 0.061111
3 0.584444 0.376111 0.042222 0.076667
3 0.634444 0.266111 0.053333 0.074444
3 0.158333 0.424444 0.045556 0.068889
3 0.188333 0.240000 0.052222 0.051111
3 0.697778 0.116111 0.062222 0.074444
3 0.855000 0.306111 0.070000 0.087778
3 0.417778 0.547778 0.060000 0.066667
0 0.270556 0.602778 0.063333 0.076667
0 0.526111 0.656111 0.058889 0.081111
0 0.123889 0.566667 0.047778 0.062222
0 0.310556 0.504444 0.045556 0.064444
0 0.498889 0.449444 0.046667 0.063333
0 0.266667 0.359444 0.055556 0.074444
0 0.267778 0.255000 0.051111 0.070000
0 0.221667 0.291111 0.047778 0.060000
0 0.248333 0.177778 0.056667 0.082222
3 0.600556 0.590000 0.047778 0.060000
