2 0.550000 0.063889 0.044444 0.063333
2 0.464444 0.160000 0.044444 0.055556
2 0.058889 0.290556 0.046667 0.058889
2 0.253333 0.338333 0.037778 0.063333
2 0.269444 0.277222 0.043333 0.041111
2 0.635000 0.315556 0.050000 0.071111
2 0.485000 0.438333 0.056667 0.047778
2 0.232222 0.459444 0.055556 0.070000
2 0.166111 0.581111 0.047778 0.062222
2 0.311667 0.575556 0.047778 0.055556
2 0.658889 0.768889 0.055556 0.062222
2 0.827222 0.198889 0.043333 0.057778
3 0.565000 0.204444 0.036667 0.066667
3 0.527778 0.214444 0.044444 0.055556
3 0.297778 0.222222 0.037778 0.042222
3 0.315556 0.258333 0.046667 0.038889
3 0.210000 0.354444 0.046667 0.064444
3 0.262778 0.546111 0.041111 0.067778
3 0.425556 0.405000 0.048889 0.052222
3 0.829444 0.476111 0.052222 0.058889
3 0.790556 0.641111 0.058889 0.068889
3 0.796111 0.270000 0.045556 0.060000
3 0.961111 0.577778 0.044444 0.071111
3 0.916667 0.552222 0.053333 0.051111
1 0.577778 0.326111 0.046667 0.056667
1 0.298889 0.325556 0.046667 0.060000
1 0.486111 0.568889 0.052222 0.057778
1 0.910000 0.610000 0.053333 0.057778
0 0.343889 0.312222 0.038889 0.060000
0 0.306667 0.517778 0.053333 0.062222
0 0.417778 0.472778 0.051111 0.067778
0 0.361111 0.587222 0.053333 0.063333
0 0.563333 0.578333 0.048889 0.058889
0 0.616111 0.551111 0.063333 0.064444
