3 0.760000 0.229444 0.057778 0.058889
3 0.637222 0.544444 0.056667 0.044444
3 0.769444 0.543889 0.054444 0.050000
3 0.556111 0.696667 0.056667 0.046667
3 0.556667 0.765556 0.062222 0.053333
3 0.610000 0.690000 0.053333 0.044444
3 0.308333 0.549444 0.065556 0.052222
3 0.145000 0.447778 0.061111 0.048889
3 0.259444 0.274444 0.056667 0.042222
1 0.785000 0.480556 0.054444 0.050000
1 0.548333 0.635000 0.050000 0.047778
1 0.401111 0.672778 0.053333 0.052222
1 0.755556 0.691667 0.053333 0.041111
1 0.307222 0.160556 0.070000 0.058889
0 0.318889 0.292222 0.073333 0.060000
0 0.321667 0.368889 0.070000 0.055556
0 0.338333 0.726111 0.072222 0.056667
0 0.405000 0.757778 0.065556 0.048889
0 0.458889 0.936667 0.060000 0.051111
0 0.792222 0.729444 0.055556 0.047778
0 0.735000 0.653889 0.058889 0.047778
0 0.600000 0.627222 0.051111 0.047778
2 0.515556 0.330000 0.044444 0.046667
2 0.651667 0.369444 0.061111 0.041111
2 0.641667 0.401667 0.061111 0.041111
2 0.511667 0.511111 0.045556 0.048889
2 0.422222 0.433333 0.064444 0.040000
2 0.377222 0.330556 0.056667 0.045556
2 0.408333 0.523333 0.043333 0.048889
2 0.449444 0.610556 0.061111 0.038889
2 0.437222 0.643333 0.065556 0.037778
2 0.692778 0.720556 0.061111 0.038889
2 0.653889 0.839444 0.063333 0.047778
2 0.902778 0.826667 0.056667 0.053333
