3 0.818333 0.216111 0.045556 0.056667
3 0.977222 0.290556 0.045556 0.063333
3 0.956111 0.410000 0.045556 0.066667
3 0.753333 0.241667 0.046667 0.052222
3 0.878333 0.951667 0.050000 0.065556
3 0.737222 0.937222 0.047778 0.067778
3 0.814444 0.967222 0.053333 0.065556
3 0.421111 0.943889 0.055556 0.070000
3 0.343889 0.945556 0.045556 0.071111
3 0.245556 0.486111 0.046667 0.054444
3 0.221111 0.450556 0.046667 0.047778
0 0.666667 0.226111 0.044444 0.063333
0 0.785556 0.290556 0.048889 0.065556
0 0.708333 0.215556 0.047778 0.062222
0 0.931667 0.281111 0.056667 0.068889
0 0.270000 0.444444 0.046667 0.048889
0 0.200000 0.948333 0.051111 0.067778
0 0.677222 0.836111 0.058889 0.072222
2 0.593889 0.085556 0.038889 0.060000
2 0.470556 0.286667 0.041111 0.064444
2 0.712222 0.279444 0.042222 0.050000
2 0.827778 0.272778 0.040000 0.041111
2 0.874444 0.500556 0.046667 0.047778
2 0.603333 0.620556 0.044444 0.056667
2 0.312778 0.892222 0.043333 0.042222
2 0.518333 0.975556 0.052222 0.046667
1 0.246667 0.393333 0.044444 0.046667
3 0.147778 0.512222 0.057778 0.055556
1 0.628889 0.570556 0.053333 0.056667
1 0.353333 0.842222 0.055556 0.062222
1 0.957222 0.971667 0.058889 0.056667
