1 0.891111 0.555556 0.075556 0.060000
1 0.420000 0.640556 0.068889 0.041111
1 0.366667 0.647222 0.060000 0.054444
1 0.306111 0.612222 0.056667 0.048889
1 0.317778 0.421111 0.062222 0.046667
2 0.327778 0.855000 0.053333 0.045556
2 0.466667 0.778333 0.053333 0.043333
2 0.491667 0.672778 0.056667 0.052222
2 0.791667 0.665000 0.070000 0.056667
2 0.698889 0.473889 0.068889 0.043333
2 0.203333 0.428333 0.035556 0.041111
2 0.252222 0.509444 0.053333 0.043333
2 0.518333 0.263889 0.056667 0.043333
2 0.626111 0.255000 0.061111 0.041111
3 0.479444 0.372778 0.065556 0.052222
3 0.406667 0.287222 0.064444 0.050000
3 0.762778 0.328333 0.078889 0.047778
3 0.681111 0.419444 0.080000 0.052222
3 0.527778 0.531111 0.066667 0.048889
3 0.566667 0.466667 0.062222 0.046667
3 0.426111 0.449444 0.063333 0.047778
3 0.299444 0.754444 0.070000 0.051111
3 0.301111 0.677222 0.062222 0.047778
0 0.527778 0.807222 0.064444 0.056667
0 0.568889 0.741111 0.066667 0.044444
0 0.710000 0.649444 0.071111 0.050000
0 0.563889 0.610556 0.072222 0.063333
0 0.367222 0.515000 0.074444 0.047778
0 0.254444 0.442222 0.071111 0.057778
0 0.298889 0.321111 0.064444 0.053333
0 0.640556 0.302778 0.061111 0.050000
