2 0.666667 0.090000 0.046667 0.057778
2 0.585556 0.219444 0.046667 0.058889
2 0.599444 0.347222 0.047778 0.067778
2 0.570000 0.411667 0.057778 0.067778
2 0.507222 0.433333 0.041111 0.071111
2 0.606111 0.481111 0.056667 0.046667
2 0.470000 0.513889 0.053333 0.070000
2 0.433333 0.547778 0.053333 0.071111
0 0.448333 0.182222 0.052222 0.084444
0 0.415000 0.227222 0.054444 0.063333
0 0.305556 0.455000 0.073333 0.083333
0 0.820000 0.215556 0.060000 0.077778
3 0.685556 0.194444 0.053333 0.064444
3 0.501111 0.181111 0.044444 0.077778
3 0.495556 0.246667 0.055556 0.044444
3 0.355000 0.273889 0.058889 0.063333
3 0.491667 0.762222 0.074444 0.106667
3 0.296667 0.836111 0.064444 0.098889
3 0.587222 0.545000 0.061111 0.070000
3 0.646667 0.533889 0.057778 0.070000
3 0.701111 0.449444 0.055556 0.061111
3 0.546111 0.492222 0.052222 0.071111
0 0.409444 0.292222 0.050000 0.055556
1 0.459444 0.289444 0.043333 0.063333
1 0.383889 0.355000 0.056667 0.067778
1 0.461667 0.398889 0.050000 0.068889
1 0.703889 0.286667 0.063333 0.064444
1 0.781667 0.490000 0.058889 0.084444
1 0.723889 0.530000 0.065556 0.066667
0 0.711667 0.605556 0.058889 0.082222
0 0.627778 0.705556 0.077778 0.093333
0 0.692778 0.790000 0.081111 0.113333
