1 0.852222 0.270000 0.046667 0.068889
1 0.794444 0.322778 0.057778 0.056667
1 0.920556 0.644444 0.056667 0.068889
1 0.388889 0.751667 0.051111 0.072222
1 0.272222 0.847222 0.064444 0.067778
1 0.762778 0.447778 0.061111 0.064444
0 0.524444 0.195000 0.048889 0.070000
0 0.390000 0.281111 0.064444 0.077778
0 0.532778 0.375000 0.054444 0.067778
0 0.560000 0.433889 0.057778 0.063333
0 0.848333 0.398333 0.063333 0.074444
0 0.463889 0.505556 0.050000 0.060000
0 0.362778 0.857778 0.063333 0.082222
3 0.301111 0.366111 0.053333 0.065556
3 0.346111 0.439444 0.054444 0.056667
3 0.215000 0.437778 0.061111 0.068889
3 0.216111 0.586667 0.056667 0.071111
3 0.280000 0.648333 0.055556 0.070000
3 0.636111 0.658333 0.047778 0.072222
3 0.761667 0.643333 0.052222 0.068889
3 0.508889 0.848333 0.057778 0.074444
3 0.626667 0.771667 0.053333 0.070000
3 0.767778 0.262222 0.051111 0.062222
3 0.545556 0.059444 0.051111 0.078889
2 0.576667 0.136111 0.051111 0.067778
2 0.624444 0.347222 0.057778 0.076667
2 0.303889 0.481111 0.041111 0.062222
2 0.179444 0.539444 0.050000 0.061111
2 0.554444 0.587222 0.057778 0.058889
2 0.688889 0.663333 0.053333 0.071111
2 0.862778 0.743333 0.056667 0.060000
2 0.755556 0.826667 0.057778 0.055556
