3 0.563889 0.176111 0.056667 0.074444
3 0.522222 0.329444 0.048889 0.063333
3 0.673889 0.379444 0.054444 0.058889
3 0.404444 0.396667 0.051111 0.060000
3 0.220556 0.576111 0.058889 0.074444
3 0.346667 0.592222 0.066667 0.073333
3 0.287222 0.797778 0.058889 0.075556
3 0.716667 0.757778 0.064444 0.075556
3 0.739444 0.707222 0.050000 0.063333
0 0.371111 0.861667 0.048889 0.067778
0 0.449444 0.669444 0.058889 0.076667
0 0.371667 0.452778 0.058889 0.065556
0 0.332222 0.375556 0.062222 0.084444
0 0.791111 0.486111 0.060000 0.078889
0 0.838889 0.458333 0.051111 0.065556
0 0.622222 0.777222 0.062222 0.083333
1 0.613889 0.622778 0.061111 0.072222
1 0.783333 0.620556 0.060000 0.074444
1 0.665000 0.517222 0.058889 0.070000
0 0.769444 0.356111 0.054444 0.070000
2 0.658889 0.260000 0.046667 0.060000
2 0.609444 0.425556 0.045556 0.062222
2 0.448333 0.480000 0.041111 0.060000
2 0.577222 0.545000 0.038889 0.058889
2 0.261111 0.320000 0.051111 0.060000
2 0.248889 0.411111 0.057778 0.055556
2 0.365000 0.511111 0.056667 0.048889
2 0.523889 0.706667 0.054444 0.055556
2 0.766111 0.768889 0.041111 0.073333
2 0.485000 0.840556 0.058889 0.070000
2 0.253889 0.705000 0.058889 0.052222
1 0.548889 0.789444 0.053333 0.074444
