2 0.576667 0.124444 0.044444 0.066667
2 0.552778 0.030000 0.050000 0.057778
2 0.683889 0.024444 0.043333 0.046667
2 0.174444 0.057778 0.055556 0.053333
2 0.534444 0.545000 0.044444 0.050000
2 0.246667 0.771667 0.044444 0.052222
2 0.303889 0.817778 0.043333 0.060000
2 0.368333 0.870556 0.043333 0.043333
2 0.615556 0.303889 0.042222 0.050000
0 0.228889 0.365556 0.053333 0.071111
0 0.336667 0.467778 0.048889 0.060000
0 0.337778 0.525556 0.051111 0.062222
0 0.330000 0.982222 0.048889 0.035556
0 0.021667 0.893333 0.041111 0.060000
3 0.421111 0.172222 0.044444 0.062222
3 0.562222 0.213889 0.055556 0.054444
3 0.626111 0.156111 0.054444 0.072222
3 0.735000 0.328333 0.058889 0.065556
3 0.083333 0.594444 0.057778 0.066667
3 0.417778 0.716111 0.044444 0.047778
3 0.461111 0.813889 0.040000 0.056667
3 0.355000 0.818889 0.045556 0.053333
3 0.455000 0.298333 0.043333 0.058889
3 0.228333 0.152778 0.052222 0.061111
3 0.874444 0.020000 0.046667 0.037778
1 0.490556 0.373333 0.047778 0.055556
1 0.463333 0.157778 0.044444 0.060000
1 0.823889 0.026667 0.047778 0.051111
1 0.763333 0.020000 0.060000 0.037778
1 0.417778 0.671111 0.042222 0.044444
1 0.235000 0.065000 0.063333 0.067778
