1 0.306111 0.252778 0.074444 0.107778
1 0.703889 0.553889 0.058889 0.081111
1 0.328889 0.411667 0.073333 0.076667
1 0.533889 0.617778 0.065556 0.073333
1 0.196667 0.592222 0.082222 0.073333
0 0.701111 0.430000 0.080000 0.086667
0 0.593889 0.462222 0.067778 0.093333
0 0.647222 0.342778 0.072222 0.092222
0 0.507222 0.854444 0.087778 0.111111
3 0.554444 0.258889 0.053333 0.082222
3 0.757222 0.226111 0.087778 0.098889
3 0.497222 0.274444 0.052222 0.084444
3 0.445556 0.302778 0.073333 0.067778
3 0.337222 0.492778 0.067778 0.083333
3 0.200000 0.402778 0.084444 0.094444
3 0.238333 0.295000 0.067778 0.105556
3 0.848889 0.475000 0.088889 0.090000
3 0.246111 0.817222 0.081111 0.107778
3 0.586111 0.731667 0.070000 0.092222
3 0.742222 0.701111 0.080000 0.100000
2 0.492222 0.375556 0.064444 0.062222
2 0.544444 0.342222 0.068889 0.064444
2 0.466667 0.475556 0.055556 0.095556
2 0.393333 0.435556 0.057778 0.086667
2 0.328333 0.607778 0.083333 0.082222
1 0.426111 0.620556 0.067778 0.105556
2 0.828333 0.554444 0.058889 0.080000
2 0.682778 0.783333 0.063333 0.104444
2 0.443333 0.803333 0.064444 0.075556
