1 0.257778 0.653333 0.088889 0.073333
1 0.565556 0.696111 0.077778 0.070000
1 0.806667 0.523889 0.062222 0.063333
1 0.638889 0.457778 0.086667 0.064444
3 0.296667 0.597222 0.084444 0.063333
3 0.682222 0.579444 0.075556 0.052222
3 0.372778 0.418333 0.067778 0.054444
3 0.356111 0.365556 0.094444 0.053333
3 0.203889 0.414444 0.090000 0.064444
3 0.181111 0.360000 0.073333 0.062222
3 0.057222 0.239444 0.101111 0.078889
3 0.482778 0.183333 0.096667 0.073333
3 0.643333 0.164444 0.082222 0.057778
2 0.205556 0.303889 0.093333 0.047778
2 0.620000 0.263333 0.075556 0.064444
2 0.745000 0.265556 0.074444 0.046667
2 0.680000 0.122778 0.068889 0.056667
2 0.920556 0.358333 0.065556 0.061111
2 0.769444 0.403889 0.087778 0.058889
2 0.443333 0.411667 0.077778 0.056667
2 0.352778 0.497778 0.090000 0.051111
2 0.179444 0.720000 0.085556 0.057778
2 0.600000 0.793333 0.077778 0.055556
3 0.512222 0.641111 0.077778 0.053333
0 0.486667 0.119444 0.091111 0.061111
0 0.475556 0.741667 0.073333 0.074444
0 0.516667 0.808889 0.093333 0.066667
0 0.840000 0.683333 0.095556 0.071111
0 0.663889 0.641111 0.087778 0.068889
0 0.735000 0.526111 0.092222 0.072222
0 0.728889 0.213889 0.088889 0.061111
1 0.805556 0.582222 0.075556 0.053333
