0 0.677222 0.383889 0.063333 0.083333
0 0.703333 0.475000 0.060000 0.087778
0 0.638333 0.469444 0.058889 0.063333
0 0.560000 0.698889 0.064444 0.077778
0 0.152778 0.487778 0.063333 0.073333
0 0.227778 0.379444 0.062222 0.072222
0 0.645556 0.893333 0.053333 0.077778
3 0.479444 0.257222 0.058889 0.058889
3 0.431667 0.187778 0.056667 0.071111
3 0.325000 0.400000 0.052222 0.062222
3 0.483889 0.337222 0.054444 0.058889
3 0.603333 0.408889 0.051111 0.053333
3 0.813333 0.571111 0.062222 0.073333
3 0.666667 0.614444 0.062222 0.073333
3 0.727778 0.822778 0.057778 0.072222
3 0.257222 0.570556 0.061111 0.070000
2 0.338889 0.278889 0.053333 0.060000
2 0.751111 0.329444 0.055556 0.058889
2 0.761667 0.415000 0.052222 0.052222
2 0.492778 0.415000 0.054444 0.054444
2 0.560000 0.497778 0.044444 0.062222
2 0.643333 0.528889 0.046667 0.051111
2 0.754444 0.715556 0.053333 0.066667
2 0.485556 0.735000 0.055556 0.058889
2 0.424444 0.567778 0.048889 0.066667
2 0.370000 0.411667 0.048889 0.061111
1 0.458333 0.821111 0.056667 0.075556
1 0.525556 0.874444 0.062222 0.066667
1 0.194444 0.673889 0.055556 0.065556
1 0.390556 0.648333 0.065556 0.074444
1 0.334444 0.536111 0.062222 0.061111
1 0.393333 0.816111 0.055556 0.090000
