2 0.096111 0.056667 0.036667 0.048889
2 0.258333 0.206667 0.041111 0.044444
2 0.553889 0.256667 0.038889 0.055556
2 0.110556 0.533889 0.043333 0.054444
2 0.655000 0.980000 0.052222 0.040000
2 0.978889 0.579444 0.042222 0.056667
2 0.285000 0.047778 0.038889 0.044444
0 0.335000 0.706667 0.050000 0.051111
0 0.352778 0.755556 0.052222 0.053333
0 0.848333 0.644444 0.061111 0.064444
0 0.645000 0.339444 0.054444 0.067778
0 0.564444 0.015000 0.037778 0.027778
2 0.526111 0.009444 0.043333 0.016667
2 0.353889 0.011111 0.038889 0.020000
2 0.322778 0.367778 0.047778 0.055556
3 0.896667 0.684444 0.048889 0.062222
3 0.422222 0.913333 0.042222 0.057778
3 0.253889 0.589444 0.045556 0.065556
3 0.209444 0.510000 0.038889 0.060000
3 0.149444 0.506111 0.045556 0.065556
3 0.072222 0.528333 0.037778 0.056667
3 0.306111 0.208889 0.043333 0.057778
3 0.295000 0.013333 0.036667 0.024444
3 0.865000 0.370556 0.045556 0.056667
3 0.956667 0.325000 0.044444 0.070000
3 0.917222 0.222222 0.052222 0.064444
1 0.916111 0.339444 0.041111 0.063333
1 0.500000 0.666111 0.042222 0.058889
1 0.312222 0.626111 0.055556 0.050000
1 0.336667 0.893889 0.048889 0.067778
1 0.590556 0.974444 0.052222 0.051111
