2 0.649444 0.157778 0.052222 0.068889
2 0.586111 0.269444 0.063333 0.065556
2 0.236111 0.202222 0.061111 0.073333
2 0.206111 0.290556 0.063333 0.072222
2 0.635556 0.566111 0.053333 0.067778
2 0.713333 0.515000 0.053333 0.063333
2 0.610000 0.787222 0.055556 0.063333
2 0.118333 0.763333 0.067778 0.077778
0 0.397222 0.629444 0.061111 0.072222
0 0.246667 0.757778 0.082222 0.095556
0 0.534444 0.645556 0.064444 0.071111
0 0.807222 0.722778 0.065556 0.087778
0 0.717222 0.347778 0.070000 0.071111
0 0.693333 0.410556 0.062222 0.076667
0 0.774444 0.426111 0.057778 0.067778
0 0.393889 0.548889 0.076667 0.091111
0 0.940556 0.542222 0.058889 0.082222
1 0.302222 0.114444 0.075556 0.086667
1 0.793889 0.507778 0.063333 0.066667
1 0.600000 0.496111 0.055556 0.070000
1 0.521667 0.549444 0.065556 0.083333
3 0.573333 0.578333 0.044444 0.081111
3 0.791111 0.575000 0.066667 0.065556
3 0.854444 0.552778 0.060000 0.070000
3 0.419444 0.459444 0.061111 0.070000
3 0.823333 0.267778 0.064444 0.075556
3 0.235000 0.097222 0.058889 0.090000
3 0.179444 0.131111 0.058889 0.091111
3 0.195556 0.023333 0.071111 0.044444
3 0.828333 0.451111 0.056667 0.068889
1 0.211667 0.419444 0.058889 0.087778
