1 0.292778 0.174444 0.078889 0.108889
1 0.323889 0.328889 0.072222 0.084444
1 0.188333 0.507778 0.083333 0.084444
1 0.703333 0.477778 0.068889 0.100000
1 0.492778 0.390000 0.065556 0.082222
1 0.518889 0.607778 0.077778 0.111111
1 0.417222 0.545000 0.072222 0.105556
3 0.556667 0.143333 0.075556 0.100000
3 0.801667 0.225000 0.074444 0.098889
3 0.847778 0.398889 0.080000 0.100000
3 0.613333 0.509444 0.082222 0.125556
3 0.437222 0.236667 0.076667 0.108889
3 0.632222 0.781111 0.073333 0.097778
2 0.867222 0.306667 0.072222 0.086667
2 0.811667 0.477222 0.054444 0.076667
2 0.562778 0.290556 0.067778 0.085556
2 0.387222 0.357778 0.054444 0.097778
2 0.325556 0.528333 0.086667 0.096667
2 0.318333 0.766111 0.078889 0.094444
2 0.437222 0.709444 0.070000 0.078889
2 0.757222 0.763333 0.078889 0.093333
0 0.645000 0.255556 0.074444 0.088889
0 0.701667 0.355556 0.076667 0.084444
0 0.591111 0.378333 0.071111 0.090000
0 0.500000 0.767222 0.082222 0.103333
