0 0.342778 0.265556 0.054444 0.035556
0 0.640000 0.237778 0.066667 0.046667
0 0.470556 0.373889 0.067778 0.047778
0 0.409444 0.385556 0.054444 0.044444
0 0.353333 0.471667 0.071111 0.045556
0 0.467222 0.532222 0.065556 0.048889
0 0.631667 0.606667 0.067778 0.044444
2 0.311667 0.101111 0.058889 0.033333
2 0.658333 0.427778 0.050000 0.040000
2 0.609444 0.435000 0.047778 0.034444
2 0.634444 0.470000 0.051111 0.033333
2 0.571667 0.524444 0.054444 0.028889
2 0.543889 0.605000 0.058889 0.036667
2 0.428333 0.573333 0.050000 0.040000
2 0.342222 0.641667 0.062222 0.032222
2 0.262778 0.305000 0.041111 0.043333
3 0.096111 0.101111 0.054444 0.044444
0 0.106111 0.066111 0.056667 0.036667
3 0.640000 0.288889 0.062222 0.044444
3 0.618333 0.389444 0.050000 0.038889
3 0.573333 0.493889 0.053333 0.030000
3 0.579444 0.460556 0.052222 0.027778
3 0.499444 0.638333 0.058889 0.047778
3 0.385000 0.667778 0.052222 0.040000
3 0.257222 0.482222 0.063333 0.046667
3 0.375556 0.435000 0.051111 0.041111
3 0.309444 0.293889 0.047778 0.034444
1 0.386667 0.592778 0.042222 0.043333
1 0.627222 0.560556 0.061111 0.041111
1 0.635000 0.508889 0.061111 0.035556
1 0.351667 0.326111 0.061111 0.036667
