2 0.148889 0.063889 0.051111 0.056667
2 0.137222 0.312222 0.047778 0.071111
2 0.254444 0.261667 0.042222 0.061111
2 0.620000 0.293889 0.037778 0.054444
2 0.658333 0.437778 0.052222 0.064444
2 0.556111 0.527222 0.041111 0.058889
2 0.477778 0.546667 0.068889 0.053333
2 0.472778 0.450556 0.041111 0.047778
2 0.662222 0.574444 0.055556 0.053333
2 0.374444 0.508333 0.046667 0.058889
2 0.333889 0.520556 0.036667 0.056667
3 0.543889 0.815556 0.052222 0.060000
3 0.726667 0.690556 0.044444 0.056667
3 0.440556 0.654444 0.050000 0.077778
3 0.440556 0.316111 0.043333 0.056667
3 0.760000 0.178333 0.048889 0.063333
3 0.733889 0.326111 0.054444 0.072222
3 0.440556 0.182222 0.054444 0.062222
3 0.281667 0.405000 0.050000 0.063333
3 0.288333 0.345556 0.047778 0.053333
0 0.626111 0.632778 0.058889 0.083333
0 0.705000 0.631667 0.054444 0.072222
0 0.836111 0.635000 0.070000 0.081111
0 0.218333 0.557222 0.050000 0.070000
0 0.256111 0.630556 0.056667 0.085556
0 0.352222 0.355000 0.046667 0.052222
0 0.324444 0.222222 0.048889 0.064444
0 0.521667 0.234444 0.047778 0.051111
0 0.517222 0.425556 0.067778 0.062222
1 0.325556 0.670556 0.053333 0.054444
1 0.307778 0.560000 0.057778 0.055556
1 0.345000 0.405556 0.050000 0.053333
2 0.583333 0.307222 0.037778 0.065556
1 0.283333 0.199444 0.040000 0.054444
