0 0.443333 0.166667 0.040000 0.060000
0 0.417222 0.237222 0.047778 0.056667
0 0.383889 0.917778 0.056667 0.062222
0 0.567222 0.965556 0.050000 0.048889
0 0.323889 0.927222 0.043333 0.076667
0 0.122222 0.967222 0.055556 0.063333
3 0.407222 0.537222 0.045556 0.052222
3 0.540000 0.560556 0.046667 0.063333
3 0.610000 0.560000 0.051111 0.053333
3 0.672778 0.680556 0.054444 0.063333
3 0.942778 0.595556 0.045556 0.066667
3 0.799444 0.887222 0.047778 0.067778
3 0.533333 0.925556 0.033333 0.060000
3 0.475556 0.951667 0.042222 0.061111
3 0.427778 0.969444 0.040000 0.054444
3 0.275556 0.918333 0.053333 0.063333
3 0.264444 0.970556 0.046667 0.043333
2 0.542222 0.321667 0.033333 0.056667
2 0.731667 0.378889 0.050000 0.053333
2 0.868889 0.581111 0.042222 0.055556
2 0.492778 0.781667 0.041111 0.061111
2 0.367778 0.974444 0.046667 0.046667
2 0.771111 0.962222 0.046667 0.053333
2 0.118889 0.613889 0.048889 0.047778
2 0.068889 0.665000 0.046667 0.063333
2 0.469444 0.132222 0.036667 0.046667
1 0.501667 0.240556 0.054444 0.058889
1 0.617222 0.275000 0.038889 0.052222
1 0.676111 0.506667 0.043333 0.057778
1 0.949444 0.921111 0.052222 0.066667
1 0.462222 0.892778 0.046667 0.058889
1 0.117222 0.671111 0.047778 0.057778
3 0.040556 0.890556 0.047778 0.058889
