3 0.754444 0.193333 0.051111 0.055556
3 0.926667 0.316667 0.048889 0.064444
3 0.467222 0.285556 0.045556 0.068889
3 0.255556 0.337778 0.057778 0.068889
3 0.635556 0.430000 0.051111 0.071111
3 0.276111 0.511111 0.050000 0.064444
3 0.350556 0.696667 0.054444 0.060000
3 0.276111 0.721667 0.058889 0.047778
3 0.598333 0.757222 0.052222 0.072222
2 0.294444 0.102778 0.051111 0.074444
2 0.123333 0.097778 0.053333 0.071111
2 0.543889 0.206667 0.047778 0.068889
2 0.951111 0.384444 0.057778 0.060000
2 0.698333 0.613889 0.052222 0.061111
2 0.489444 0.683889 0.052222 0.061111
2 0.258333 0.670556 0.058889 0.050000
2 0.264444 0.599444 0.060000 0.056667
0 0.228333 0.143889 0.058889 0.063333
0 0.436667 0.471667 0.048889 0.070000
0 0.812778 0.501111 0.061111 0.082222
0 0.491111 0.610556 0.057778 0.078889
3 0.338333 0.632778 0.056667 0.067778
0 0.788333 0.654444 0.065556 0.064444
0 0.403333 0.962778 0.064444 0.074444
0 0.211111 0.380556 0.051111 0.067778
1 0.515000 0.143889 0.058889 0.067778
1 0.888333 0.374444 0.045556 0.066667
1 0.589444 0.662222 0.054444 0.071111
1 0.375000 0.820556 0.047778 0.076667
1 0.301667 0.780000 0.054444 0.062222
