0 0.363333 0.227222 0.064444 0.087778
0 0.666111 0.276111 0.043333 0.083333
0 0.710556 0.271111 0.038889 0.073333
0 0.763889 0.309444 0.052222 0.083333
0 0.635000 0.443333 0.063333 0.077778
0 0.886111 0.500000 0.061111 0.073333
0 0.447222 0.466667 0.058889 0.080000
0 0.306111 0.748889 0.063333 0.073333
0 0.417222 0.827222 0.056667 0.067778
2 0.555000 0.221667 0.043333 0.072222
2 0.675556 0.201667 0.048889 0.054444
2 0.624444 0.276667 0.040000 0.075556
2 0.780000 0.512778 0.055556 0.063333
2 0.862222 0.595000 0.051111 0.063333
2 0.665000 0.614444 0.054444 0.077778
2 0.602222 0.718889 0.051111 0.073333
2 0.300556 0.486667 0.050000 0.073333
3 0.709444 0.877778 0.052222 0.088889
3 0.682222 0.737222 0.048889 0.070000
3 0.811667 0.645000 0.052222 0.072222
3 0.780000 0.581111 0.062222 0.060000
3 0.381667 0.626667 0.061111 0.077778
3 0.375556 0.435556 0.060000 0.075556
1 0.486667 0.515000 0.057778 0.067778
1 0.323333 0.591667 0.062222 0.067778
1 0.277222 0.640556 0.056667 0.074444
1 0.657778 0.853333 0.051111 0.073333
1 0.604444 0.375556 0.062222 0.071111
3 0.901667 0.364444 0.056667 0.062222
3 0.806667 0.361111 0.062222 0.075556
3 0.735556 0.205000 0.053333 0.074444
1 0.303889 0.192222 0.045556 0.084444
