0 0.678333 0.251667 0.050000 0.070000
0 0.627222 0.235556 0.043333 0.060000
0 0.768889 0.427778 0.042222 0.064444
0 0.671667 0.577778 0.045556 0.071111
0 0.622778 0.557778 0.050000 0.066667
0 0.503333 0.605000 0.055556 0.076667
0 0.363889 0.655000 0.061111 0.076667
0 0.278333 0.480556 0.054444 0.063333
0 0.320556 0.452222 0.045556 0.060000
2 0.765000 0.288889 0.038889 0.051111
2 0.733333 0.325556 0.042222 0.048889
2 0.540556 0.348889 0.043333 0.044444
2 0.467778 0.288889 0.048889 0.048889
2 0.222778 0.709444 0.056667 0.058889
2 0.209444 0.850000 0.052222 0.080000
2 0.123333 0.453333 0.053333 0.053333
2 0.217778 0.348333 0.053333 0.045556
1 0.308889 0.238333 0.051111 0.056667
1 0.434444 0.190556 0.040000 0.065556
1 0.742778 0.211667 0.043333 0.058889
1 0.706111 0.190556 0.043333 0.045556
1 0.616667 0.625000 0.051111 0.067778
1 0.391111 0.398333 0.057778 0.052222
3 0.359444 0.576667 0.058889 0.062222
3 0.791667 0.599444 0.058889 0.070000
3 0.607778 0.463333 0.046667 0.053333
3 0.410000 0.448333 0.042222 0.054444
3 0.559444 0.396667 0.047778 0.055556
3 0.570000 0.174444 0.040000 0.055556
3 0.400000 0.290000 0.046667 0.055556
3 0.530556 0.223333 0.041111 0.057778
3 0.481111 0.208889 0.046667 0.060000
