2 0.661111 0.298333 0.060000 0.063333
2 0.643889 0.361111 0.074444 0.040000
2 0.780556 0.477778 0.047778 0.057778
2 0.437778 0.735000 0.071111 0.047778
2 0.408889 0.646111 0.068889 0.052222
2 0.477778 0.527778 0.073333 0.046667
2 0.552778 0.459444 0.050000 0.063333
2 0.265556 0.440556 0.066667 0.056667
2 0.473889 0.389444 0.063333 0.045556
0 0.358889 0.354444 0.068889 0.057778
0 0.806667 0.371111 0.066667 0.055556
0 0.949444 0.460556 0.067778 0.052222
0 0.749444 0.600556 0.072222 0.056667
0 0.640556 0.702222 0.078889 0.066667
0 0.420000 0.587778 0.080000 0.060000
0 0.123333 0.284444 0.084444 0.064444
1 0.595000 0.407222 0.072222 0.050000
1 0.615556 0.478333 0.062222 0.052222
1 0.880000 0.478889 0.064444 0.051111
1 0.803889 0.548889 0.076667 0.053333
1 0.672778 0.645556 0.052222 0.053333
0 0.728333 0.480556 0.054444 0.058889
3 0.574444 0.331667 0.073333 0.058889
3 0.924444 0.526667 0.073333 0.053333
3 0.801667 0.629444 0.065556 0.050000
3 0.591667 0.556667 0.081111 0.048889
3 0.675556 0.484444 0.053333 0.051111
3 0.197778 0.446667 0.068889 0.064444
3 0.479444 0.471667 0.072222 0.058889
3 0.523889 0.410000 0.052222 0.044444
3 0.348333 0.667778 0.063333 0.053333
