1 0.429444 0.288889 0.065556 0.053333
1 0.200556 0.324444 0.070000 0.046667
1 0.121111 0.415000 0.073333 0.050000
1 0.522222 0.362778 0.064444 0.056667
1 0.432778 0.414444 0.063333 0.051111
1 0.612222 0.687778 0.068889 0.046667
3 0.751667 0.333889 0.083333 0.052222
3 0.810556 0.451111 0.078889 0.051111
3 0.776667 0.556111 0.060000 0.050000
3 0.463333 0.505000 0.077778 0.054444
3 0.378333 0.546667 0.072222 0.044444
3 0.304444 0.606667 0.073333 0.051111
3 0.282778 0.402778 0.076667 0.052222
3 0.517222 0.710000 0.061111 0.048889
3 0.351111 0.705556 0.055556 0.046667
2 0.676111 0.534444 0.058889 0.051111
2 0.782222 0.710556 0.057778 0.045556
2 0.574444 0.816111 0.062222 0.043333
3 0.483333 0.806111 0.066667 0.054444
3 0.247222 0.730000 0.065556 0.053333
3 0.101111 0.572222 0.068889 0.053333
0 0.637222 0.418333 0.085556 0.056667
0 0.925556 0.451111 0.071111 0.055556
0 0.856667 0.617778 0.073333 0.057778
2 0.168889 0.502778 0.055556 0.047778
2 0.278889 0.482222 0.057778 0.051111
2 0.211667 0.644444 0.063333 0.042222
2 0.492778 0.623889 0.054444 0.043333
2 0.476111 0.564444 0.065556 0.035556
2 0.408889 0.766111 0.062222 0.047778
0 0.725556 0.786667 0.082222 0.057778
