1 0.699444 0.108333 0.065556 0.085556
1 0.788333 0.413333 0.058889 0.080000
1 0.480000 0.548333 0.064444 0.085556
1 0.400556 0.497222 0.054444 0.074444
1 0.207222 0.508333 0.061111 0.065556
1 0.126667 0.363333 0.064444 0.075556
3 0.818333 0.128333 0.054444 0.096667
3 0.763333 0.098333 0.060000 0.092222
3 0.806111 0.026667 0.065556 0.051111
3 0.579444 0.456111 0.058889 0.072222
3 0.208889 0.576111 0.071111 0.070000
3 0.427778 0.573333 0.051111 0.075556
3 0.145000 0.553333 0.063333 0.068889
3 0.175000 0.450556 0.056667 0.065556
3 0.178889 0.268333 0.053333 0.078889
2 0.348889 0.155000 0.053333 0.065556
2 0.415556 0.267222 0.060000 0.072222
2 0.763333 0.204444 0.064444 0.077778
2 0.793889 0.293333 0.067778 0.082222
2 0.291111 0.520556 0.060000 0.076667
2 0.364444 0.568333 0.055556 0.072222
2 0.392222 0.785556 0.057778 0.066667
2 0.881111 0.760556 0.073333 0.072222
0 0.286667 0.339444 0.062222 0.070000
0 0.306667 0.410556 0.062222 0.085556
0 0.225000 0.428889 0.058889 0.073333
0 0.060556 0.537778 0.063333 0.071111
0 0.465000 0.642222 0.067778 0.071111
0 0.607222 0.546111 0.078889 0.092222
0 0.605000 0.623889 0.058889 0.076667
0 0.192778 0.721111 0.067778 0.091111
0 0.752222 0.757778 0.082222 0.097778
