2 0.298889 0.140000 0.040000 0.046667
2 0.491111 0.220556 0.040000 0.036667
2 0.516111 0.249444 0.041111 0.045556
2 0.692222 0.279444 0.044444 0.056667
2 0.355000 0.291667 0.047778 0.052222
2 0.388889 0.352778 0.037778 0.054444
2 0.486111 0.428333 0.047778 0.041111
2 0.427222 0.516667 0.047778 0.048889
2 0.320000 0.570556 0.042222 0.056667
2 0.677778 0.686111 0.042222 0.063333
2 0.774444 0.520556 0.044444 0.050000
1 0.663333 0.107222 0.044444 0.058889
1 0.818889 0.251111 0.048889 0.055556
1 0.566667 0.457778 0.046667 0.051111
1 0.445000 0.568889 0.045556 0.057778
1 0.906111 0.453333 0.052222 0.057778
0 0.535000 0.792222 0.056667 0.062222
0 0.195000 0.973889 0.058889 0.052222
0 0.343333 0.626667 0.048889 0.068889
0 0.618333 0.636111 0.058889 0.076667
0 0.847222 0.617222 0.052222 0.063333
0 0.859444 0.297778 0.052222 0.066667
0 0.760556 0.169444 0.043333 0.050000
3 0.582778 0.192222 0.041111 0.051111
3 0.424444 0.115556 0.042222 0.051111
3 0.556111 0.236667 0.038889 0.044444
3 0.606667 0.406667 0.042222 0.062222
3 0.787222 0.473889 0.043333 0.056667
3 0.505556 0.480000 0.048889 0.060000
3 0.423889 0.633333 0.050000 0.068889
3 0.901111 0.383333 0.046667 0.062222
3 0.425556 0.327778 0.042222 0.057778
3 0.372222 0.412222 0.044444 0.053333
1 0.573889 0.522778 0.050000 0.058889
