3 0.237222 0.192778 0.050000 0.058889
3 0.575000 0.192778 0.052222 0.054444
3 0.572222 0.329444 0.040000 0.065556
3 0.622222 0.401111 0.044444 0.062222
3 0.735556 0.369444 0.037778 0.061111
3 0.265556 0.350000 0.055556 0.066667
3 0.623889 0.738889 0.052222 0.064444
3 0.552778 0.713889 0.058889 0.074444
3 0.276111 0.731667 0.050000 0.058889
0 0.364444 0.217778 0.057778 0.064444
0 0.486667 0.252222 0.040000 0.057778
0 0.502778 0.450000 0.041111 0.066667
0 0.803889 0.588333 0.045556 0.070000
0 0.382222 0.666667 0.055556 0.068889
0 0.296667 0.668889 0.051111 0.075556
0 0.169444 0.383333 0.056667 0.060000
0 0.718889 0.200000 0.048889 0.071111
2 0.888889 0.323333 0.044444 0.060000
2 0.906111 0.468333 0.054444 0.052222
2 0.644444 0.543889 0.040000 0.065556
2 0.681667 0.547778 0.036667 0.055556
2 0.545000 0.577778 0.056667 0.048889
2 0.538889 0.475000 0.037778 0.052222
2 0.443333 0.816111 0.042222 0.070000
2 0.337222 0.611111 0.052222 0.048889
2 0.247778 0.526111 0.051111 0.058889
2 0.342222 0.457778 0.044444 0.046667
2 0.385000 0.314444 0.041111 0.057778
2 0.421667 0.324444 0.041111 0.060000
1 0.699444 0.707222 0.056667 0.063333
1 0.548333 0.813889 0.052222 0.072222
1 0.178333 0.483333 0.047778 0.066667
0 0.151111 0.680556 0.066667 0.065556
1 0.710556 0.590000 0.056667 0.055556
