0 0.601667 0.776111 0.074444 0.092222
0 0.450556 0.807222 0.063333 0.101111
0 0.358889 0.704444 0.077778 0.102222
0 0.275000 0.579444 0.063333 0.101111
0 0.193889 0.483333 0.061111 0.071111
0 0.460556 0.456667 0.054444 0.071111
0 0.683889 0.389444 0.061111 0.078889
0 0.498333 0.393889 0.063333 0.087778
0 0.458889 0.105556 0.055556 0.071111
1 0.683333 0.553333 0.057778 0.071111
1 0.514444 0.503889 0.055556 0.090000
1 0.350000 0.556111 0.064444 0.083333
1 0.409444 0.425556 0.052222 0.077778
1 0.405556 0.142222 0.042222 0.066667
1 0.714444 0.271111 0.046667 0.057778
2 0.680000 0.475000 0.051111 0.076667
2 0.628333 0.483333 0.047778 0.071111
2 0.571111 0.512778 0.048889 0.074444
2 0.562778 0.337222 0.052222 0.065556
2 0.639444 0.242222 0.050000 0.055556
2 0.515000 0.220556 0.052222 0.054444
2 0.307778 0.361667 0.062222 0.061111
2 0.273333 0.231667 0.055556 0.058889
3 0.343333 0.166111 0.051111 0.074444
3 0.626667 0.409444 0.048889 0.076667
3 0.750000 0.481667 0.062222 0.092222
3 0.680000 0.302778 0.042222 0.065556
3 0.602222 0.200000 0.048889 0.073333
3 0.516667 0.162222 0.051111 0.062222
3 0.378889 0.492222 0.048889 0.064444
3 0.545000 0.436667 0.050000 0.066667
