3 0.561111 0.063889 0.060000 0.052222
3 0.594444 0.236667 0.060000 0.044444
3 0.533333 0.253333 0.048889 0.057778
3 0.395556 0.288889 0.062222 0.048889
3 0.332222 0.155556 0.057778 0.051111
3 0.290556 0.512222 0.065556 0.051111
3 0.494444 0.561667 0.068889 0.050000
3 0.567222 0.396667 0.078889 0.060000
3 0.182222 0.145000 0.068889 0.054444
2 0.206111 0.277778 0.067778 0.048889
2 0.332778 0.311667 0.065556 0.047778
2 0.799444 0.321667 0.070000 0.047778
2 0.654444 0.377222 0.053333 0.043333
2 0.648889 0.265556 0.048889 0.051111
2 0.463889 0.415000 0.052222 0.045556
2 0.362778 0.461667 0.056667 0.047778
2 0.182222 0.523889 0.064444 0.052222
1 0.401667 0.155000 0.058889 0.061111
1 0.724444 0.361111 0.060000 0.055556
1 0.715000 0.405000 0.061111 0.047778
1 0.473333 0.298889 0.062222 0.053333
1 0.516111 0.463333 0.061111 0.055556
0 0.760556 0.164444 0.065556 0.055556
0 0.595556 0.182778 0.066667 0.056667
0 0.586667 0.113889 0.057778 0.047778
0 0.535556 0.316667 0.057778 0.057778
0 0.592778 0.292778 0.070000 0.047778
0 0.297778 0.458889 0.073333 0.055556
0 0.671667 0.711667 0.063333 0.058889
0 0.478889 0.791111 0.068889 0.057778
1 0.972222 0.975556 0.055556 0.048889
