2 0.533889 0.176111 0.041111 0.047778
2 0.328333 0.410000 0.036667 0.048889
2 0.318333 0.487778 0.041111 0.055556
2 0.528333 0.583333 0.043333 0.051111
2 0.572222 0.671111 0.037778 0.055556
2 0.737222 0.433333 0.030000 0.053333
2 0.707778 0.386111 0.035556 0.043333
2 0.441667 0.711667 0.043333 0.056667
0 0.930000 0.174444 0.048889 0.055556
0 0.576111 0.251111 0.050000 0.057778
0 0.523333 0.237778 0.048889 0.053333
0 0.412778 0.220556 0.047778 0.061111
0 0.362778 0.184444 0.034444 0.057778
3 0.735556 0.338333 0.040000 0.058889
3 0.448889 0.373889 0.042222 0.054444
3 0.489444 0.387222 0.038889 0.050000
3 0.586111 0.480000 0.043333 0.055556
3 0.702778 0.441667 0.036667 0.052222
3 0.515556 0.681667 0.040000 0.054444
3 0.716667 0.556667 0.042222 0.053333
3 0.531667 0.773333 0.043333 0.053333
1 0.677778 0.362778 0.033333 0.052222
1 0.627778 0.301111 0.037778 0.053333
0 0.651667 0.332222 0.038889 0.055556
1 0.547778 0.497222 0.033333 0.056667
1 0.714444 0.503889 0.040000 0.050000
1 0.545000 0.632778 0.047778 0.056667
0 0.485000 0.626667 0.041111 0.048889
0 0.547222 0.716111 0.038889 0.058889
0 0.980556 0.611667 0.038889 0.067778
