3 0.434444 0.151667 0.046667 0.056667
3 0.671111 0.314444 0.046667 0.064444
3 0.440556 0.339444 0.047778 0.058889
3 0.398333 0.411667 0.050000 0.072222
3 0.581111 0.461667 0.044444 0.065556
3 0.455000 0.526667 0.041111 0.068889
3 0.495000 0.541667 0.038889 0.054444
3 0.252222 0.705556 0.048889 0.066667
3 0.618333 0.777222 0.056667 0.072222
0 0.481667 0.236667 0.052222 0.062222
0 0.351667 0.312778 0.041111 0.065556
0 0.210000 0.503333 0.051111 0.071111
0 0.156667 0.503333 0.055556 0.075556
0 0.535000 0.553333 0.043333 0.064444
0 0.499444 0.706111 0.047778 0.072222
0 0.341667 0.718889 0.045556 0.060000
0 0.525000 0.802778 0.061111 0.090000
2 0.632778 0.332778 0.038889 0.056667
2 0.627778 0.393333 0.051111 0.042222
2 0.526667 0.388889 0.044444 0.048889
2 0.518889 0.440556 0.040000 0.054444
2 0.483333 0.303889 0.037778 0.061111
2 0.452222 0.449444 0.044444 0.045556
2 0.688333 0.785000 0.045556 0.074444
2 0.600000 0.848889 0.042222 0.068889
2 0.405000 0.813333 0.047778 0.053333
2 0.455556 0.641667 0.048889 0.050000
1 0.575000 0.356667 0.047778 0.057778
1 0.522778 0.295556 0.038889 0.068889
1 0.567778 0.760556 0.044444 0.063333
1 0.356111 0.776667 0.056667 0.064444
2 0.493889 0.483889 0.030000 0.052222
2 0.554444 0.499444 0.035556 0.050000
1 0.439444 0.694444 0.054444 0.066667
