2 0.485000 0.422222 0.063333 0.055556
2 0.407222 0.507222 0.065556 0.052222
2 0.643333 0.490000 0.053333 0.055556
2 0.593889 0.547222 0.072222 0.050000
2 0.507778 0.613333 0.062222 0.046667
2 0.392778 0.551111 0.065556 0.046667
2 0.493889 0.535556 0.067778 0.037778
2 0.463333 0.490000 0.055556 0.040000
2 0.520556 0.495556 0.052222 0.046667
2 0.572778 0.498333 0.056667 0.045556
2 0.527778 0.571111 0.060000 0.046667
2 0.543889 0.427222 0.061111 0.045556
2 0.584444 0.452222 0.064444 0.042222
2 0.456111 0.568333 0.063333 0.045556
