2 0.272222 0.273889 0.037778 0.058889
2 0.215000 0.247222 0.038889 0.056667
2 0.419444 0.308333 0.050000 0.045556
2 0.605556 0.226667 0.042222 0.051111
2 0.190000 0.396111 0.044444 0.050000
2 0.428889 0.871111 0.033333 0.055556
2 0.663333 0.867222 0.046667 0.052222
2 0.503333 0.980000 0.046667 0.040000
2 0.846111 0.963333 0.041111 0.062222
0 0.555556 0.151111 0.044444 0.057778
0 0.341111 0.071667 0.057778 0.063333
0 0.396111 0.040556 0.045556 0.052222
0 0.352222 0.357222 0.044444 0.045556
0 0.252222 0.443889 0.057778 0.063333
0 0.466111 0.911111 0.050000 0.071111
3 0.226667 0.059444 0.037778 0.061111
3 0.395556 0.113889 0.037778 0.067778
3 0.181667 0.270000 0.043333 0.060000
3 0.551667 0.512778 0.050000 0.061111
3 0.297778 0.977222 0.040000 0.045556
3 0.553889 0.976667 0.052222 0.046667
3 0.625000 0.975556 0.056667 0.048889
3 0.786111 0.952778 0.041111 0.067778
3 0.925000 0.979444 0.052222 0.041111
3 0.739444 0.887222 0.056667 0.085556
3 0.188889 0.029444 0.048889 0.056667
1 0.367222 0.408333 0.047778 0.056667
1 0.287222 0.571111 0.043333 0.066667
1 0.078333 0.547222 0.047778 0.054444
1 0.528889 0.738889 0.048889 0.057778
1 0.602222 0.925000 0.044444 0.072222
