0 0.957222 0.562222 0.072222 0.091111
0 0.798889 0.387778 0.073333 0.080000
0 0.827222 0.472222 0.052222 0.080000
0 0.721111 0.281111 0.066667 0.075556
0 0.710556 0.106111 0.045556 0.045556
0 0.478889 0.176667 0.048889 0.068889
0 0.502778 0.620556 0.063333 0.083333
0 0.492222 0.696667 0.066667 0.068889
0 0.236667 0.511667 0.064444 0.081111
3 0.377222 0.268333 0.056667 0.078889
3 0.323333 0.062778 0.062222 0.074444
3 0.199444 0.258889 0.047778 0.084444
3 0.538889 0.229444 0.048889 0.061111
3 0.749444 0.506111 0.063333 0.078889
3 0.350000 0.455556 0.057778 0.071111
3 0.556667 0.613333 0.044444 0.082222
3 0.508889 0.769444 0.051111 0.078889
3 0.183333 0.695000 0.073333 0.081111
2 0.711111 0.160000 0.042222 0.060000
2 0.657778 0.107778 0.048889 0.060000
2 0.303333 0.266111 0.057778 0.070000
2 0.421111 0.386667 0.042222 0.075556
2 0.533889 0.498333 0.047778 0.063333
2 0.578889 0.735000 0.057778 0.070000
2 0.232222 0.583889 0.060000 0.067778
2 0.189444 0.470000 0.054444 0.051111
1 0.823333 0.203333 0.051111 0.062222
1 0.612222 0.391667 0.053333 0.072222
1 0.511667 0.382778 0.056667 0.081111
1 0.461667 0.363333 0.041111 0.077778
1 0.175556 0.404444 0.064444 0.068889
1 0.298333 0.422778 0.056667 0.065556
