1 0.437222 0.450000 0.083333 0.097778
1 0.507778 0.398333 0.066667 0.076667
1 0.439444 0.699444 0.056667 0.087778
0 0.109444 0.461111 0.083333 0.102222
0 0.427778 0.225000 0.080000 0.101111
3 0.233889 0.241667 0.085556 0.092222
3 0.555556 0.141111 0.077778 0.100000
3 0.688889 0.285000 0.068889 0.103333
3 0.833889 0.280556 0.078889 0.092222
3 0.748889 0.388333 0.064444 0.081111
3 0.790556 0.500000 0.072222 0.104444
3 0.713889 0.545000 0.067778 0.092222
3 0.260556 0.510556 0.085556 0.074444
3 0.311111 0.665556 0.071111 0.080000
3 0.846667 0.672778 0.066667 0.094444
3 0.550000 0.325556 0.062222 0.093333
2 0.718333 0.159444 0.072222 0.085556
2 0.342222 0.398889 0.066667 0.062222
2 0.344444 0.483333 0.066667 0.068889
2 0.251111 0.436667 0.073333 0.066667
2 0.167778 0.671111 0.080000 0.095556
2 0.912778 0.703333 0.067778 0.104444
2 0.866667 0.488889 0.066667 0.088889
2 0.721111 0.460000 0.066667 0.084444
2 0.623889 0.453889 0.072222 0.076667
2 0.568889 0.433333 0.060000 0.077778
