3 0.655000 0.156111 0.050000 0.058889
3 0.859444 0.151667 0.056667 0.058889
3 0.843889 0.091667 0.052222 0.058889
3 0.986111 0.298889 0.027778 0.064444
3 0.396111 0.485556 0.047778 0.075556
3 0.051667 0.733889 0.058889 0.072222
3 0.376667 0.952778 0.062222 0.085556
3 0.023889 0.946111 0.045556 0.063333
2 0.543889 0.170556 0.045556 0.058889
2 0.292222 0.141111 0.053333 0.055556
2 0.181667 0.255000 0.052222 0.052222
2 0.444444 0.491667 0.042222 0.061111
2 0.231111 0.566667 0.055556 0.060000
2 0.242222 0.640556 0.055556 0.054444
2 0.718889 0.233333 0.053333 0.053333
2 0.208889 0.973333 0.060000 0.046667
1 0.646111 0.770000 0.063333 0.068889
1 0.087778 0.451111 0.060000 0.060000
1 0.968333 0.418333 0.045556 0.061111
1 0.878333 0.321667 0.058889 0.058889
0 0.538889 0.502222 0.064444 0.073333
0 0.168889 0.619444 0.066667 0.078889
0 0.344444 0.422222 0.053333 0.060000
0 0.390556 0.221111 0.058889 0.073333
0 0.920556 0.271111 0.045556 0.064444
