0 0.419444 0.175000 0.054444 0.067778
0 0.554444 0.368333 0.051111 0.058889
0 0.961667 0.848889 0.063333 0.088889
0 0.537778 0.513333 0.055556 0.062222
3 0.666667 0.217778 0.057778 0.066667
3 0.326667 0.305000 0.055556 0.063333
3 0.278889 0.160556 0.055556 0.081111
3 0.252222 0.446667 0.060000 0.071111
3 0.606111 0.567778 0.052222 0.071111
3 0.483333 0.546667 0.042222 0.057778
3 0.521667 0.578889 0.047778 0.068889
3 0.483333 0.682778 0.053333 0.078889
2 0.595556 0.126111 0.051111 0.063333
2 0.208333 0.523333 0.047778 0.064444
2 0.172778 0.489444 0.054444 0.061111
2 0.460556 0.447778 0.045556 0.062222
2 0.493889 0.486111 0.041111 0.054444
2 0.451667 0.508333 0.050000 0.054444
2 0.572778 0.700556 0.047778 0.074444
2 0.591111 0.833889 0.053333 0.067778
2 0.462222 0.755556 0.053333 0.068889
1 0.497222 0.200000 0.045556 0.068889
1 0.145556 0.176667 0.055556 0.062222
1 0.481667 0.615000 0.043333 0.058889
1 0.568333 0.621667 0.058889 0.065556
1 0.532222 0.658889 0.046667 0.068889
1 0.935000 0.772778 0.063333 0.061111
