1 0.541111 0.167222 0.057778 0.065556
1 0.488889 0.413333 0.055556 0.086667
1 0.609444 0.478333 0.061111 0.065556
1 0.398333 0.486111 0.072222 0.076667
1 0.569444 0.776667 0.067778 0.111111
1 0.493333 0.270556 0.057778 0.087778
0 0.380000 0.242778 0.068889 0.072222
0 0.656111 0.185556 0.052222 0.071111
0 0.584444 0.271667 0.062222 0.081111
0 0.615000 0.582222 0.081111 0.113333
0 0.318333 0.702222 0.072222 0.106667
0 0.747778 0.836667 0.082222 0.113333
3 0.513333 0.065556 0.048889 0.068889
3 0.389444 0.168333 0.054444 0.063333
3 0.703889 0.142778 0.056667 0.074444
3 0.602222 0.160000 0.051111 0.064444
3 0.756111 0.449444 0.054444 0.074444
3 0.786111 0.635556 0.074444 0.088889
3 0.504444 0.532222 0.062222 0.080000
3 0.461111 0.690000 0.071111 0.104444
3 0.265000 0.596111 0.067778 0.083333
3 0.728889 0.583889 0.066667 0.083333
2 0.808333 0.210000 0.070000 0.057778
2 0.760556 0.290000 0.058889 0.066667
2 0.857222 0.490556 0.074444 0.072222
2 0.635000 0.237778 0.043333 0.064444
2 0.579444 0.352778 0.067778 0.070000
2 0.540000 0.440556 0.044444 0.076667
2 0.441667 0.347778 0.063333 0.057778
2 0.341111 0.523333 0.053333 0.084444
2 0.508889 0.806111 0.060000 0.098889
