0 0.147778 0.325556 0.051111 0.057778
0 0.266667 0.405000 0.051111 0.070000
0 0.232778 0.463333 0.041111 0.055556
0 0.182778 0.375000 0.047778 0.058889
0 0.605000 0.389444 0.047778 0.061111
0 0.679444 0.383889 0.047778 0.061111
0 0.255000 0.838333 0.043333 0.054444
0 0.887778 0.488889 0.044444 0.060000
0 0.060000 0.707778 0.037778 0.060000
3 0.102778 0.791111 0.045556 0.057778
3 0.440000 0.814444 0.044444 0.055556
3 0.741111 0.806111 0.046667 0.056667
3 0.292222 0.608889 0.044444 0.055556
3 0.298889 0.662778 0.046667 0.047778
3 0.530000 0.223889 0.051111 0.058889
3 0.436111 0.370556 0.045556 0.063333
3 0.029444 0.368333 0.056667 0.070000
3 0.695000 0.327222 0.050000 0.054444
2 0.377222 0.507778 0.041111 0.053333
2 0.480556 0.468889 0.043333 0.048889
2 0.545000 0.483889 0.038889 0.054444
2 0.646667 0.434444 0.046667 0.048889
2 0.475556 0.581667 0.044444 0.056667
2 0.604444 0.697778 0.042222 0.055556
2 0.938333 0.341111 0.043333 0.062222
2 0.228889 0.736667 0.048889 0.055556
2 0.085000 0.879444 0.036667 0.058889
2 0.182222 0.922222 0.042222 0.051111
2 0.158889 0.948333 0.044444 0.045556
1 0.503889 0.831667 0.045556 0.058889
1 0.297222 0.800556 0.054444 0.052222
1 0.316667 0.466667 0.048889 0.055556
1 0.907778 0.526667 0.046667 0.048889
1 0.370556 0.046667 0.047778 0.060000
