2 0.413333 0.102222 0.046667 0.042222
2 0.543889 0.305556 0.047778 0.042222
2 0.347778 0.367222 0.040000 0.036667
2 0.373889 0.507222 0.036667 0.038889
2 0.321667 0.543889 0.041111 0.041111
2 0.370556 0.588333 0.047778 0.041111
2 0.441111 0.695556 0.051111 0.033333
2 0.129444 0.485556 0.047778 0.037778
0 0.163889 0.091667 0.052222 0.043333
0 0.261667 0.397222 0.063333 0.043333
0 0.326111 0.402778 0.063333 0.043333
0 0.181667 0.521667 0.061111 0.050000
0 0.366667 0.793889 0.060000 0.054444
0 0.452222 0.772778 0.062222 0.047778
0 0.445000 0.813333 0.061111 0.053333
0 0.579444 0.727222 0.061111 0.043333
3 0.416667 0.521111 0.048889 0.042222
3 0.450556 0.625556 0.056667 0.040000
3 0.090000 0.513889 0.060000 0.036667
3 0.142222 0.452222 0.066667 0.037778
3 0.092222 0.226667 0.055556 0.033333
3 0.298889 0.364444 0.051111 0.035556
3 0.403889 0.294444 0.052222 0.040000
3 0.363889 0.067222 0.052222 0.043333
1 0.645000 0.786111 0.052222 0.043333
1 0.415556 0.665556 0.053333 0.042222
1 0.475556 0.388333 0.062222 0.036667
1 0.453889 0.456111 0.061111 0.032222
1 0.347222 0.253889 0.050000 0.041111
1 0.190556 0.258889 0.058889 0.040000
3 0.442222 0.422222 0.046667 0.033333
3 0.368889 0.545000 0.042222 0.041111
