0 0.355000 0.145556 0.050000 0.060000
0 0.503889 0.307778 0.054444 0.068889
0 0.545000 0.338889 0.050000 0.062222
0 0.632778 0.297778 0.047778 0.066667
0 0.694444 0.713333 0.046667 0.064444
0 0.447222 0.548889 0.050000 0.064444
2 0.762778 0.643889 0.047778 0.050000
2 0.681111 0.581111 0.048889 0.048889
2 0.591667 0.535556 0.038889 0.057778
2 0.557778 0.561111 0.040000 0.062222
2 0.513889 0.590000 0.045556 0.044444
2 0.593333 0.446667 0.046667 0.046667
2 0.613333 0.387222 0.037778 0.052222
2 0.376667 0.397222 0.040000 0.047778
2 0.533889 0.192778 0.032222 0.056667
2 0.593333 0.138333 0.042222 0.052222
2 0.617222 0.245000 0.043333 0.038889
0 0.733333 0.163889 0.044444 0.063333
1 0.856667 0.308889 0.051111 0.057778
1 0.565556 0.277222 0.048889 0.052222
1 0.598889 0.333333 0.046667 0.051111
1 0.362778 0.341667 0.047778 0.058889
1 0.417222 0.383889 0.045556 0.047778
0 0.625000 0.647222 0.043333 0.063333
3 0.518889 0.679444 0.046667 0.070000
3 0.483889 0.628333 0.050000 0.045556
3 0.431111 0.447222 0.044444 0.058889
3 0.390000 0.451111 0.044444 0.062222
3 0.681111 0.466667 0.044444 0.055556
3 0.651111 0.395000 0.037778 0.054444
3 0.297222 0.384444 0.052222 0.062222
3 0.674444 0.185000 0.046667 0.061111
3 0.612222 0.196667 0.042222 0.057778
2 0.710556 0.271111 0.047778 0.055556
