2 0.329444 0.226667 0.050000 0.062222
2 0.406111 0.217778 0.045556 0.048889
2 0.493889 0.187778 0.045556 0.060000
2 0.790000 0.205000 0.051111 0.050000
2 0.771667 0.265000 0.052222 0.045556
2 0.964444 0.433333 0.048889 0.062222
2 0.713889 0.649444 0.050000 0.058889
2 0.427222 0.522778 0.036667 0.058889
2 0.275556 0.620000 0.046667 0.060000
2 0.551667 0.508333 0.032222 0.050000
2 0.592778 0.399444 0.043333 0.041111
3 0.626667 0.119444 0.044444 0.058889
3 0.827778 0.128333 0.048889 0.067778
3 0.695556 0.428333 0.046667 0.070000
3 0.609444 0.605556 0.043333 0.062222
3 0.571667 0.564444 0.043333 0.066667
3 0.468889 0.528889 0.044444 0.064444
3 0.435556 0.630556 0.048889 0.054444
3 0.426667 0.698333 0.046667 0.065556
3 0.740556 0.797222 0.047778 0.061111
0 0.837222 0.430000 0.045556 0.055556
0 0.723333 0.316111 0.042222 0.065556
0 0.776111 0.323889 0.054444 0.074444
0 0.823333 0.355000 0.048889 0.063333
0 0.775556 0.143333 0.055556 0.073333
0 0.572222 0.451111 0.044444 0.066667
0 0.527778 0.448889 0.044444 0.060000
0 0.750000 0.561667 0.048889 0.065556
1 0.571111 0.967778 0.060000 0.064444
1 0.479444 0.970000 0.047778 0.051111
1 0.628333 0.546667 0.052222 0.062222
1 0.503889 0.397778 0.045556 0.057778
1 0.532778 0.368333 0.054444 0.061111
