0 0.378889 0.040556 0.053333 0.058889
0 0.658333 0.381667 0.052222 0.065556
0 0.691111 0.938889 0.060000 0.086667
0 0.633333 0.913889 0.044444 0.078889
0 0.367222 0.886667 0.038889 0.053333
0 0.302222 0.899444 0.044444 0.052222
2 0.580000 0.529444 0.062222 0.054444
2 0.209444 0.528889 0.052222 0.055556
2 0.153333 0.910000 0.046667 0.068889
2 0.575556 0.832778 0.057778 0.052222
2 0.332778 0.857778 0.032222 0.060000
2 0.341111 0.926667 0.033333 0.042222
3 0.933889 0.465000 0.052222 0.072222
3 0.578333 0.927778 0.045556 0.064444
3 0.432222 0.932778 0.035556 0.063333
3 0.396111 0.928333 0.030000 0.058889
3 0.252778 0.872222 0.038889 0.064444
3 0.267222 0.811667 0.041111 0.054444
3 0.106667 0.879444 0.046667 0.072222
1 0.214444 0.921111 0.046667 0.060000
1 0.266667 0.930556 0.040000 0.047778
1 0.468889 0.874444 0.051111 0.066667
1 0.410556 0.865000 0.047778 0.065556
