3 0.786667 0.081667 0.040000 0.058889
3 0.492778 0.086111 0.045556 0.065556
3 0.558889 0.137222 0.033333 0.065556
3 0.643889 0.301111 0.047778 0.051111
3 0.720556 0.401667 0.041111 0.061111
3 0.590556 0.442222 0.034444 0.051111
3 0.462222 0.382778 0.035556 0.052222
3 0.491667 0.945556 0.043333 0.060000
3 0.947778 0.924444 0.046667 0.066667
2 0.522778 0.129444 0.036667 0.047778
2 0.917778 0.407778 0.048889 0.044444
2 0.646667 0.347778 0.046667 0.037778
2 0.464444 0.333333 0.051111 0.048889
2 0.419444 0.375000 0.050000 0.054444
2 0.713333 0.545556 0.040000 0.062222
2 0.495556 0.400556 0.033333 0.056667
2 0.530000 0.952222 0.035556 0.060000
1 0.762222 0.345556 0.046667 0.048889
1 0.622778 0.475000 0.038889 0.052222
1 0.228889 0.647222 0.046667 0.054444
1 0.350000 0.419444 0.040000 0.050000
0 0.286111 0.584444 0.050000 0.057778
0 0.220000 0.374444 0.055556 0.057778
0 0.243333 0.457778 0.048889 0.064444
0 0.198333 0.455000 0.050000 0.065556
0 0.153333 0.961667 0.048889 0.065556
0 0.554444 0.457222 0.040000 0.056667
0 0.485556 0.185000 0.053333 0.067778
0 0.610000 0.260556 0.044444 0.067778
0 0.928889 0.152222 0.051111 0.055556
0 0.953889 0.363333 0.036667 0.055556
1 0.753889 0.186111 0.045556 0.061111
