3 0.553333 0.102222 0.033333 0.051111
3 0.475556 0.069444 0.044444 0.058889
3 0.380556 0.141667 0.038889 0.043333
3 0.711667 0.232778 0.045556 0.050000
3 0.853889 0.293333 0.045556 0.057778
3 0.931111 0.287222 0.042222 0.047778
3 0.796111 0.552778 0.043333 0.052222
3 0.480556 0.620556 0.043333 0.058889
3 0.313333 0.922778 0.044444 0.063333
3 0.321111 0.458889 0.042222 0.055556
3 0.434444 0.361111 0.046667 0.057778
2 0.461111 0.135000 0.037778 0.045556
2 0.762222 0.206667 0.037778 0.048889
2 0.473333 0.425556 0.042222 0.035556
2 0.460000 0.571667 0.040000 0.041111
2 0.440000 0.622222 0.037778 0.055556
2 0.427778 0.570556 0.033333 0.052222
2 0.361667 0.523889 0.041111 0.052222
2 0.287222 0.418333 0.032222 0.052222
2 0.336667 0.414444 0.035556 0.046667
0 0.366667 0.186667 0.035556 0.055556
0 0.583889 0.217222 0.041111 0.063333
0 0.484444 0.522222 0.048889 0.057778
0 0.474444 0.468333 0.042222 0.050000
0 0.501667 0.388333 0.038889 0.056667
0 0.635556 0.654444 0.044444 0.064444
0 0.456111 0.935000 0.045556 0.070000
1 0.305556 0.267778 0.040000 0.057778
1 0.531111 0.354444 0.037778 0.044444
1 0.847222 0.856667 0.052222 0.068889
1 0.745000 0.963333 0.052222 0.055556
1 0.648889 0.900556 0.048889 0.056667
1 0.359444 0.928333 0.047778 0.063333
