2 0.596111 0.106667 0.056667 0.071111
2 0.183889 0.306667 0.054444 0.048889
2 0.096111 0.408333 0.054444 0.067778
2 0.493889 0.481667 0.041111 0.063333
2 0.451111 0.504444 0.048889 0.048889
2 0.461111 0.442222 0.046667 0.057778
2 0.577222 0.691667 0.043333 0.067778
2 0.462222 0.750000 0.055556 0.066667
2 0.593889 0.838889 0.058889 0.055556
1 0.494444 0.181667 0.048889 0.070000
1 0.482222 0.612778 0.051111 0.065556
1 0.567778 0.619444 0.057778 0.070000
1 0.531111 0.659444 0.048889 0.070000
1 0.952778 0.780000 0.065556 0.075556
1 0.130556 0.149444 0.063333 0.063333
3 0.269444 0.143889 0.056667 0.078889
3 0.318889 0.288333 0.055556 0.065556
3 0.672778 0.200000 0.061111 0.066667
3 0.607778 0.565000 0.053333 0.070000
3 0.524444 0.573889 0.037778 0.067778
3 0.483889 0.543333 0.045556 0.048889
3 0.239444 0.436111 0.063333 0.065556
3 0.483333 0.682778 0.051111 0.072222
0 0.129444 0.235000 0.054444 0.076667
0 0.378333 0.291667 0.058889 0.078889
0 0.415000 0.158333 0.054444 0.065556
0 0.556111 0.358889 0.052222 0.066667
0 0.540556 0.504444 0.052222 0.066667
0 0.950000 0.691111 0.066667 0.077778
0 0.973333 0.855000 0.053333 0.092222
