0 0.348333 0.306111 0.047778 0.067778
0 0.306111 0.290000 0.041111 0.062222
0 0.710000 0.251667 0.037778 0.061111
0 0.593333 0.368333 0.040000 0.063333
0 0.592222 0.445000 0.053333 0.063333
0 0.630556 0.575000 0.038889 0.063333
0 0.396667 0.662778 0.042222 0.065556
0 0.641667 0.489444 0.041111 0.045556
3 0.537222 0.037222 0.050000 0.061111
3 0.676111 0.517778 0.038889 0.060000
3 0.807778 0.683889 0.037778 0.056667
3 0.657222 0.613889 0.038889 0.047778
3 0.556667 0.606667 0.044444 0.048889
3 0.477222 0.768333 0.043333 0.061111
3 0.517222 0.855000 0.041111 0.054444
3 0.730000 0.651111 0.051111 0.060000
3 0.246111 0.398889 0.047778 0.055556
2 0.762778 0.828333 0.038889 0.052222
2 0.559444 0.777778 0.038889 0.046667
2 0.665000 0.661667 0.038889 0.050000
2 0.576667 0.550000 0.037778 0.046667
2 0.308333 0.535000 0.052222 0.045556
2 0.312222 0.582222 0.046667 0.048889
2 0.680000 0.454444 0.040000 0.044444
2 0.641111 0.423333 0.040000 0.046667
2 0.380556 0.709444 0.041111 0.050000
2 0.700000 0.155556 0.042222 0.053333
2 0.672222 0.253889 0.035556 0.050000
1 0.798889 0.331667 0.044444 0.047778
1 0.848333 0.736667 0.050000 0.057778
1 0.775000 0.652778 0.038889 0.052222
1 0.593889 0.725000 0.041111 0.067778
1 0.473333 0.702778 0.048889 0.054444
1 0.498333 0.061667 0.038889 0.065556
