3 0.900000 0.236667 0.048889 0.068889
3 0.745556 0.428333 0.051111 0.056667
3 0.621111 0.278889 0.042222 0.071111
3 0.423333 0.051111 0.046667 0.073333
3 0.308333 0.412778 0.052222 0.074444
3 0.767778 0.677222 0.053333 0.067778
3 0.522778 0.738333 0.041111 0.070000
3 0.263889 0.512778 0.054444 0.072222
3 0.587778 0.421667 0.042222 0.063333
3 0.620000 0.362778 0.055556 0.061111
3 0.647778 0.164444 0.044444 0.057778
0 0.552222 0.257778 0.057778 0.080000
0 0.425556 0.328889 0.055556 0.071111
0 0.361667 0.344444 0.050000 0.066667
0 0.630556 0.515000 0.058889 0.065556
0 0.643333 0.430000 0.060000 0.073333
0 0.695556 0.336667 0.048889 0.064444
0 0.717222 0.220556 0.050000 0.067778
3 0.670556 0.263333 0.045556 0.053333
2 0.433333 0.126111 0.053333 0.054444
2 0.445556 0.486111 0.044444 0.054444
2 0.372778 0.473889 0.050000 0.063333
2 0.527778 0.414444 0.042222 0.066667
2 0.400556 0.682778 0.043333 0.052222
2 0.431667 0.710000 0.045556 0.051111
2 0.897778 0.576111 0.051111 0.054444
2 0.651667 0.214444 0.050000 0.044444
1 0.767222 0.332222 0.052222 0.068889
1 0.872222 0.464444 0.048889 0.062222
1 0.728333 0.533889 0.047778 0.061111
1 0.572222 0.733333 0.051111 0.060000
1 0.804444 0.702222 0.040000 0.055556
