2 0.670556 0.139444 0.065556 0.052222
2 0.680000 0.195556 0.068889 0.044444
2 0.496111 0.303333 0.076667 0.046667
2 0.300556 0.393333 0.056667 0.053333
2 0.600000 0.487222 0.051111 0.047778
2 0.766667 0.649444 0.057778 0.056667
2 0.537222 0.600556 0.056667 0.045556
2 0.577778 0.580000 0.053333 0.042222
2 0.526111 0.553333 0.067778 0.048889
2 0.501111 0.437222 0.044444 0.056667
2 0.145000 0.604444 0.070000 0.055556
3 0.649444 0.640000 0.058889 0.051111
3 0.910000 0.582778 0.053333 0.047778
3 0.597778 0.772222 0.082222 0.057778
3 0.434444 0.645000 0.073333 0.063333
3 0.241667 0.681111 0.072222 0.048889
3 0.315000 0.916111 0.074444 0.056667
3 0.463889 0.563333 0.063333 0.057778
3 0.435556 0.515000 0.062222 0.054444
3 0.551111 0.459444 0.057778 0.052222
3 0.313333 0.143889 0.082222 0.063333
0 0.686111 0.751111 0.076667 0.053333
0 0.856667 0.561667 0.062222 0.058889
0 0.300000 0.455556 0.080000 0.055556
0 0.228889 0.385000 0.086667 0.074444
0 0.307778 0.201667 0.071111 0.058889
0 0.607778 0.090000 0.066667 0.057778
0 0.595556 0.186667 0.075556 0.048889
0 0.638889 0.316667 0.077778 0.053333
2 0.652222 0.843889 0.057778 0.061111
1 0.542222 0.357778 0.075556 0.053333
1 0.693333 0.608889 0.048889 0.055556
1 0.830556 0.686111 0.070000 0.054444
1 0.181111 0.650556 0.077778 0.056667
