2 0.561111 0.165000 0.033333 0.052222
2 0.278889 0.112222 0.051111 0.048889
2 0.673889 0.171111 0.041111 0.057778
2 0.594444 0.156667 0.040000 0.057778
2 0.617778 0.328889 0.040000 0.048889
2 0.800000 0.362778 0.048889 0.054444
2 0.737222 0.521111 0.041111 0.060000
2 0.691667 0.451667 0.034444 0.052222
2 0.567222 0.461111 0.041111 0.044444
2 0.286111 0.617778 0.043333 0.044444
2 0.450000 0.420556 0.037778 0.047778
0 0.342222 0.161111 0.053333 0.064444
0 0.551111 0.313889 0.048889 0.065556
0 0.535000 0.422778 0.045556 0.067778
0 0.223333 0.480000 0.053333 0.066667
0 0.754444 0.600000 0.057778 0.071111
0 0.685000 0.357222 0.047778 0.050000
0 0.715000 0.407222 0.041111 0.047778
0 0.668333 0.400556 0.050000 0.054444
3 0.305556 0.349444 0.051111 0.045556
3 0.335556 0.535000 0.046667 0.052222
3 0.437222 0.557778 0.050000 0.066667
3 0.371667 0.678333 0.054444 0.056667
3 0.580556 0.690000 0.038889 0.055556
3 0.498333 0.723889 0.041111 0.072222
1 0.611667 0.516667 0.043333 0.060000
1 0.572778 0.746667 0.041111 0.064444
1 0.386111 0.624444 0.056667 0.053333
3 0.279444 0.169444 0.043333 0.065556
3 0.751667 0.374444 0.041111 0.053333
3 0.586667 0.408333 0.057778 0.052222
0 0.128333 0.923333 0.063333 0.064444
2 0.773333 0.546667 0.044444 0.044444
1 0.581667 0.340556 0.038889 0.045556
