0 0.244444 0.240000 0.066667 0.042222
0 0.261111 0.195000 0.060000 0.043333
0 0.243333 0.474444 0.066667 0.044444
0 0.957222 0.190000 0.067778 0.048889
0 0.971111 0.461111 0.057778 0.044444
0 0.379444 0.555556 0.058889 0.051111
0 0.292778 0.590556 0.070000 0.045556
0 0.180000 0.601111 0.068889 0.053333
3 0.852778 0.039444 0.050000 0.045556
3 0.955556 0.072778 0.055556 0.045556
3 0.494444 0.323333 0.060000 0.048889
3 0.741667 0.490556 0.058889 0.047778
3 0.680556 0.471111 0.070000 0.042222
3 0.490000 0.498889 0.057778 0.044444
3 0.703333 0.593333 0.055556 0.040000
3 0.584444 0.590000 0.053333 0.046667
3 0.227778 0.518333 0.062222 0.038889
1 0.583333 0.469444 0.057778 0.036667
1 0.476111 0.463333 0.054444 0.031111
1 0.381111 0.375000 0.068889 0.047778
1 0.313889 0.045556 0.072222 0.042222
1 0.927778 0.487222 0.071111 0.043333
0 0.954444 0.311667 0.066667 0.052222
2 0.625556 0.154444 0.051111 0.042222
2 0.448889 0.277778 0.062222 0.037778
2 0.411667 0.341667 0.056667 0.036667
2 0.392778 0.611111 0.050000 0.042222
2 0.485000 0.560000 0.047778 0.044444
2 0.536111 0.580000 0.038889 0.053333
2 0.235556 0.667222 0.048889 0.050000
2 0.016111 0.241111 0.030000 0.044444
3 0.975000 0.633333 0.050000 0.042222
