3 0.443889 0.505556 0.052222 0.062222
3 0.606111 0.433889 0.056667 0.072222
3 0.743889 0.463889 0.054444 0.056667
3 0.763333 0.407222 0.042222 0.063333
3 0.932222 0.441111 0.057778 0.062222
3 0.847222 0.668333 0.050000 0.056667
3 0.713333 0.606111 0.051111 0.061111
3 0.490556 0.711667 0.050000 0.054444
3 0.857222 0.821111 0.050000 0.060000
3 0.022778 0.026111 0.043333 0.050000
2 0.680000 0.196111 0.040000 0.061111
2 0.623333 0.345000 0.042222 0.052222
2 0.734444 0.350000 0.051111 0.044444
2 0.585000 0.535556 0.043333 0.055556
2 0.685556 0.666111 0.042222 0.061111
2 0.535556 0.641667 0.053333 0.058889
2 0.723333 0.791667 0.046667 0.065556
2 0.480556 0.813333 0.050000 0.064444
0 0.837778 0.238889 0.060000 0.055556
0 0.885000 0.416111 0.050000 0.058889
0 0.816667 0.404444 0.055556 0.073333
0 0.684444 0.463889 0.051111 0.061111
0 0.705000 0.403333 0.054444 0.068889
0 0.289444 0.327778 0.061111 0.066667
0 0.209444 0.521667 0.058889 0.065556
0 0.547222 0.705000 0.063333 0.070000
1 0.642222 0.276667 0.048889 0.057778
1 0.592778 0.285556 0.050000 0.057778
1 0.536667 0.483333 0.053333 0.057778
1 0.702778 0.526667 0.054444 0.062222
1 0.846111 0.600556 0.056667 0.061111
