3 0.370556 0.091111 0.061111 0.071111
3 0.782778 0.116667 0.045556 0.060000
3 0.879444 0.249444 0.047778 0.081111
3 0.727222 0.478333 0.054444 0.070000
3 0.503889 0.406111 0.047778 0.067778
3 0.906667 0.711111 0.066667 0.075556
3 0.061667 0.685000 0.061111 0.076667
0 0.650000 0.144444 0.057778 0.082222
0 0.884444 0.146111 0.057778 0.065556
0 0.570000 0.403889 0.062222 0.078889
0 0.801111 0.177222 0.051111 0.072222
0 0.598333 0.498333 0.052222 0.072222
2 0.227222 0.196111 0.054444 0.058889
2 0.623889 0.340000 0.047778 0.062222
2 0.574444 0.321111 0.051111 0.060000
2 0.838333 0.408333 0.041111 0.067778
2 0.806111 0.433889 0.038889 0.063333
2 0.790556 0.485000 0.043333 0.063333
2 0.383333 0.449444 0.057778 0.054444
2 0.523333 0.460556 0.055556 0.054444
2 0.298889 0.693333 0.046667 0.075556
1 0.907222 0.045000 0.054444 0.072222
1 0.843333 0.181111 0.031111 0.062222
1 0.930556 0.202778 0.045556 0.072222
1 0.828889 0.243889 0.046667 0.078889
1 0.522222 0.585000 0.060000 0.078889
