3 0.312222 0.196111 0.040000 0.061111
3 0.467778 0.203889 0.037778 0.054444
3 0.438333 0.448889 0.050000 0.053333
3 0.513333 0.501111 0.040000 0.053333
3 0.707778 0.514444 0.044444 0.062222
3 0.572778 0.666111 0.050000 0.061111
3 0.344444 0.650556 0.048889 0.065556
3 0.341667 0.570000 0.043333 0.051111
3 0.083333 0.663889 0.046667 0.065556
0 0.672778 0.428889 0.041111 0.048889
3 0.557222 0.198333 0.043333 0.065556
0 0.673333 0.256667 0.046667 0.053333
0 0.677778 0.311111 0.046667 0.053333
0 0.680000 0.367222 0.051111 0.061111
0 0.908333 0.445000 0.050000 0.058889
0 0.518333 0.610556 0.041111 0.061111
0 0.470000 0.616667 0.051111 0.062222
0 0.441667 0.527222 0.047778 0.047778
0 0.460556 0.322778 0.050000 0.058889
0 0.427778 0.016111 0.037778 0.030000
2 0.366667 0.329444 0.037778 0.054444
2 0.626111 0.343333 0.041111 0.048889
2 0.191111 0.410000 0.040000 0.057778
2 0.592222 0.243889 0.033333 0.056667
2 0.623333 0.264444 0.033333 0.055556
2 0.575000 0.513333 0.034444 0.053333
2 0.453889 0.398889 0.041111 0.046667
2 0.662778 0.637222 0.036667 0.067778
2 0.414444 0.717222 0.037778 0.061111
1 0.715000 0.152778 0.038889 0.054444
1 0.710556 0.237778 0.034444 0.057778
1 0.520556 0.423889 0.050000 0.050000
1 0.543333 0.466111 0.042222 0.041111
