0 0.317778 0.197222 0.046667 0.056667
0 0.567778 0.447222 0.053333 0.061111
0 0.682222 0.730556 0.051111 0.058889
0 0.547778 0.725000 0.048889 0.063333
0 0.790556 0.835000 0.058889 0.078889
0 0.857778 0.742778 0.064444 0.072222
0 0.351111 0.832222 0.051111 0.075556
3 0.298333 0.361667 0.061111 0.065556
3 0.372778 0.330556 0.052222 0.054444
3 0.558889 0.605556 0.048889 0.064444
3 0.761111 0.752222 0.048889 0.066667
3 0.720556 0.945556 0.045556 0.071111
3 0.708889 0.882222 0.046667 0.055556
3 0.552778 0.921667 0.050000 0.061111
0 0.821111 0.481111 0.046667 0.053333
3 0.548889 0.317222 0.051111 0.052222
2 0.510556 0.898333 0.043333 0.054444
2 0.589444 0.900556 0.036667 0.067778
2 0.725556 0.548333 0.044444 0.050000
2 0.682778 0.451111 0.047778 0.051111
2 0.796111 0.412222 0.050000 0.048889
2 0.512778 0.596111 0.038889 0.056667
2 0.585556 0.569444 0.044444 0.054444
2 0.387222 0.571667 0.041111 0.054444
2 0.316667 0.502778 0.044444 0.056667
2 0.477778 0.260556 0.042222 0.054444
2 0.535556 0.256667 0.042222 0.053333
3 0.752778 0.884444 0.041111 0.068889
1 0.631111 0.895000 0.055556 0.067778
1 0.435556 0.593333 0.044444 0.064444
1 0.528889 0.501111 0.040000 0.055556
2 0.451667 0.300556 0.038889 0.056667
3 0.920556 0.455556 0.054444 0.066667
3 0.845556 0.420556 0.046667 0.052222
