0 0.101111 0.533333 0.108889 0.086667
0 0.226667 0.178333 0.086667 0.072222
0 0.699444 0.365000 0.092222 0.065556
0 0.891111 0.250556 0.082222 0.072222
0 0.517222 0.310000 0.078889 0.057778
0 0.727222 0.550556 0.092222 0.050000
0 0.398889 0.606667 0.075556 0.053333
0 0.166667 0.785000 0.093333 0.074444
3 0.482778 0.750000 0.087778 0.064444
3 0.331667 0.647222 0.078889 0.063333
3 0.450556 0.491111 0.078889 0.068889
3 0.689444 0.446111 0.072222 0.063333
3 0.081111 0.341667 0.077778 0.054444
3 0.165000 0.295556 0.085556 0.057778
3 0.525556 0.209444 0.084444 0.052222
3 0.637222 0.157778 0.063333 0.064444
3 0.568333 0.156111 0.074444 0.063333
3 0.597222 0.362222 0.081111 0.062222
1 0.532778 0.867222 0.078889 0.070000
1 0.654444 0.712222 0.075556 0.066667
1 0.479444 0.679444 0.078889 0.067778
1 0.416111 0.358333 0.087778 0.056667
1 0.252778 0.306111 0.083333 0.061111
2 0.435556 0.841667 0.071111 0.072222
2 0.340000 0.551667 0.068889 0.050000
2 0.282778 0.514444 0.070000 0.055556
2 0.802778 0.479444 0.076667 0.061111
2 0.545556 0.410556 0.077778 0.045556
2 0.503889 0.370556 0.070000 0.054444
2 0.678333 0.260000 0.083333 0.053333
2 0.613333 0.099444 0.075556 0.047778
0 0.089444 0.686111 0.098889 0.070000
