0 0.738333 0.409444 0.045556 0.063333
0 0.612778 0.432778 0.047778 0.056667
0 0.349444 0.770556 0.050000 0.056667
0 0.271667 0.614444 0.045556 0.060000
0 0.462222 0.573333 0.037778 0.055556
0 0.295556 0.563889 0.046667 0.058889
0 0.957778 0.775000 0.051111 0.058889
0 0.276667 0.340556 0.044444 0.045556
0 0.479444 0.269444 0.041111 0.043333
3 0.605000 0.297222 0.036667 0.047778
3 0.502778 0.332222 0.036667 0.046667
3 0.412778 0.318333 0.032222 0.052222
3 0.423889 0.266111 0.041111 0.050000
3 0.386667 0.481667 0.046667 0.058889
3 0.248889 0.417222 0.042222 0.052222
3 0.539444 0.419444 0.041111 0.056667
3 0.767222 0.563889 0.052222 0.058889
3 0.433889 0.700556 0.045556 0.052222
2 0.464444 0.322222 0.035556 0.053333
2 0.612778 0.340000 0.045556 0.040000
2 0.953333 0.496111 0.037778 0.054444
2 0.957222 0.546667 0.047778 0.051111
2 0.543889 0.563889 0.034444 0.054444
2 0.569444 0.593889 0.043333 0.050000
2 0.456111 0.634444 0.041111 0.046667
2 0.568889 0.780556 0.037778 0.056667
2 0.076111 0.521667 0.041111 0.058889
1 0.851111 0.216667 0.042222 0.057778
1 0.759444 0.247222 0.050000 0.052222
1 0.696667 0.415556 0.037778 0.060000
1 0.414444 0.651111 0.044444 0.048889
1 0.977222 0.834444 0.045556 0.068889
1 0.382778 0.272778 0.038889 0.047778
