3 0.427778 0.100000 0.048889 0.048889
3 0.799444 0.112222 0.054444 0.048889
3 0.796111 0.274444 0.063333 0.042222
3 0.895000 0.725556 0.052222 0.035556
3 0.755000 0.746111 0.047778 0.043333
2 0.052222 0.532778 0.055556 0.045556
2 0.014444 0.523889 0.026667 0.045556
2 0.631667 0.931111 0.052222 0.042222
2 0.968889 0.696111 0.037778 0.036667
2 0.865556 0.602778 0.060000 0.043333
2 0.722778 0.512778 0.043333 0.047778
2 0.726111 0.291111 0.050000 0.046667
0 0.273333 0.144444 0.071111 0.051111
0 0.277778 0.211111 0.062222 0.048889
0 0.406667 0.461667 0.051111 0.041111
0 0.676111 0.522222 0.052222 0.037778
0 0.242222 0.977222 0.073333 0.045556
0 0.721111 0.799444 0.060000 0.047778
0 0.815000 0.947778 0.063333 0.053333
1 0.378889 0.098333 0.046667 0.047778
1 0.576111 0.854444 0.061111 0.042222
1 0.666667 0.711111 0.048889 0.040000
1 0.956111 0.737778 0.058889 0.044444
1 0.917778 0.697778 0.060000 0.033333
