2 0.548333 0.183889 0.052222 0.072222
2 0.503889 0.301667 0.063333 0.058889
2 0.272778 0.228333 0.054444 0.063333
2 0.556667 0.523333 0.044444 0.064444
2 0.646111 0.503889 0.041111 0.065556
2 0.751667 0.327778 0.047778 0.068889
2 0.402222 0.575556 0.051111 0.071111
2 0.345000 0.736111 0.050000 0.056667
2 0.740556 0.705556 0.047778 0.060000
2 0.762778 0.616667 0.052222 0.048889
3 0.632222 0.728333 0.053333 0.061111
3 0.433333 0.830556 0.051111 0.076667
3 0.662222 0.605000 0.053333 0.058889
3 0.539444 0.640000 0.054444 0.062222
3 0.791667 0.451667 0.056667 0.070000
3 0.701111 0.468333 0.064444 0.070000
3 0.490556 0.457222 0.056667 0.063333
3 0.297778 0.315556 0.051111 0.064444
3 0.456667 0.189444 0.048889 0.072222
0 0.577778 0.335000 0.051111 0.081111
0 0.301111 0.426667 0.055556 0.062222
0 0.188889 0.513333 0.057778 0.068889
0 0.537778 0.579444 0.048889 0.061111
0 0.721667 0.535556 0.065556 0.073333
0 0.235000 0.638333 0.047778 0.065556
0 0.289444 0.776667 0.063333 0.077778
1 0.405000 0.221111 0.052222 0.075556
1 0.407778 0.378333 0.062222 0.072222
1 0.240556 0.367778 0.052222 0.057778
1 0.244444 0.432222 0.051111 0.066667
1 0.625000 0.362222 0.043333 0.071111
1 0.281111 0.678333 0.053333 0.061111
