3 0.160556 0.337222 0.058889 0.045556
3 0.168333 0.446667 0.052222 0.035556
3 0.261667 0.630000 0.067778 0.042222
3 0.020556 0.616111 0.038889 0.045556
3 0.021667 0.828333 0.041111 0.050000
3 0.527778 0.835000 0.055556 0.052222
3 0.491667 0.670556 0.050000 0.036667
3 0.498889 0.576667 0.042222 0.040000
3 0.559444 0.494444 0.058889 0.035556
2 0.178333 0.481111 0.056667 0.031111
2 0.020556 0.443333 0.038889 0.046667
2 0.495556 0.928889 0.055556 0.042222
2 0.983333 0.529444 0.033333 0.041111
2 0.503889 0.422778 0.043333 0.034444
2 0.478333 0.320556 0.054444 0.023333
1 0.594444 0.353889 0.053333 0.041111
1 0.814444 0.416667 0.066667 0.046667
1 0.679444 0.347222 0.041111 0.034444
1 0.655556 0.715000 0.051111 0.043333
1 0.553889 0.707778 0.058889 0.037778
0 0.423333 0.387222 0.062222 0.036667
0 0.435000 0.450556 0.061111 0.047778
0 0.102222 0.417222 0.062222 0.045556
0 0.517222 0.345556 0.056667 0.035556
0 0.660000 0.305556 0.055556 0.044444
0 0.489444 0.633333 0.063333 0.035556
0 0.533889 0.788889 0.056667 0.042222
