0 0.756111 0.170000 0.061111 0.082222
0 0.753333 0.438333 0.046667 0.074444
0 0.795556 0.441667 0.046667 0.067778
0 0.483333 0.291111 0.053333 0.073333
0 0.255556 0.667778 0.075556 0.084444
0 0.757778 0.656111 0.057778 0.076667
0 0.788889 0.578889 0.051111 0.071111
0 0.234444 0.252778 0.062222 0.085556
0 0.154444 0.467778 0.066667 0.066667
3 0.255556 0.125556 0.064444 0.080000
3 0.613889 0.368889 0.054444 0.055556
3 0.802778 0.354444 0.043333 0.064444
3 0.458889 0.443333 0.053333 0.071111
3 0.555556 0.510000 0.053333 0.062222
3 0.681111 0.446667 0.051111 0.071111
3 0.558889 0.650000 0.053333 0.064444
3 0.379444 0.679444 0.056667 0.063333
3 0.796667 0.784444 0.057778 0.073333
1 0.655556 0.268889 0.048889 0.060000
1 0.696667 0.234444 0.051111 0.071111
1 0.630556 0.435556 0.052222 0.066667
1 0.547222 0.588889 0.058889 0.055556
1 0.685000 0.657778 0.047778 0.077778
