3 0.405000 0.097222 0.047778 0.061111
3 0.797778 0.222778 0.044444 0.070000
3 0.465556 0.200000 0.046667 0.062222
3 0.616667 0.273889 0.055556 0.063333
3 0.332222 0.423333 0.044444 0.060000
3 0.460000 0.467778 0.055556 0.064444
3 0.599444 0.555000 0.061111 0.072222
3 0.873333 0.411667 0.062222 0.078889
3 0.180556 0.650000 0.063333 0.088889
3 0.197222 0.447778 0.050000 0.066667
2 0.709444 0.175556 0.052222 0.066667
2 0.683889 0.359444 0.050000 0.054444
2 0.625000 0.356667 0.050000 0.075556
2 0.531111 0.382222 0.051111 0.055556
2 0.453889 0.334444 0.045556 0.060000
2 0.553889 0.498333 0.043333 0.067778
2 0.673333 0.500556 0.046667 0.074444
2 0.202222 0.288889 0.055556 0.055556
2 0.245000 0.332778 0.054444 0.054444
0 0.562778 0.173889 0.050000 0.070000
0 0.298333 0.226667 0.052222 0.066667
0 0.755556 0.482222 0.048889 0.071111
0 0.517222 0.642222 0.072222 0.086667
0 0.683333 0.685556 0.082222 0.082222
0 0.871111 0.771667 0.071111 0.098889
0 0.399444 0.709444 0.056667 0.098889
0 0.326667 0.625000 0.071111 0.087778
1 0.228333 0.204444 0.054444 0.071111
1 0.341111 0.719444 0.060000 0.090000
0 0.714444 0.447778 0.046667 0.071111
1 0.338333 0.273889 0.043333 0.070000
1 0.276111 0.178333 0.047778 0.043333
