1 0.531111 0.367778 0.062222 0.046667
1 0.492222 0.294444 0.051111 0.044444
1 0.484444 0.625000 0.057778 0.038889
1 0.832222 0.466667 0.062222 0.040000
1 0.434444 0.531111 0.066667 0.042222
1 0.190000 0.412778 0.062222 0.050000
2 0.273333 0.691111 0.057778 0.051111
2 0.162222 0.567778 0.057778 0.044444
2 0.223889 0.541111 0.061111 0.040000
2 0.312222 0.338333 0.053333 0.041111
2 0.390556 0.370556 0.050000 0.045556
2 0.388333 0.277778 0.050000 0.040000
2 0.581667 0.226111 0.041111 0.043333
2 0.551667 0.113333 0.061111 0.028889
0 0.216667 0.330000 0.064444 0.053333
0 0.447222 0.366111 0.054444 0.043333
0 0.385556 0.325556 0.057778 0.044444
0 0.667778 0.510000 0.057778 0.055556
0 0.533333 0.247222 0.062222 0.047778
0 0.351111 0.610000 0.071111 0.055556
3 0.265556 0.143333 0.062222 0.051111
3 0.383333 0.235000 0.057778 0.038889
3 0.501111 0.213889 0.037778 0.030000
3 0.552222 0.196667 0.060000 0.037778
3 0.562778 0.148333 0.063333 0.036667
3 0.592222 0.275556 0.053333 0.044444
3 0.571667 0.330000 0.067778 0.046667
3 0.700556 0.474444 0.061111 0.044444
3 0.438333 0.598889 0.056667 0.044444
3 0.439444 0.287222 0.050000 0.045556
3 0.454444 0.327222 0.048889 0.034444
