2 0.577778 0.101667 0.055556 0.056667
2 0.438333 0.114444 0.054444 0.044444
2 0.605556 0.403889 0.055556 0.070000
2 0.673333 0.508333 0.048889 0.072222
2 0.667222 0.616111 0.043333 0.081111
2 0.550000 0.745556 0.066667 0.068889
2 0.374444 0.640000 0.064444 0.071111
2 0.411667 0.576667 0.056667 0.066667
2 0.186667 0.580556 0.057778 0.076667
2 0.436667 0.385000 0.051111 0.056667
0 0.744444 0.886111 0.071111 0.105556
0 0.732778 0.644444 0.065556 0.084444
0 0.712778 0.567222 0.058889 0.065556
0 0.562778 0.547778 0.063333 0.077778
0 0.480000 0.598333 0.071111 0.096667
0 0.361111 0.518333 0.060000 0.096667
3 0.653333 0.867778 0.064444 0.093333
3 0.565000 0.827778 0.058889 0.091111
3 0.562778 0.647222 0.058889 0.090000
3 0.615000 0.602778 0.056667 0.076667
3 0.478333 0.344444 0.056667 0.062222
3 0.670556 0.213333 0.050000 0.075556
3 0.718333 0.215556 0.047778 0.064444
3 0.203889 0.302778 0.065556 0.065556
3 0.131667 0.463889 0.058889 0.076667
3 0.286111 0.631667 0.054444 0.083333
1 0.810556 0.453333 0.072222 0.080000
3 0.662778 0.418889 0.063333 0.080000
1 0.428889 0.167778 0.053333 0.068889
1 0.297778 0.224444 0.062222 0.071111
1 0.235000 0.249444 0.058889 0.058889
2 0.168333 0.360556 0.052222 0.063333
1 0.620556 0.703889 0.074444 0.083333
