3 0.761667 0.239444 0.076667 0.085556
3 0.737222 0.509444 0.076667 0.072222
3 0.688889 0.665000 0.073333 0.081111
3 0.155000 0.673333 0.065556 0.091111
3 0.451111 0.322222 0.062222 0.084444
3 0.164444 0.278333 0.073333 0.085556
3 0.246667 0.390556 0.062222 0.074444
3 0.442222 0.142222 0.082222 0.093333
3 0.289444 0.543889 0.072222 0.083333
3 0.207222 0.503333 0.074444 0.084444
2 0.827222 0.668889 0.081111 0.086667
2 0.652222 0.482222 0.062222 0.068889
2 0.745556 0.436667 0.064444 0.068889
2 0.653333 0.399444 0.066667 0.058889
2 0.437222 0.435556 0.052222 0.088889
2 0.381111 0.455000 0.071111 0.074444
2 0.281667 0.460556 0.063333 0.078889
2 0.132778 0.487222 0.067778 0.094444
2 0.089444 0.701667 0.067778 0.094444
2 0.279444 0.154444 0.076667 0.075556
1 0.560556 0.700000 0.054444 0.086667
1 0.483889 0.396111 0.076667 0.070000
1 0.562778 0.453333 0.076667 0.095556
0 0.573889 0.225000 0.072222 0.107778
0 0.312222 0.284444 0.073333 0.097778
0 0.891111 0.459444 0.088889 0.103333
