3 0.893333 0.220000 0.086667 0.057778
3 0.805000 0.530556 0.072222 0.058889
3 0.607222 0.442222 0.065556 0.057778
3 0.357778 0.538333 0.075556 0.061111
3 0.467222 0.328889 0.078889 0.053333
3 0.298889 0.168333 0.077778 0.054444
3 0.163333 0.166111 0.073333 0.056667
3 0.239444 0.343333 0.072222 0.064444
3 0.310556 0.271667 0.085556 0.050000
3 0.610000 0.583889 0.064444 0.067778
0 0.735556 0.545000 0.075556 0.056667
0 0.565556 0.386667 0.075556 0.060000
0 0.470000 0.388889 0.077778 0.051111
0 0.346111 0.441667 0.090000 0.065556
0 0.332222 0.383889 0.082222 0.054444
0 0.316667 0.329444 0.082222 0.050000
0 0.393889 0.283333 0.083333 0.060000
2 0.391111 0.075556 0.062222 0.048889
2 0.277222 0.125556 0.072222 0.044444
2 0.546667 0.238889 0.064444 0.060000
2 0.696111 0.178889 0.061111 0.057778
2 0.627222 0.498333 0.061111 0.054444
2 0.565556 0.515556 0.073333 0.051111
2 0.478889 0.441111 0.066667 0.044444
1 0.681111 0.595000 0.075556 0.061111
1 0.539444 0.452222 0.063333 0.051111
1 0.199444 0.451111 0.074444 0.062222
1 0.753889 0.186111 0.061111 0.063333
1 0.635000 0.155556 0.070000 0.062222
2 0.216667 0.636111 0.073333 0.065556
