2 0.391111 0.233889 0.044444 0.056667
2 0.284444 0.300556 0.037778 0.056667
2 0.602778 0.355556 0.041111 0.057778
2 0.372778 0.376111 0.034444 0.054444
2 0.329444 0.439444 0.041111 0.065556
2 0.478333 0.756111 0.047778 0.067778
2 0.467778 0.842222 0.053333 0.071111
0 0.689444 0.373889 0.054444 0.067778
0 0.516111 0.255556 0.047778 0.055556
0 0.585556 0.206667 0.066667 0.037778
0 0.447222 0.497222 0.045556 0.067778
0 0.236667 0.348333 0.055556 0.070000
0 0.272222 0.387222 0.055556 0.070000
0 0.459444 0.347222 0.045556 0.061111
0 0.435556 0.672778 0.062222 0.083333
3 0.585556 0.256667 0.040000 0.062222
3 0.505000 0.312778 0.041111 0.054444
3 0.544444 0.387222 0.051111 0.058889
3 0.600000 0.454444 0.053333 0.055556
3 0.801111 0.500000 0.057778 0.051111
3 0.835556 0.332778 0.053333 0.058889
3 0.252778 0.471111 0.054444 0.068889
3 0.282222 0.698333 0.060000 0.076667
3 0.215556 0.808889 0.051111 0.077778
1 0.412778 0.393889 0.050000 0.056667
1 0.374444 0.463333 0.051111 0.057778
1 0.512778 0.570000 0.052222 0.066667
1 0.515556 0.638333 0.062222 0.067778
1 0.625000 0.289444 0.043333 0.054444
