1 0.333889 0.028333 0.054444 0.054444
1 0.578889 0.503333 0.044444 0.051111
1 0.438889 0.580556 0.048889 0.052222
1 0.403889 0.470556 0.043333 0.047778
1 0.670000 0.630556 0.048889 0.047778
1 0.352222 0.716111 0.044444 0.056667
1 0.542222 0.976111 0.046667 0.047778
0 0.794444 0.036667 0.042222 0.066667
0 0.822778 0.272778 0.045556 0.056667
0 0.697222 0.403333 0.054444 0.060000
0 0.542222 0.577778 0.048889 0.064444
0 0.834444 0.657222 0.048889 0.058889
0 0.668889 0.960556 0.048889 0.065556
0 0.349444 0.505000 0.045556 0.047778
2 0.728889 0.037778 0.028889 0.060000
2 0.758333 0.038889 0.032222 0.060000
2 0.794444 0.203333 0.042222 0.040000
2 0.918333 0.540556 0.043333 0.047778
2 0.827222 0.549444 0.041111 0.043333
2 0.698889 0.669444 0.044444 0.050000
2 0.650000 0.583889 0.044444 0.041111
2 0.392778 0.544444 0.041111 0.048889
3 0.343333 0.094444 0.035556 0.060000
3 0.110000 0.121111 0.048889 0.064444
3 0.359444 0.441667 0.047778 0.056667
3 0.343333 0.571111 0.042222 0.051111
3 0.489444 0.607222 0.036667 0.050000
3 0.516667 0.642778 0.035556 0.058889
3 0.705000 0.479444 0.043333 0.047778
0 0.815000 0.498889 0.036667 0.048889
