1 0.353889 0.325556 0.047778 0.060000
1 0.655556 0.556111 0.055556 0.070000
1 0.556667 0.078889 0.048889 0.071111
0 0.027222 0.540000 0.052222 0.080000
0 0.020556 0.605556 0.038889 0.062222
0 0.393333 0.644444 0.051111 0.073333
0 0.501667 0.615000 0.050000 0.081111
0 0.020000 0.269444 0.037778 0.070000
3 0.043889 0.414444 0.047778 0.060000
3 0.365000 0.165556 0.041111 0.060000
3 0.407222 0.202778 0.050000 0.070000
3 0.678889 0.316667 0.046667 0.057778
3 0.552778 0.628333 0.052222 0.061111
3 0.768333 0.663333 0.054444 0.051111
3 0.772222 0.714444 0.048889 0.053333
3 0.802778 0.765556 0.054444 0.066667
3 0.430556 0.727778 0.052222 0.060000
3 0.435000 0.827222 0.052222 0.058889
3 0.189444 0.837222 0.054444 0.065556
2 0.463333 0.442778 0.046667 0.056667
2 0.316667 0.622778 0.046667 0.065556
2 0.775000 0.533889 0.050000 0.056667
2 0.735556 0.548889 0.042222 0.055556
2 0.615000 0.609444 0.043333 0.054444
