3 0.456111 0.075000 0.047778 0.054444
3 0.327778 0.550556 0.048889 0.078889
3 0.536111 0.335556 0.054444 0.071111
3 0.816667 0.964444 0.071111 0.071111
3 0.431111 0.966111 0.057778 0.067778
3 0.626667 0.271667 0.042222 0.054444
3 0.585556 0.254444 0.042222 0.053333
2 0.406111 0.311111 0.045556 0.053333
2 0.599444 0.443333 0.041111 0.057778
2 0.553333 0.506667 0.044444 0.060000
2 0.372778 0.537778 0.041111 0.060000
2 0.847778 0.767222 0.060000 0.061111
2 0.937222 0.406667 0.045556 0.064444
2 0.981667 0.343889 0.036667 0.067778
2 0.273889 0.973333 0.056667 0.053333
1 0.582222 0.314444 0.044444 0.060000
1 0.346667 0.101667 0.042222 0.050000
1 0.222222 0.407222 0.051111 0.061111
1 0.722222 0.583333 0.057778 0.066667
1 0.601667 0.968889 0.061111 0.062222
0 0.567778 0.185556 0.048889 0.062222
0 0.375000 0.173333 0.045556 0.064444
0 0.247222 0.342778 0.052222 0.067778
0 0.557778 0.438333 0.046667 0.061111
0 0.761667 0.541667 0.045556 0.067778
0 0.972778 0.845000 0.054444 0.090000
0 0.962778 0.201667 0.056667 0.078889
