2 0.465556 0.075556 0.035556 0.064444
2 0.666667 0.130000 0.040000 0.053333
2 0.243889 0.065556 0.041111 0.060000
2 0.597222 0.421111 0.032222 0.057778
2 0.436111 0.775000 0.045556 0.050000
2 0.851111 0.733333 0.046667 0.053333
2 0.876667 0.791667 0.040000 0.050000
2 0.266111 0.988889 0.050000 0.022222
0 0.298333 0.305000 0.056667 0.067778
0 0.468889 0.321111 0.040000 0.057778
0 0.385000 0.311111 0.054444 0.055556
0 0.806667 0.229444 0.048889 0.056667
0 0.730000 0.206667 0.033333 0.055556
0 0.847778 0.122778 0.048889 0.061111
0 0.867222 0.546667 0.054444 0.066667
0 0.567778 0.551667 0.042222 0.061111
0 0.270000 0.550000 0.051111 0.066667
0 0.611667 0.855556 0.045556 0.068889
3 0.143889 0.136111 0.045556 0.070000
3 0.625556 0.230000 0.046667 0.053333
3 0.707778 0.392778 0.044444 0.065556
3 0.896111 0.231111 0.043333 0.064444
3 0.918889 0.471111 0.042222 0.053333
3 0.431111 0.836111 0.040000 0.067778
3 0.422222 0.490000 0.046667 0.062222
3 0.273889 0.881111 0.050000 0.066667
3 0.221111 0.787222 0.051111 0.058889
1 0.219444 0.313889 0.045556 0.072222
1 0.564444 0.413333 0.033333 0.057778
1 0.761667 0.240556 0.038889 0.063333
1 0.387778 0.653333 0.046667 0.060000
1 0.159444 0.586667 0.047778 0.064444
