2 0.266667 0.734444 0.046667 0.064444
2 0.230556 0.414444 0.054444 0.051111
2 0.323889 0.441111 0.052222 0.055556
2 0.508889 0.638889 0.046667 0.060000
2 0.720000 0.563889 0.048889 0.056667
2 0.717778 0.476667 0.042222 0.055556
2 0.581667 0.463333 0.047778 0.060000
2 0.529444 0.397778 0.047778 0.053333
2 0.470556 0.323889 0.041111 0.054444
2 0.564444 0.174444 0.044444 0.051111
1 0.357778 0.377222 0.042222 0.061111
1 0.569444 0.282778 0.041111 0.067778
1 0.350556 0.713333 0.054444 0.062222
1 0.351111 0.319444 0.053333 0.052222
2 0.386667 0.263333 0.051111 0.051111
3 0.324444 0.259444 0.042222 0.061111
3 0.405556 0.638889 0.051111 0.066667
3 0.515556 0.752778 0.053333 0.061111
3 0.647778 0.706111 0.046667 0.072222
3 0.564444 0.624444 0.055556 0.075556
3 0.593889 0.521111 0.050000 0.060000
3 0.521111 0.520000 0.046667 0.060000
3 0.460556 0.483333 0.050000 0.066667
3 0.696111 0.370000 0.047778 0.053333
0 0.269444 0.210000 0.056667 0.077778
0 0.665556 0.265556 0.053333 0.062222
0 0.225000 0.328333 0.056667 0.067778
0 0.199444 0.470556 0.047778 0.070000
0 0.255556 0.505000 0.055556 0.058889
0 0.381667 0.511111 0.058889 0.064444
0 0.250556 0.591111 0.043333 0.064444
0 0.676111 0.595556 0.045556 0.062222
