0 0.342778 0.183889 0.058889 0.072222
0 0.707778 0.161667 0.051111 0.067778
0 0.467778 0.215556 0.040000 0.053333
0 0.441667 0.290000 0.050000 0.071111
0 0.140556 0.353889 0.058889 0.065556
0 0.446111 0.849444 0.052222 0.078889
0 0.800556 0.563889 0.050000 0.067778
3 0.558333 0.157778 0.050000 0.060000
3 0.610556 0.374444 0.047778 0.071111
3 0.740000 0.406667 0.046667 0.062222
3 0.554444 0.299444 0.044444 0.065556
3 0.238333 0.320000 0.052222 0.064444
3 0.213889 0.156667 0.054444 0.053333
3 0.163889 0.653333 0.054444 0.071111
3 0.356667 0.645000 0.064444 0.067778
3 0.606111 0.719444 0.050000 0.058889
3 0.727222 0.335000 0.043333 0.058889
2 0.887222 0.295000 0.041111 0.065556
2 0.671667 0.520000 0.034444 0.055556
2 0.902222 0.437778 0.046667 0.053333
2 0.632778 0.514444 0.047778 0.064444
2 0.319444 0.430000 0.043333 0.053333
2 0.216111 0.498333 0.052222 0.056667
2 0.363889 0.279444 0.036667 0.058889
2 0.308889 0.585556 0.048889 0.051111
1 0.397222 0.292778 0.032222 0.063333
1 0.169444 0.227222 0.054444 0.061111
1 0.147778 0.457778 0.055556 0.075556
1 0.525000 0.798333 0.056667 0.065556
1 0.689444 0.686667 0.061111 0.064444
1 0.699444 0.566111 0.050000 0.061111
2 0.705556 0.863333 0.046667 0.082222
2 0.862222 0.812778 0.057778 0.078889
