3 0.263889 0.061667 0.052222 0.065556
3 0.120556 0.049444 0.052222 0.074444
3 0.187222 0.032778 0.054444 0.063333
3 0.577222 0.056111 0.054444 0.078889
3 0.656111 0.050556 0.045556 0.067778
3 0.752222 0.512778 0.042222 0.052222
3 0.780000 0.546111 0.044444 0.054444
3 0.245000 0.757778 0.045556 0.051111
3 0.288333 0.780556 0.054444 0.056667
3 0.181667 0.785556 0.054444 0.060000
3 0.020000 0.710000 0.037778 0.064444
3 0.041111 0.589444 0.046667 0.063333
3 0.333889 0.775000 0.045556 0.058889
0 0.322778 0.161667 0.067778 0.072222
0 0.801667 0.053333 0.058889 0.075556
0 0.726111 0.555556 0.036667 0.046667
0 0.214444 0.702222 0.051111 0.055556
0 0.068333 0.720556 0.056667 0.072222
2 0.531111 0.715000 0.053333 0.061111
2 0.126667 0.501667 0.053333 0.052222
2 0.401667 0.380000 0.045556 0.053333
2 0.291111 0.716667 0.051111 0.048889
2 0.176667 0.726111 0.033333 0.038889
2 0.407778 0.917778 0.042222 0.057778
2 0.491667 0.026667 0.065556 0.051111
2 0.686667 0.100556 0.044444 0.052222
1 0.646667 0.158889 0.048889 0.064444
1 0.856667 0.487778 0.064444 0.057778
1 0.752778 0.597778 0.054444 0.051111
1 0.372778 0.431111 0.052222 0.053333
1 0.044444 0.027222 0.053333 0.052222
