2 0.833889 0.197778 0.052222 0.035556
2 0.530556 0.338333 0.050000 0.036667
2 0.390556 0.340000 0.054444 0.042222
2 0.757778 0.447222 0.053333 0.036667
2 0.937222 0.627778 0.047778 0.040000
2 0.670000 0.558333 0.053333 0.032222
2 0.643333 0.615000 0.053333 0.034444
2 0.417778 0.563889 0.046667 0.041111
2 0.255556 0.676667 0.044444 0.051111
2 0.211667 0.458889 0.054444 0.035556
0 0.423333 0.230000 0.057778 0.040000
0 0.767222 0.415000 0.058889 0.041111
0 0.729444 0.146111 0.063333 0.052222
0 0.697222 0.666111 0.063333 0.054444
0 0.518333 0.677778 0.063333 0.044444
0 0.477222 0.744444 0.058889 0.046667
3 0.600556 0.265556 0.061111 0.042222
3 0.588889 0.381111 0.044444 0.046667
3 0.433333 0.431111 0.060000 0.046667
3 0.253889 0.406111 0.065556 0.038889
3 0.261111 0.371667 0.060000 0.038889
3 0.574444 0.539444 0.057778 0.041111
3 0.421667 0.527222 0.052222 0.038889
3 0.361667 0.566667 0.058889 0.046667
3 0.475000 0.630556 0.058889 0.038889
3 0.540000 0.375000 0.051111 0.041111
1 0.643333 0.136667 0.053333 0.048889
1 0.702778 0.300556 0.047778 0.041111
1 0.797222 0.372778 0.065556 0.036667
1 0.675000 0.491111 0.061111 0.040000
1 0.346667 0.604444 0.060000 0.037778
1 0.688333 0.590000 0.047778 0.037778
