0 0.265556 0.152222 0.060000 0.086667
0 0.555556 0.269444 0.060000 0.072222
0 0.846667 0.225556 0.064444 0.086667
0 0.795556 0.652778 0.075556 0.085556
0 0.900000 0.445556 0.060000 0.066667
0 0.277778 0.430556 0.051111 0.070000
0 0.240556 0.572778 0.052222 0.067778
0 0.275556 0.652778 0.057778 0.076667
3 0.240000 0.783333 0.062222 0.080000
3 0.480000 0.635000 0.051111 0.065556
3 0.671667 0.665000 0.054444 0.065556
3 0.586111 0.428333 0.054444 0.067778
3 0.496667 0.455556 0.046667 0.066667
3 0.356111 0.448889 0.054444 0.068889
3 0.422222 0.355556 0.057778 0.062222
3 0.792222 0.100000 0.066667 0.082222
2 0.659444 0.741111 0.056667 0.064444
2 0.447778 0.719444 0.053333 0.078889
2 0.396111 0.623333 0.050000 0.064444
2 0.352778 0.529444 0.047778 0.067778
2 0.301667 0.511667 0.054444 0.061111
2 0.506111 0.515556 0.056667 0.057778
2 0.632222 0.483889 0.046667 0.065556
2 0.332778 0.319444 0.050000 0.065556
1 0.737778 0.256667 0.060000 0.064444
1 0.377222 0.250000 0.056667 0.062222
1 0.335556 0.219444 0.048889 0.070000
1 0.352222 0.641667 0.051111 0.078889
1 0.408333 0.423333 0.061111 0.068889
1 0.493333 0.573889 0.057778 0.056667
0 0.227778 0.432222 0.048889 0.077778
3 0.221667 0.342778 0.056667 0.063333
