0 0.834444 0.191111 0.068889 0.055556
0 0.562222 0.091111 0.053333 0.055556
0 0.397778 0.288889 0.062222 0.046667
0 0.236667 0.572778 0.071111 0.058889
0 0.337222 0.727222 0.076667 0.052222
0 0.132222 0.723333 0.077778 0.060000
0 0.584444 0.517778 0.064444 0.035556
0 0.562222 0.459444 0.071111 0.045556
1 0.522222 0.181667 0.060000 0.056667
1 0.683889 0.133889 0.065556 0.052222
1 0.680000 0.362222 0.057778 0.051111
1 0.592778 0.323889 0.070000 0.052222
1 0.561111 0.572778 0.060000 0.052222
2 0.660000 0.658333 0.048889 0.052222
2 0.970000 0.571667 0.055556 0.047778
2 0.620000 0.556111 0.051111 0.043333
2 0.266667 0.721111 0.055556 0.042222
2 0.526111 0.502222 0.058889 0.035556
2 0.682778 0.241111 0.056667 0.042222
2 0.965000 0.316111 0.054444 0.050000
2 0.968889 0.391667 0.053333 0.054444
3 0.661111 0.837222 0.073333 0.061111
3 0.540556 0.772778 0.065556 0.054444
3 0.364444 0.606667 0.053333 0.048889
3 0.078889 0.661667 0.080000 0.052222
3 0.128889 0.212778 0.068889 0.052222
3 0.334444 0.240556 0.064444 0.045556
3 0.397222 0.247778 0.061111 0.037778
3 0.506667 0.247222 0.055556 0.045556
3 0.506667 0.380556 0.051111 0.043333
3 0.412778 0.385000 0.061111 0.041111
