3 0.893333 0.876667 0.055556 0.062222
3 0.656111 0.904444 0.043333 0.057778
3 0.295000 0.521667 0.041111 0.043333
3 0.641111 0.559444 0.048889 0.061111
3 0.655000 0.430556 0.045556 0.050000
3 0.509444 0.391667 0.036667 0.047778
3 0.483889 0.356111 0.038889 0.061111
3 0.368889 0.022778 0.037778 0.043333
3 0.271111 0.022222 0.051111 0.042222
1 0.457778 0.023889 0.042222 0.045556
1 0.648889 0.283889 0.044444 0.054444
1 0.558333 0.418889 0.041111 0.053333
1 0.594444 0.529444 0.040000 0.047778
1 0.330556 0.366111 0.045556 0.050000
1 0.665556 0.973889 0.048889 0.052222
0 0.650000 0.496667 0.048889 0.053333
0 0.167222 0.345556 0.054444 0.064444
0 0.185000 0.497778 0.038889 0.046667
0 0.422222 0.498333 0.044444 0.050000
0 0.455556 0.416667 0.046667 0.057778
2 0.603889 0.453333 0.041111 0.055556
2 0.301667 0.330556 0.041111 0.043333
2 0.348889 0.418333 0.044444 0.045556
2 0.205556 0.796667 0.042222 0.048889
2 0.175000 0.450000 0.047778 0.044444
2 0.083889 0.457778 0.050000 0.048889
0 0.330000 0.036111 0.048889 0.065556
0 0.175556 0.729444 0.046667 0.056667
0 0.300556 0.596111 0.056667 0.063333
0 0.205556 0.967222 0.037778 0.056667
2 0.271667 0.963333 0.032222 0.055556
2 0.246111 0.963889 0.036667 0.056667
