0 0.491111 0.086111 0.060000 0.052222
0 0.553889 0.214444 0.076667 0.057778
0 0.486111 0.282778 0.065556 0.047778
0 0.162222 0.236667 0.082222 0.057778
0 0.735000 0.549444 0.087778 0.063333
0 0.410000 0.575556 0.066667 0.055556
0 0.352222 0.621111 0.075556 0.057778
0 0.235000 0.185000 0.083333 0.047778
3 0.771667 0.255556 0.078889 0.062222
3 0.593889 0.457222 0.072222 0.052222
3 0.506667 0.433333 0.062222 0.048889
3 0.426667 0.353333 0.068889 0.044444
3 0.483333 0.567778 0.071111 0.048889
3 0.377222 0.529444 0.072222 0.041111
3 0.355000 0.347778 0.058889 0.046667
3 0.301667 0.773889 0.083333 0.063333
3 0.704444 0.732778 0.064444 0.052222
3 0.670000 0.810000 0.071111 0.060000
1 0.596667 0.305000 0.071111 0.054444
1 0.611667 0.400000 0.074444 0.051111
1 0.367778 0.461667 0.075556 0.043333
1 0.310000 0.316667 0.055556 0.062222
1 0.570556 0.856111 0.078889 0.065556
1 0.385000 0.732778 0.070000 0.056667
2 0.740000 0.639444 0.062222 0.056667
2 0.701667 0.402222 0.063333 0.042222
2 0.725000 0.481111 0.070000 0.044444
2 0.495000 0.493889 0.061111 0.054444
2 0.510556 0.371667 0.065556 0.041111
2 0.392778 0.422778 0.065556 0.041111
2 0.488889 0.335000 0.060000 0.041111
2 0.440556 0.310000 0.054444 0.040000
