0 0.416111 0.315556 0.078889 0.057778
0 0.302222 0.305556 0.077778 0.060000
0 0.704444 0.416667 0.064444 0.046667
0 0.368889 0.570556 0.066667 0.052222
0 0.603889 0.344444 0.061111 0.051111
0 0.501667 0.468889 0.058889 0.053333
0 0.750556 0.510000 0.061111 0.046667
2 0.839444 0.907222 0.054444 0.045556
2 0.562778 0.706111 0.065556 0.041111
2 0.731667 0.597778 0.050000 0.044444
2 0.752778 0.698333 0.045556 0.045556
2 0.910556 0.533889 0.061111 0.041111
2 0.835000 0.502778 0.047778 0.045556
2 0.571667 0.507222 0.050000 0.050000
2 0.452222 0.533889 0.048889 0.038889
2 0.345556 0.524444 0.048889 0.044444
2 0.298333 0.475000 0.061111 0.045556
2 0.747222 0.300556 0.058889 0.050000
3 0.385556 0.357778 0.066667 0.048889
3 0.291667 0.407222 0.070000 0.050000
3 0.631667 0.426111 0.058889 0.047778
3 0.798333 0.453333 0.063333 0.051111
3 0.353333 0.655000 0.064444 0.054444
3 0.690000 0.634444 0.062222 0.044444
3 0.742222 0.640000 0.060000 0.042222
3 0.803333 0.696667 0.055556 0.051111
3 0.562778 0.796111 0.058889 0.045556
3 0.413889 0.637778 0.058889 0.042222
1 0.600000 0.233889 0.062222 0.050000
1 0.670000 0.370556 0.066667 0.043333
1 0.791667 0.610556 0.063333 0.045556
1 0.586111 0.841111 0.063333 0.051111
1 0.494444 0.776667 0.060000 0.053333
3 0.688333 0.681667 0.061111 0.050000
