0 0.328333 0.087222 0.050000 0.067778
0 0.663889 0.192222 0.054444 0.073333
0 0.499444 0.272222 0.054444 0.066667
0 0.282778 0.271667 0.052222 0.065556
0 0.610000 0.435556 0.057778 0.066667
0 0.366667 0.700556 0.057778 0.072222
0 0.220556 0.828889 0.072222 0.088889
0 0.523333 0.870556 0.053333 0.076667
1 0.828333 0.411111 0.061111 0.073333
1 0.386111 0.165000 0.045556 0.065556
1 0.271111 0.366667 0.055556 0.066667
1 0.485556 0.499444 0.055556 0.063333
1 0.287778 0.782222 0.060000 0.075556
1 0.679444 0.467222 0.052222 0.065556
3 0.429444 0.366111 0.054444 0.061111
3 0.292222 0.560000 0.057778 0.077778
3 0.660000 0.704444 0.053333 0.071111
3 0.603889 0.612778 0.047778 0.070000
3 0.593889 0.701667 0.052222 0.074444
3 0.548889 0.678889 0.044444 0.064444
3 0.443333 0.778889 0.053333 0.064444
3 0.538333 0.521111 0.047778 0.062222
3 0.678889 0.364444 0.057778 0.062222
2 0.458333 0.198333 0.041111 0.058889
2 0.488333 0.221111 0.045556 0.037778
2 0.504444 0.385000 0.048889 0.052222
2 0.534444 0.419444 0.051111 0.047778
2 0.569444 0.460556 0.043333 0.061111
2 0.646667 0.557222 0.044444 0.054444
2 0.786667 0.458333 0.046667 0.061111
2 0.436111 0.600000 0.047778 0.073333
2 0.472778 0.557778 0.043333 0.057778
2 0.548333 0.582222 0.045556 0.060000
2 0.166667 0.832222 0.040000 0.073333
