2 0.536111 0.158333 0.041111 0.058889
2 0.451111 0.060000 0.046667 0.046667
2 0.772222 0.450000 0.037778 0.057778
2 0.834444 0.585000 0.040000 0.056667
2 0.940556 0.291111 0.052222 0.064444
2 0.746111 0.331111 0.041111 0.057778
2 0.728889 0.276667 0.035556 0.051111
2 0.687222 0.577222 0.041111 0.054444
2 0.514444 0.438889 0.044444 0.053333
2 0.366667 0.314444 0.040000 0.064444
2 0.173889 0.197778 0.043333 0.066667
2 0.341111 0.768333 0.046667 0.056667
3 0.472778 0.217222 0.047778 0.065556
3 0.435556 0.203889 0.040000 0.056667
3 0.700000 0.221667 0.040000 0.047778
3 0.788889 0.351111 0.048889 0.068889
3 0.686111 0.259444 0.041111 0.047778
3 0.573333 0.405000 0.048889 0.052222
3 0.737222 0.544444 0.043333 0.064444
3 0.210556 0.635556 0.061111 0.066667
3 0.041111 0.577222 0.042222 0.063333
3 0.083333 0.553333 0.060000 0.051111
3 0.174444 0.472222 0.046667 0.057778
3 0.204444 0.271667 0.044444 0.061111
1 0.422778 0.321111 0.045556 0.053333
1 0.703333 0.326667 0.044444 0.066667
1 0.513889 0.568333 0.050000 0.054444
1 0.091111 0.608889 0.055556 0.055556
0 0.658333 0.308889 0.038889 0.062222
0 0.583889 0.472778 0.054444 0.067778
0 0.692222 0.516667 0.046667 0.064444
0 0.639444 0.583889 0.052222 0.058889
0 0.383333 0.551667 0.064444 0.074444
0 0.437222 0.579444 0.045556 0.067778
