0 0.319444 0.199444 0.065556 0.083333
0 0.275556 0.137778 0.060000 0.077778
0 0.786111 0.442778 0.054444 0.065556
0 0.362222 0.400000 0.064444 0.084444
0 0.913889 0.498333 0.061111 0.085556
0 0.878333 0.578333 0.061111 0.072222
0 0.513889 0.652778 0.056667 0.074444
0 0.303333 0.591667 0.064444 0.090000
0 0.844444 0.266111 0.055556 0.065556
1 0.785556 0.867222 0.048889 0.074444
1 0.830556 0.770556 0.043333 0.067778
1 0.637778 0.303333 0.053333 0.084444
1 0.778889 0.206667 0.055556 0.075556
1 0.535000 0.441667 0.054444 0.072222
1 0.862222 0.330556 0.048889 0.067778
3 0.246111 0.366111 0.065556 0.076667
3 0.098333 0.422778 0.067778 0.063333
3 0.227778 0.191111 0.060000 0.086667
3 0.502222 0.358333 0.048889 0.067778
3 0.601111 0.215000 0.048889 0.072222
3 0.731667 0.442222 0.052222 0.073333
3 0.829444 0.381111 0.058889 0.073333
3 0.788889 0.530000 0.048889 0.075556
3 0.787778 0.791111 0.046667 0.066667
2 0.525556 0.301111 0.055556 0.053333
1 0.267778 0.518333 0.048889 0.070000
1 0.743333 0.539444 0.044444 0.065556
1 0.710556 0.587222 0.047778 0.067778
1 0.675000 0.635556 0.054444 0.057778
1 0.652778 0.588889 0.047778 0.064444
1 0.639444 0.809444 0.045556 0.067778
1 0.459444 0.759444 0.045556 0.070000
