3 0.304444 0.120000 0.044444 0.055556
3 0.335556 0.310556 0.037778 0.054444
3 0.539444 0.302778 0.043333 0.052222
3 0.530000 0.259444 0.042222 0.043333
3 0.452222 0.174444 0.046667 0.051111
3 0.380556 0.510000 0.036667 0.048889
3 0.126667 0.471111 0.033333 0.055556
3 0.336667 0.564444 0.048889 0.062222
3 0.749444 0.389444 0.047778 0.058889
0 0.369444 0.130556 0.045556 0.052222
0 0.365556 0.210000 0.048889 0.057778
0 0.486667 0.148889 0.033333 0.053333
0 0.601111 0.432222 0.040000 0.062222
0 0.485000 0.505556 0.041111 0.053333
0 0.236667 0.463889 0.053333 0.052222
0 0.415556 0.732222 0.048889 0.066667
0 0.577222 0.668333 0.056667 0.070000
0 0.458333 0.589444 0.047778 0.054444
2 0.623889 0.945000 0.050000 0.058889
2 0.457222 0.676111 0.043333 0.058889
2 0.416667 0.680000 0.042222 0.046667
2 0.422778 0.623333 0.036667 0.051111
2 0.728333 0.495556 0.038889 0.051111
2 0.376667 0.454444 0.033333 0.044444
2 0.161111 0.461111 0.042222 0.053333
2 0.323333 0.205000 0.035556 0.052222
2 0.568333 0.163889 0.038889 0.041111
2 0.520000 0.143333 0.033333 0.053333
2 0.417222 0.129444 0.038889 0.043333
2 0.727778 0.258333 0.046667 0.052222
1 0.189444 0.373333 0.054444 0.064444
1 0.106111 0.423333 0.047778 0.048889
1 0.412222 0.477222 0.037778 0.056667
