3 0.753333 0.178333 0.037778 0.056667
3 0.502222 0.211667 0.042222 0.054444
3 0.728889 0.397778 0.051111 0.066667
3 0.241667 0.427778 0.052222 0.062222
3 0.474444 0.593889 0.046667 0.065556
3 0.230000 0.708889 0.048889 0.071111
3 0.497778 0.700556 0.042222 0.063333
3 0.310000 0.863889 0.046667 0.076667
3 0.441111 0.310000 0.037778 0.057778
0 0.354444 0.242222 0.046667 0.055556
0 0.564444 0.276111 0.051111 0.061111
0 0.647222 0.198889 0.045556 0.060000
0 0.846667 0.322222 0.053333 0.064444
0 0.560000 0.757778 0.044444 0.068889
0 0.473333 0.352222 0.042222 0.053333
0 0.056111 0.636111 0.061111 0.067778
0 0.322222 0.979444 0.055556 0.041111
1 0.446111 0.241111 0.047778 0.055556
1 0.564444 0.399444 0.044444 0.054444
1 0.616667 0.661667 0.046667 0.058889
1 0.490000 0.410556 0.042222 0.041111
2 0.632778 0.266111 0.038889 0.052222
2 0.506667 0.281111 0.040000 0.055556
2 0.572778 0.352778 0.047778 0.045556
2 0.757778 0.592778 0.044444 0.056667
2 0.652778 0.633889 0.045556 0.050000
2 0.474444 0.508333 0.037778 0.061111
2 0.596667 0.490000 0.042222 0.060000
2 0.404444 0.406667 0.042222 0.055556
2 0.376667 0.519444 0.042222 0.050000
2 0.425556 0.639444 0.042222 0.061111
2 0.519444 0.442222 0.036667 0.042222
2 0.533889 0.710000 0.038889 0.057778
