0 0.059444 0.089444 0.061111 0.072222
0 0.803333 0.057778 0.044444 0.062222
0 0.860556 0.428333 0.054444 0.067778
0 0.847778 0.660556 0.048889 0.056667
0 0.760556 0.607222 0.047778 0.058889
1 0.666111 0.323889 0.050000 0.056667
1 0.885000 0.172222 0.045556 0.057778
1 0.952778 0.362778 0.050000 0.058889
1 0.741111 0.435000 0.046667 0.056667
1 0.802778 0.552778 0.052222 0.047778
1 0.404444 0.983333 0.046667 0.033333
2 0.177222 0.396111 0.054444 0.043333
2 0.052778 0.441111 0.043333 0.053333
2 0.260556 0.528889 0.045556 0.051111
2 0.297778 0.680556 0.037778 0.054444
2 0.062778 0.738333 0.036667 0.056667
2 0.652222 0.808333 0.035556 0.052222
2 0.663333 0.563333 0.042222 0.040000
2 0.492222 0.096111 0.037778 0.052222
3 0.511111 0.052778 0.042222 0.056667
3 0.255556 0.665000 0.044444 0.050000
3 0.271667 0.750000 0.050000 0.051111
3 0.107222 0.859444 0.036667 0.050000
3 0.686111 0.863333 0.043333 0.064444
3 0.871667 0.857778 0.045556 0.062222
3 0.658889 0.516111 0.051111 0.054444
3 0.210556 0.025000 0.045556 0.047778
2 0.471111 0.029444 0.042222 0.056667
