0 0.263333 0.348333 0.060000 0.085556
0 0.399444 0.326111 0.056667 0.065556
0 0.547778 0.316111 0.051111 0.058889
0 0.530000 0.415556 0.040000 0.060000
0 0.769444 0.503889 0.065556 0.070000
0 0.260000 0.600556 0.066667 0.081111
0 0.344444 0.766667 0.055556 0.080000
0 0.287778 0.799444 0.073333 0.081111
3 0.448333 0.160000 0.041111 0.055556
3 0.625556 0.308333 0.053333 0.061111
3 0.500556 0.280000 0.050000 0.062222
3 0.369444 0.415000 0.043333 0.065556
3 0.397778 0.602222 0.057778 0.075556
3 0.432222 0.668333 0.046667 0.065556
3 0.519444 0.758333 0.056667 0.070000
3 0.288333 0.726667 0.056667 0.066667
3 0.781667 0.617222 0.058889 0.072222
3 0.687222 0.510000 0.058889 0.064444
2 0.410556 0.414444 0.041111 0.062222
2 0.571111 0.387778 0.042222 0.060000
2 0.568333 0.448889 0.043333 0.057778
2 0.569444 0.585556 0.047778 0.060000
2 0.655556 0.592778 0.046667 0.056667
2 0.694444 0.630000 0.055556 0.057778
2 0.628333 0.677222 0.054444 0.054444
2 0.491667 0.638889 0.050000 0.068889
2 0.450556 0.749444 0.047778 0.074444
1 0.098333 0.083333 0.052222 0.062222
1 0.560000 0.260556 0.048889 0.056667
1 0.447778 0.522222 0.057778 0.071111
1 0.252222 0.531111 0.064444 0.053333
1 0.622222 0.487222 0.048889 0.076667
1 0.840556 0.703889 0.067778 0.076667
