2 0.623889 0.139444 0.034444 0.054444
2 0.726111 0.247222 0.038889 0.052222
2 0.832222 0.351111 0.046667 0.048889
2 0.612778 0.458889 0.034444 0.051111
2 0.666667 0.532778 0.042222 0.052222
2 0.604444 0.538889 0.033333 0.057778
2 0.416667 0.612222 0.031111 0.053333
2 0.533333 0.707778 0.033333 0.055556
2 0.642222 0.715000 0.037778 0.052222
2 0.500556 0.890556 0.036667 0.056667
2 0.497222 0.416111 0.041111 0.047778
3 0.775556 0.369444 0.055556 0.058889
3 0.817222 0.510556 0.052222 0.052222
3 0.565000 0.336667 0.050000 0.057778
3 0.470000 0.365556 0.044444 0.057778
3 0.390000 0.437778 0.040000 0.057778
3 0.541667 0.591667 0.038889 0.050000
3 0.486667 0.548333 0.040000 0.038889
3 0.360000 0.586111 0.042222 0.050000
3 0.318889 0.602222 0.037778 0.048889
0 0.275556 0.686667 0.051111 0.057778
0 0.451111 0.610000 0.035556 0.060000
0 0.660556 0.610556 0.047778 0.063333
0 0.777778 0.640000 0.044444 0.060000
0 0.568333 0.537222 0.043333 0.070000
0 0.569444 0.435000 0.041111 0.061111
3 0.248333 0.377778 0.041111 0.057778
1 0.468889 0.468889 0.042222 0.048889
1 0.337222 0.542222 0.043333 0.044444
1 0.494444 0.593889 0.042222 0.056667
1 0.578889 0.727222 0.042222 0.058889
1 0.627222 0.765556 0.036667 0.053333
1 0.711111 0.525556 0.044444 0.060000
