1 0.587222 0.031667 0.043333 0.061111
1 0.432222 0.334444 0.046667 0.055556
1 0.448333 0.449444 0.041111 0.047778
1 0.552778 0.692222 0.041111 0.060000
1 0.542778 0.572222 0.036667 0.042222
1 0.563889 0.473889 0.047778 0.050000
3 0.454444 0.101111 0.044444 0.051111
3 0.466667 0.390556 0.042222 0.061111
3 0.522222 0.458889 0.044444 0.051111
3 0.648889 0.656667 0.048889 0.051111
3 0.437778 0.623889 0.035556 0.045556
3 0.485556 0.589444 0.042222 0.043333
3 0.578333 0.596111 0.034444 0.050000
3 0.040000 0.464444 0.048889 0.057778
0 0.889444 0.777778 0.050000 0.057778
0 0.725556 0.587778 0.053333 0.055556
0 0.715000 0.635556 0.045556 0.046667
0 0.476111 0.651111 0.045556 0.060000
0 0.084444 0.867222 0.055556 0.054444
0 0.543333 0.519444 0.040000 0.047778
0 0.563333 0.383889 0.040000 0.054444
0 0.472222 0.290000 0.046667 0.062222
2 0.777222 0.536667 0.045556 0.046667
2 0.510556 0.851111 0.038889 0.046667
2 0.554444 0.628889 0.035556 0.044444
2 0.518889 0.620556 0.033333 0.052222
2 0.601111 0.506667 0.040000 0.048889
2 0.414444 0.383333 0.042222 0.046667
2 0.527222 0.372222 0.034444 0.057778
2 0.471111 0.481667 0.035556 0.043333
