2 0.343333 0.061111 0.057778 0.033333
2 0.434444 0.356667 0.042222 0.040000
2 0.701111 0.393889 0.046667 0.038889
2 0.483333 0.454444 0.062222 0.037778
2 0.580000 0.530000 0.053333 0.040000
2 0.470556 0.520556 0.054444 0.041111
2 0.507778 0.625556 0.057778 0.037778
2 0.735556 0.773889 0.057778 0.036667
2 0.878889 0.916111 0.064444 0.036667
2 0.951667 0.837778 0.043333 0.037778
3 0.224444 0.472222 0.060000 0.040000
3 0.330556 0.303889 0.047778 0.047778
3 0.805000 0.258333 0.052222 0.043333
3 0.814444 0.560556 0.048889 0.047778
3 0.608889 0.708333 0.062222 0.043333
3 0.791667 0.900000 0.056667 0.051111
3 0.367778 0.970556 0.062222 0.045556
3 0.665556 0.702778 0.051111 0.043333
3 0.371111 0.563333 0.066667 0.048889
0 0.382778 0.321667 0.065556 0.047778
0 0.389444 0.393889 0.061111 0.047778
0 0.403333 0.730000 0.066667 0.042222
0 0.372222 0.818889 0.062222 0.046667
0 0.324444 0.854444 0.055556 0.048889
0 0.465556 0.765556 0.060000 0.046667
0 0.707222 0.941667 0.058889 0.038889
0 0.838889 0.743889 0.048889 0.036667
1 0.526667 0.091667 0.046667 0.047778
1 0.491667 0.116111 0.056667 0.047778
1 0.831667 0.498889 0.056667 0.040000
1 0.802778 0.704444 0.052222 0.035556
1 0.466111 0.685000 0.054444 0.047778
2 0.925000 0.815556 0.043333 0.035556
1 0.049444 0.630556 0.067778 0.045556
