3 0.135000 0.106667 0.038889 0.051111
3 0.301667 0.125556 0.043333 0.062222
3 0.277778 0.175000 0.042222 0.052222
3 0.118333 0.425556 0.038889 0.053333
3 0.152222 0.422222 0.031111 0.060000
3 0.355556 0.541111 0.048889 0.057778
3 0.456667 0.648889 0.048889 0.064444
3 0.190556 0.741667 0.045556 0.054444
3 0.158889 0.882222 0.048889 0.060000
3 0.287778 0.952222 0.053333 0.071111
3 0.206111 0.935556 0.043333 0.064444
3 0.262778 0.040000 0.043333 0.055556
3 0.282778 0.011667 0.043333 0.021111
0 0.829444 0.417222 0.052222 0.056667
0 0.536667 0.818333 0.040000 0.070000
0 0.363333 0.488333 0.046667 0.050000
0 0.196111 0.410556 0.065556 0.061111
0 0.103333 0.349444 0.057778 0.061111
2 0.741667 0.911111 0.045556 0.055556
2 0.771111 0.976111 0.046667 0.047778
2 0.506111 0.962778 0.043333 0.054444
2 0.342222 0.606111 0.037778 0.054444
2 0.401667 0.568333 0.038889 0.054444
2 0.083333 0.526667 0.044444 0.051111
2 0.073333 0.238333 0.037778 0.058889
2 0.261111 0.130000 0.035556 0.053333
2 0.232778 0.080000 0.034444 0.046667
2 0.201111 0.089444 0.040000 0.045556
2 0.185556 0.040000 0.037778 0.051111
1 0.527222 0.652222 0.045556 0.066667
1 0.181111 0.480556 0.044444 0.065556
