0 0.502222 0.076667 0.068889 0.051111
0 0.555000 0.127222 0.078889 0.058889
0 0.314444 0.233333 0.071111 0.062222
0 0.292778 0.481111 0.074444 0.051111
0 0.348889 0.532222 0.066667 0.057778
0 0.785000 0.508333 0.085556 0.067778
0 0.627778 0.770556 0.068889 0.054444
0 0.210556 0.771667 0.074444 0.063333
0 0.240556 0.938333 0.090000 0.067778
2 0.525556 0.257222 0.066667 0.043333
2 0.761667 0.352222 0.065556 0.048889
2 0.779444 0.438889 0.070000 0.042222
2 0.448889 0.417778 0.057778 0.040000
2 0.359444 0.277222 0.065556 0.045556
2 0.399444 0.220000 0.078889 0.042222
2 0.446111 0.165556 0.070000 0.048889
2 0.780556 0.598333 0.058889 0.058889
3 0.737222 0.685556 0.067778 0.051111
1 0.600556 0.823333 0.081111 0.062222
1 0.408333 0.683889 0.074444 0.052222
3 0.288889 0.790000 0.080000 0.066667
3 0.476667 0.460000 0.064444 0.048889
3 0.514444 0.418333 0.071111 0.047778
3 0.452222 0.371667 0.068889 0.047778
3 0.661667 0.306111 0.072222 0.056667
3 0.358333 0.185556 0.074444 0.037778
3 0.417222 0.112222 0.072222 0.048889
1 0.575556 0.305000 0.075556 0.052222
1 0.672222 0.360000 0.064444 0.053333
1 0.241111 0.261667 0.068889 0.050000
0 0.367222 0.142778 0.065556 0.052222
3 0.427778 0.298889 0.057778 0.051111
