1 0.102778 0.202778 0.054444 0.076667
1 0.846111 0.250556 0.047778 0.078889
1 0.729444 0.523333 0.047778 0.073333
1 0.682778 0.735000 0.058889 0.081111
1 0.582222 0.806667 0.057778 0.082222
1 0.488889 0.587222 0.051111 0.056667
3 0.557778 0.091111 0.062222 0.060000
3 0.611111 0.183889 0.053333 0.074444
3 0.573333 0.255556 0.055556 0.062222
3 0.500000 0.238889 0.053333 0.064444
3 0.615000 0.508333 0.045556 0.076667
3 0.440556 0.675556 0.045556 0.075556
3 0.298333 0.646111 0.063333 0.072222
3 0.257222 0.584444 0.058889 0.073333
3 0.156667 0.653333 0.053333 0.066667
2 0.342778 0.284444 0.052222 0.062222
2 0.366667 0.356111 0.048889 0.074444
2 0.466667 0.339444 0.044444 0.063333
2 0.583333 0.317778 0.053333 0.060000
2 0.575000 0.148889 0.036667 0.053333
2 0.548333 0.612222 0.052222 0.068889
2 0.504444 0.646111 0.051111 0.063333
2 0.488889 0.716111 0.051111 0.061111
0 0.732222 0.399444 0.062222 0.076667
0 0.426111 0.484444 0.072222 0.077778
0 0.500556 0.519444 0.054444 0.076667
0 0.568333 0.537778 0.061111 0.075556
3 0.726667 0.611667 0.068889 0.076667
0 0.415556 0.609444 0.055556 0.063333
0 0.380000 0.834444 0.073333 0.095556
0 0.603333 0.970556 0.057778 0.058889
