0 0.711111 0.205000 0.060000 0.067778
0 0.812778 0.448889 0.052222 0.062222
0 0.429444 0.573333 0.052222 0.064444
0 0.207778 0.415556 0.055556 0.062222
0 0.387778 0.749444 0.053333 0.085556
0 0.687222 0.518333 0.050000 0.052222
0 0.737778 0.418889 0.046667 0.064444
2 0.661111 0.246111 0.042222 0.054444
2 0.578889 0.248889 0.044444 0.053333
2 0.283333 0.300000 0.046667 0.053333
2 0.269444 0.392222 0.043333 0.051111
2 0.380000 0.486667 0.044444 0.053333
2 0.556111 0.442778 0.050000 0.041111
2 0.512222 0.566111 0.051111 0.047778
2 0.530000 0.668333 0.051111 0.050000
2 0.745556 0.722222 0.044444 0.057778
2 0.488889 0.778889 0.044444 0.062222
3 0.388889 0.306667 0.048889 0.055556
3 0.361111 0.391667 0.048889 0.054444
3 0.425000 0.389444 0.043333 0.065556
3 0.646667 0.388889 0.046667 0.064444
3 0.771667 0.574444 0.056667 0.068889
3 0.577222 0.504444 0.058889 0.064444
3 0.723333 0.671667 0.048889 0.056667
3 0.248889 0.543889 0.046667 0.065556
3 0.252222 0.779444 0.044444 0.072222
1 0.217222 0.356111 0.050000 0.050000
1 0.524444 0.376111 0.046667 0.061111
1 0.665000 0.456667 0.045556 0.060000
1 0.611111 0.589444 0.048889 0.067778
0 0.617778 0.733889 0.048889 0.074444
1 0.350000 0.585000 0.051111 0.063333
