0 0.166111 0.325000 0.050000 0.067778
0 0.293333 0.495556 0.055556 0.071111
0 0.481111 0.951111 0.048889 0.073333
0 0.628333 0.893333 0.041111 0.068889
2 0.711111 0.098889 0.037778 0.051111
2 0.798889 0.088889 0.044444 0.051111
2 0.882778 0.204444 0.041111 0.046667
2 0.920000 0.238333 0.042222 0.054444
2 0.747222 0.456667 0.047778 0.053333
2 0.804444 0.627222 0.042222 0.058889
2 0.706667 0.662778 0.035556 0.052222
2 0.587778 0.768333 0.040000 0.058889
2 0.360000 0.965556 0.042222 0.057778
2 0.313333 0.977778 0.046667 0.044444
3 0.606111 0.363333 0.041111 0.064444
3 0.738333 0.303333 0.043333 0.060000
3 0.455556 0.268889 0.042222 0.055556
3 0.748333 0.675000 0.050000 0.067778
3 0.642222 0.962222 0.051111 0.064444
3 0.426667 0.966667 0.046667 0.066667
3 0.277222 0.940000 0.045556 0.073333
3 0.937222 0.483333 0.054444 0.053333
3 0.786667 0.223333 0.046667 0.055556
3 0.803889 0.165556 0.043333 0.048889
1 0.632222 0.464444 0.044444 0.068889
1 0.667778 0.077778 0.040000 0.055556
1 0.847778 0.275000 0.046667 0.061111
1 0.884444 0.720000 0.060000 0.066667
0 0.887778 0.016667 0.042222 0.031111
2 0.050000 0.977222 0.044444 0.045556
