1 0.730556 0.665000 0.072222 0.081111
1 0.793333 0.576111 0.064444 0.076667
1 0.818889 0.338889 0.062222 0.075556
1 0.691111 0.200556 0.044444 0.070000
1 0.396111 0.345000 0.045556 0.070000
0 0.356111 0.803333 0.074444 0.108889
0 0.565556 0.612222 0.062222 0.077778
0 0.487222 0.591667 0.058889 0.074444
0 0.545556 0.540556 0.062222 0.074444
0 0.337222 0.466111 0.065556 0.083333
0 0.670556 0.281667 0.065556 0.087778
0 0.550000 0.238889 0.066667 0.077778
0 0.358889 0.303333 0.060000 0.062222
3 0.425556 0.100000 0.055556 0.064444
3 0.586667 0.121111 0.053333 0.055556
3 0.217222 0.297778 0.052222 0.075556
3 0.441667 0.368889 0.052222 0.068889
3 0.602778 0.428889 0.052222 0.071111
3 0.095000 0.630556 0.070000 0.081111
3 0.355000 0.615000 0.054444 0.092222
3 0.406667 0.638333 0.057778 0.090000
3 0.550556 0.782222 0.070000 0.071111
1 0.277222 0.066667 0.056667 0.073333
2 0.411111 0.538889 0.057778 0.082222
2 0.213333 0.795000 0.075556 0.083333
2 0.146111 0.427778 0.054444 0.082222
2 0.409444 0.165000 0.047778 0.063333
2 0.211111 0.117778 0.046667 0.066667
2 0.606111 0.178889 0.050000 0.057778
2 0.493889 0.304444 0.054444 0.068889
2 0.868889 0.311667 0.044444 0.058889
3 0.459444 0.185556 0.052222 0.084444
