2 0.637778 0.141667 0.044444 0.047778
2 0.769444 0.193333 0.036667 0.062222
2 0.540000 0.221111 0.040000 0.057778
2 0.548333 0.325000 0.038889 0.067778
2 0.468889 0.449444 0.046667 0.056667
2 0.610556 0.296111 0.050000 0.036667
2 0.628333 0.616111 0.043333 0.067778
2 0.697222 0.688889 0.056667 0.064444
2 0.571667 0.645000 0.043333 0.067778
0 0.488889 0.262778 0.048889 0.058889
0 0.667778 0.190556 0.046667 0.058889
0 0.608889 0.340556 0.044444 0.047778
0 0.717222 0.603889 0.047778 0.081111
0 0.762222 0.661111 0.055556 0.080000
0 0.502222 0.676111 0.060000 0.087778
3 0.623333 0.266111 0.048889 0.047778
3 0.451667 0.303889 0.038889 0.063333
3 0.581667 0.216667 0.041111 0.057778
3 0.717222 0.416667 0.041111 0.057778
3 0.780556 0.405556 0.058889 0.064444
3 0.677778 0.390556 0.044444 0.061111
3 0.678889 0.550556 0.048889 0.063333
3 0.448889 0.728333 0.053333 0.076667
3 0.600556 0.505556 0.045556 0.064444
3 0.635556 0.385000 0.046667 0.058889
3 0.808889 0.185000 0.040000 0.058889
1 0.557222 0.473333 0.050000 0.071111
1 0.743333 0.501111 0.055556 0.071111
1 0.834444 0.492778 0.044444 0.070000
1 0.675556 0.465000 0.051111 0.070000
1 0.477222 0.376667 0.052222 0.071111
1 0.477778 0.215000 0.048889 0.036667
