3 0.443333 0.066111 0.046667 0.076667
3 0.278333 0.142222 0.045556 0.064444
3 0.685000 0.376667 0.047778 0.060000
3 0.765556 0.430000 0.053333 0.071111
3 0.201111 0.213889 0.044444 0.061111
3 0.704444 0.634444 0.055556 0.066667
3 0.763889 0.570000 0.056667 0.071111
3 0.478889 0.676111 0.044444 0.065556
3 0.354444 0.648889 0.046667 0.068889
3 0.236667 0.634444 0.053333 0.068889
3 0.132778 0.607778 0.056667 0.064444
0 0.501111 0.587778 0.057778 0.075556
0 0.458889 0.375556 0.048889 0.066667
0 0.401111 0.396111 0.053333 0.065556
0 0.585000 0.360000 0.050000 0.066667
0 0.792778 0.267778 0.050000 0.062222
0 0.461111 0.195556 0.044444 0.073333
0 0.147778 0.398889 0.066667 0.075556
0 0.245556 0.198889 0.057778 0.073333
1 0.352778 0.557222 0.056667 0.065556
1 0.598333 0.742778 0.045556 0.065556
1 0.527778 0.675556 0.055556 0.062222
1 0.219444 0.357222 0.056667 0.070000
1 0.147222 0.273889 0.050000 0.063333
2 0.248333 0.811111 0.054444 0.062222
2 0.135000 0.734444 0.056667 0.060000
2 0.310556 0.651111 0.038889 0.057778
2 0.432222 0.603333 0.044444 0.060000
2 0.681667 0.471111 0.045556 0.071111
2 0.805556 0.512222 0.044444 0.068889
2 0.847222 0.466111 0.050000 0.078889
2 0.412778 0.137778 0.043333 0.068889
