0 0.488889 0.234444 0.075556 0.060000
0 0.382778 0.501667 0.083333 0.061111
0 0.304444 0.493889 0.073333 0.065556
0 0.825000 0.481667 0.067778 0.056667
0 0.719444 0.720556 0.072222 0.061111
0 0.613333 0.798333 0.080000 0.074444
0 0.529444 0.825000 0.078889 0.052222
0 0.438889 0.959444 0.095556 0.067778
2 0.417222 0.233333 0.072222 0.071111
2 0.528889 0.188889 0.055556 0.062222
2 0.732778 0.307222 0.063333 0.054444
2 0.890556 0.660000 0.063333 0.048889
2 0.617222 0.420556 0.076667 0.038889
2 0.502778 0.537222 0.072222 0.054444
2 0.272222 0.580000 0.073333 0.068889
3 0.307778 0.186667 0.084444 0.071111
3 0.743889 0.201667 0.072222 0.054444
3 0.542778 0.349444 0.074444 0.056667
3 0.736667 0.375556 0.077778 0.060000
3 0.938889 0.322222 0.075556 0.062222
3 0.770556 0.538333 0.067778 0.050000
3 0.388889 0.556111 0.077778 0.045556
3 0.228333 0.507778 0.081111 0.053333
3 0.492778 0.754444 0.081111 0.051111
3 0.893889 0.709444 0.047778 0.047778
1 0.596111 0.175556 0.063333 0.066667
1 0.578333 0.300000 0.065556 0.055556
1 0.637222 0.464444 0.081111 0.044444
1 0.615556 0.511111 0.068889 0.053333
1 0.611667 0.610000 0.070000 0.051111
2 0.837778 0.707222 0.064444 0.054444
1 0.796667 0.822222 0.071111 0.053333
