2 0.392222 0.339444 0.040000 0.047778
2 0.563889 0.378333 0.047778 0.047778
2 0.413889 0.672778 0.038889 0.050000
2 0.248333 0.747222 0.041111 0.056667
2 0.413889 0.815556 0.041111 0.051111
2 0.592778 0.872222 0.050000 0.044444
2 0.788333 0.328889 0.036667 0.048889
2 0.797778 0.262222 0.044444 0.053333
2 0.900000 0.208333 0.033333 0.050000
3 0.644444 0.180000 0.040000 0.053333
3 0.636667 0.238889 0.042222 0.037778
3 0.865556 0.180556 0.046667 0.061111
3 0.710556 0.429444 0.043333 0.047778
3 0.592222 0.537222 0.035556 0.052222
3 0.606111 0.811667 0.043333 0.050000
3 0.405000 0.934444 0.047778 0.055556
0 0.383333 0.025556 0.048889 0.048889
0 0.577778 0.592778 0.048889 0.067778
0 0.672222 0.605000 0.046667 0.052222
0 0.461111 0.683333 0.044444 0.064444
0 0.768889 0.794444 0.055556 0.071111
0 0.500556 0.932778 0.056667 0.067778
3 0.653889 0.915556 0.047778 0.057778
0 0.170000 0.910556 0.055556 0.067778
1 0.386667 0.772778 0.044444 0.063333
1 0.602778 0.745556 0.036667 0.064444
1 0.681111 0.870000 0.044444 0.066667
1 0.637222 0.498889 0.041111 0.060000
1 0.528889 0.446667 0.040000 0.053333
1 0.637778 0.286667 0.046667 0.053333
3 0.569444 0.432778 0.043333 0.052222
3 0.606667 0.931667 0.046667 0.063333
