2 0.799444 0.091111 0.043333 0.051111
2 0.712778 0.099444 0.043333 0.047778
2 0.883333 0.206111 0.040000 0.045556
2 0.746111 0.456111 0.050000 0.043333
2 0.805556 0.622778 0.037778 0.061111
2 0.707222 0.665000 0.034444 0.061111
2 0.586667 0.768889 0.040000 0.062222
2 0.317222 0.979444 0.047778 0.041111
2 0.356667 0.963889 0.046667 0.058889
3 0.454444 0.268889 0.042222 0.053333
3 0.606667 0.366111 0.051111 0.065556
3 0.738333 0.302222 0.041111 0.062222
3 0.788333 0.221667 0.041111 0.054444
3 0.802778 0.163333 0.036667 0.044444
3 0.935556 0.481111 0.048889 0.051111
3 0.748333 0.673333 0.047778 0.062222
3 0.643333 0.962778 0.055556 0.065556
3 0.427222 0.967778 0.050000 0.064444
3 0.276111 0.942778 0.043333 0.070000
1 0.666667 0.075556 0.037778 0.048889
1 0.847778 0.271667 0.044444 0.058889
1 0.919444 0.237778 0.041111 0.051111
1 0.628889 0.466667 0.042222 0.066667
1 0.883889 0.717778 0.050000 0.068889
0 0.161111 0.321667 0.048889 0.065556
0 0.292778 0.497222 0.056667 0.065556
0 0.476667 0.951667 0.042222 0.074444
0 0.627222 0.892222 0.047778 0.062222
