3 0.980556 0.396111 0.038889 0.043333
3 0.857222 0.926667 0.054444 0.035556
3 0.472778 0.831667 0.063333 0.045556
3 0.367778 0.808333 0.042222 0.043333
3 0.017222 0.850000 0.032222 0.046667
3 0.311667 0.627222 0.061111 0.052222
3 0.031667 0.652222 0.061111 0.048889
2 0.025000 0.213333 0.047778 0.044444
2 0.020000 0.050000 0.037778 0.044444
2 0.720000 0.093333 0.051111 0.042222
2 0.878333 0.510556 0.050000 0.043333
2 0.963333 0.664444 0.055556 0.033333
2 0.409444 0.786667 0.043333 0.046667
2 0.068889 0.911111 0.055556 0.042222
2 0.030000 0.892222 0.053333 0.042222
0 0.029444 0.412222 0.056667 0.057778
0 0.179444 0.780556 0.056667 0.043333
0 0.324444 0.733889 0.057778 0.047778
0 0.328333 0.783333 0.043333 0.051111
0 0.640556 0.931111 0.050000 0.046667
0 0.898889 0.965000 0.057778 0.047778
0 0.557778 0.620556 0.060000 0.050000
0 0.756111 0.136667 0.052222 0.046667
1 0.373333 0.755000 0.042222 0.041111
1 0.715000 0.973889 0.054444 0.043333
1 0.986111 0.885556 0.027778 0.053333
2 0.984444 0.700000 0.031111 0.033333
