2 0.702222 0.235556 0.071111 0.053333
2 0.755556 0.335556 0.066667 0.064444
2 0.474444 0.324444 0.051111 0.055556
2 0.453333 0.227222 0.055556 0.050000
2 0.352222 0.472222 0.055556 0.055556
2 0.667778 0.513333 0.064444 0.044444
2 0.429444 0.530556 0.056667 0.047778
2 0.586111 0.720000 0.058889 0.055556
2 0.503333 0.713889 0.057778 0.050000
2 0.206667 0.556667 0.055556 0.044444
3 0.292778 0.319444 0.058889 0.043333
3 0.669444 0.406667 0.065556 0.053333
3 0.546667 0.523333 0.060000 0.046667
3 0.778333 0.520556 0.061111 0.052222
3 0.725556 0.650000 0.075556 0.048889
3 0.655556 0.565556 0.080000 0.053333
3 0.465000 0.612222 0.072222 0.048889
3 0.392778 0.690556 0.058889 0.047778
3 0.513889 0.463889 0.065556 0.054444
0 0.243889 0.267222 0.074444 0.052222
0 0.368889 0.223333 0.068889 0.055556
0 0.509444 0.202222 0.072222 0.057778
0 0.547778 0.266111 0.064444 0.050000
0 0.542222 0.383889 0.071111 0.063333
0 0.682778 0.349444 0.058889 0.047778
0 0.291667 0.658333 0.056667 0.050000
3 0.617778 0.676667 0.062222 0.051111
1 0.352222 0.347778 0.057778 0.055556
1 0.407222 0.358333 0.067778 0.041111
1 0.296111 0.382222 0.056667 0.046667
1 0.852222 0.438889 0.066667 0.062222
1 0.311111 0.563333 0.066667 0.040000
