0 0.433333 0.209444 0.035556 0.050000
0 0.480556 0.245000 0.038889 0.058889
0 0.581111 0.266667 0.042222 0.051111
0 0.631667 0.277778 0.047778 0.062222
0 0.953889 0.222222 0.045556 0.053333
0 0.936667 0.126667 0.042222 0.060000
0 0.700556 0.353889 0.038889 0.050000
0 0.602222 0.711667 0.040000 0.054444
0 0.546111 0.630000 0.041111 0.053333
3 0.778333 0.366111 0.036667 0.050000
3 0.748889 0.459444 0.031111 0.050000
3 0.550556 0.402222 0.036667 0.044444
3 0.513333 0.387778 0.040000 0.048889
3 0.639444 0.491111 0.038889 0.048889
3 0.761667 0.566667 0.036667 0.042222
3 0.574444 0.675556 0.035556 0.042222
3 0.587778 0.763333 0.040000 0.044444
2 0.590556 0.207222 0.038889 0.043333
2 0.399444 0.415556 0.036667 0.044444
2 0.393333 0.488333 0.035556 0.047778
2 0.780556 0.458333 0.032222 0.047778
2 0.752778 0.407778 0.030000 0.040000
2 0.585000 0.587222 0.041111 0.041111
2 0.505556 0.706667 0.035556 0.053333
2 0.625556 0.666667 0.035556 0.035556
1 0.722778 0.383889 0.034444 0.045556
1 0.603333 0.508889 0.033333 0.046667
1 0.756667 0.520000 0.040000 0.044444
1 0.601667 0.635556 0.038889 0.048889
1 0.531111 0.973333 0.037778 0.053333
1 0.677222 0.323333 0.034444 0.046667
