3 0.459444 0.060000 0.058889 0.048889
0 0.566667 0.355000 0.066667 0.047778
2 0.778889 0.671111 0.046667 0.048889
1 0.568333 0.421667 0.058889 0.054444
3 0.482222 0.468333 0.060000 0.043333
3 0.784444 0.456111 0.048889 0.043333
3 0.450556 0.598889 0.058889 0.046667
3 0.361111 0.575000 0.055556 0.043333
3 0.415000 0.565000 0.063333 0.047778
3 0.681111 0.668333 0.062222 0.041111
3 0.620000 0.756667 0.055556 0.048889
3 0.567778 0.739444 0.057778 0.047778
0 0.356111 0.303333 0.058889 0.044444
0 0.313889 0.379444 0.054444 0.047778
0 0.373333 0.430556 0.055556 0.047778
0 0.703333 0.568333 0.057778 0.038889
0 0.822778 0.641667 0.056667 0.045556
0 0.208889 0.597778 0.068889 0.048889
0 0.505556 0.707778 0.055556 0.046667
0 0.593889 0.682222 0.072222 0.055556
2 0.463333 0.281111 0.046667 0.040000
2 0.338333 0.538333 0.050000 0.038889
2 0.604444 0.561667 0.046667 0.043333
2 0.498333 0.621667 0.052222 0.036667
2 0.705000 0.632222 0.058889 0.035556
2 0.673333 0.747222 0.053333 0.047778
2 0.209444 0.693333 0.050000 0.048889
1 0.735556 0.462778 0.053333 0.045556
1 0.491111 0.419444 0.060000 0.043333
1 0.461111 0.377222 0.055556 0.041111
1 0.427222 0.313889 0.056667 0.041111
1 0.376111 0.653333 0.050000 0.046667
