0 0.842222 0.363889 0.057778 0.081111
0 0.371111 0.272778 0.053333 0.061111
0 0.496667 0.330000 0.055556 0.057778
0 0.476667 0.382778 0.048889 0.056667
0 0.813889 0.570556 0.061111 0.076667
0 0.710000 0.609444 0.055556 0.072222
0 0.533333 0.747222 0.057778 0.063333
0 0.473333 0.798889 0.055556 0.062222
3 0.640556 0.708889 0.050000 0.060000
3 0.597222 0.668333 0.058889 0.072222
3 0.420000 0.640000 0.044444 0.073333
3 0.653333 0.487222 0.046667 0.061111
3 0.503889 0.475556 0.050000 0.057778
3 0.346111 0.515556 0.056667 0.066667
3 0.708333 0.346667 0.050000 0.057778
3 0.700000 0.181111 0.051111 0.068889
3 0.690000 0.128889 0.042222 0.055556
1 0.622222 0.218333 0.053333 0.065556
1 0.508333 0.605556 0.047778 0.068889
1 0.440556 0.557778 0.045556 0.064444
2 0.682222 0.673889 0.051111 0.058889
2 0.413889 0.764444 0.045556 0.066667
2 0.465000 0.648333 0.043333 0.067778
2 0.543333 0.674444 0.044444 0.064444
2 0.577778 0.587778 0.048889 0.066667
2 0.606667 0.513333 0.044444 0.064444
2 0.315556 0.437222 0.044444 0.056667
2 0.381667 0.452222 0.043333 0.066667
2 0.755000 0.378889 0.038889 0.055556
2 0.790000 0.354444 0.033333 0.055556
2 0.446667 0.203889 0.042222 0.052222
2 0.601111 0.367778 0.040000 0.062222
1 0.736111 0.122222 0.047778 0.053333
