3 0.446667 0.167778 0.048889 0.071111
3 0.796667 0.265556 0.055556 0.066667
3 0.580000 0.412778 0.040000 0.070000
3 0.426667 0.395000 0.057778 0.058889
3 0.193889 0.326111 0.054444 0.054444
3 0.230556 0.368333 0.054444 0.061111
3 0.292778 0.392778 0.063333 0.072222
3 0.530556 0.507778 0.052222 0.068889
3 0.494444 0.732222 0.062222 0.060000
2 0.545000 0.294444 0.052222 0.068889
2 0.595000 0.343333 0.047778 0.062222
2 0.691111 0.323333 0.040000 0.060000
2 0.468889 0.500556 0.042222 0.065556
2 0.394444 0.584444 0.055556 0.055556
2 0.213333 0.419444 0.053333 0.052222
2 0.635000 0.551111 0.041111 0.064444
2 0.866111 0.870556 0.047778 0.070000
0 0.441111 0.332222 0.057778 0.066667
0 0.639444 0.328333 0.052222 0.063333
0 0.626111 0.436667 0.047778 0.073333
0 0.670556 0.436111 0.045556 0.076667
0 0.778889 0.462222 0.064444 0.071111
0 0.881111 0.491111 0.071111 0.071111
0 0.581667 0.605000 0.061111 0.074444
0 0.384444 0.509444 0.066667 0.078889
3 0.609444 0.267778 0.050000 0.057778
1 0.696111 0.387778 0.050000 0.066667
1 0.665000 0.280000 0.050000 0.046667
1 0.766667 0.620556 0.051111 0.058889
1 0.680556 0.638333 0.054444 0.065556
1 0.538333 0.667222 0.054444 0.063333
1 0.262778 0.692778 0.056667 0.078889
