3 0.911667 0.260556 0.058889 0.041111
3 0.643333 0.536111 0.062222 0.036667
3 0.579444 0.458333 0.054444 0.038889
3 0.420556 0.513889 0.052222 0.038889
3 0.446111 0.375000 0.043333 0.041111
3 0.291111 0.606111 0.066667 0.050000
3 0.602778 0.916111 0.056667 0.054444
3 0.652778 0.897778 0.056667 0.055556
0 0.651111 0.437222 0.062222 0.047778
0 0.483333 0.476111 0.064444 0.050000
0 0.535556 0.568889 0.051111 0.044444
0 0.503889 0.650000 0.065556 0.053333
0 0.245556 0.556667 0.057778 0.046667
0 0.230556 0.323889 0.067778 0.041111
0 0.355000 0.428333 0.047778 0.041111
0 0.718889 0.892778 0.073333 0.061111
0 0.292778 0.540556 0.052222 0.047778
1 0.322222 0.481667 0.048889 0.041111
1 0.110556 0.483889 0.065556 0.045556
1 0.430556 0.300556 0.054444 0.041111
1 0.728333 0.630000 0.061111 0.046667
2 0.717778 0.747778 0.048889 0.048889
2 0.582222 0.837778 0.057778 0.048889
2 0.464444 0.534444 0.046667 0.033333
2 0.753333 0.516667 0.060000 0.035556
2 0.180000 0.477778 0.053333 0.044444
2 0.310000 0.362222 0.057778 0.035556
2 0.560000 0.296667 0.055556 0.037778
2 0.284444 0.331111 0.046667 0.035556
1 0.055556 0.850556 0.066667 0.041111
0 0.642778 0.496667 0.052222 0.040000
3 0.063333 0.908333 0.064444 0.047778
