1 0.449444 0.615556 0.054444 0.042222
0 0.296667 0.581111 0.071111 0.053333
3 0.032778 0.312778 0.063333 0.050000
2 0.799444 0.907222 0.045556 0.036667
2 0.302778 0.110556 0.056667 0.050000
2 0.686667 0.113333 0.060000 0.042222
2 0.822222 0.180000 0.048889 0.046667
2 0.883889 0.700556 0.054444 0.038889
2 0.728889 0.712778 0.057778 0.036667
2 0.901667 0.938333 0.052222 0.032222
2 0.018333 0.427778 0.034444 0.046667
0 0.657222 0.193889 0.058889 0.045556
0 0.408889 0.702778 0.066667 0.041111
0 0.722222 0.755000 0.057778 0.052222
0 0.330556 0.958889 0.061111 0.053333
0 0.755000 0.953889 0.043333 0.041111
0 0.962222 0.938889 0.057778 0.048889
1 0.421111 0.838889 0.051111 0.037778
1 0.201111 0.870556 0.064444 0.045556
1 0.846667 0.877778 0.053333 0.046667
1 0.797222 0.803889 0.054444 0.045556
1 0.820000 0.776667 0.060000 0.042222
2 0.978889 0.755556 0.040000 0.046667
3 0.023889 0.507778 0.045556 0.046667
3 0.187222 0.770000 0.052222 0.044444
3 0.528889 0.784444 0.057778 0.040000
3 0.492778 0.843889 0.056667 0.036667
3 0.548333 0.857778 0.047778 0.044444
3 0.510556 0.880000 0.045556 0.042222
3 0.657778 0.878333 0.057778 0.038889
3 0.623333 0.751111 0.051111 0.044444
3 0.670556 0.733889 0.052222 0.043333
3 0.716667 0.930556 0.053333 0.034444
