3 0.423333 0.165556 0.068889 0.057778
3 0.542778 0.328333 0.061111 0.054444
3 0.295000 0.463889 0.063333 0.056667
3 0.106667 0.562778 0.093333 0.058889
3 0.239444 0.496667 0.076667 0.057778
3 0.438889 0.478333 0.068889 0.045556
3 0.171667 0.702778 0.074444 0.047778
3 0.575000 0.652222 0.065556 0.037778
3 0.807222 0.699444 0.058889 0.054444
3 0.597222 0.811667 0.067778 0.056667
2 0.570556 0.610556 0.061111 0.041111
2 0.795000 0.557222 0.050000 0.038889
2 0.856111 0.480556 0.061111 0.036667
2 0.404444 0.433889 0.055556 0.047778
2 0.258889 0.416667 0.068889 0.037778
2 0.396667 0.621667 0.066667 0.045556
2 0.637778 0.712222 0.064444 0.035556
2 0.720000 0.705000 0.048889 0.043333
2 0.757222 0.723333 0.045556 0.051111
2 0.790556 0.743889 0.056667 0.036667
2 0.837778 0.761111 0.048889 0.048889
0 0.237778 0.299444 0.084444 0.061111
0 0.187778 0.437222 0.082222 0.067778
0 0.495556 0.416667 0.071111 0.064444
0 0.646667 0.470556 0.084444 0.050000
0 0.814444 0.516667 0.077778 0.053333
3 0.757778 0.782778 0.066667 0.050000
1 0.297222 0.680000 0.061111 0.053333
1 0.410000 0.580000 0.077778 0.051111
1 0.230000 0.674444 0.073333 0.046667
1 0.607778 0.310556 0.066667 0.050000
1 0.631667 0.674444 0.065556 0.035556
0 0.902778 0.518333 0.063333 0.045556
