0 0.551667 0.129444 0.061111 0.052222
0 0.296111 0.258889 0.063333 0.055556
0 0.602222 0.296111 0.057778 0.043333
0 0.697222 0.321667 0.056667 0.050000
0 0.645000 0.540000 0.065556 0.057778
0 0.570556 0.533889 0.054444 0.050000
0 0.358889 0.641667 0.066667 0.052222
2 0.851667 0.267778 0.056667 0.040000
2 0.710556 0.476667 0.045556 0.035556
2 0.572778 0.431667 0.043333 0.036667
2 0.450556 0.392222 0.056667 0.042222
2 0.737222 0.566667 0.054444 0.044444
2 0.507222 0.542222 0.047778 0.040000
2 0.415000 0.723889 0.058889 0.032222
2 0.472778 0.865556 0.050000 0.051111
2 0.702222 0.802222 0.044444 0.046667
3 0.531667 0.371667 0.052222 0.045556
3 0.652222 0.351111 0.046667 0.040000
3 0.762778 0.481111 0.047778 0.040000
3 0.387778 0.463333 0.066667 0.046667
3 0.377778 0.566667 0.051111 0.048889
3 0.602222 0.700000 0.051111 0.048889
3 0.661111 0.766111 0.051111 0.047778
3 0.716111 0.678889 0.045556 0.040000
3 0.062222 0.615556 0.084444 0.046667
3 0.043889 0.476667 0.061111 0.053333
1 0.040000 0.825000 0.055556 0.056667
1 0.091667 0.721667 0.065556 0.054444
1 0.522778 0.735000 0.061111 0.052222
1 0.460556 0.656111 0.058889 0.047778
1 0.688889 0.641667 0.055556 0.045556
