0 0.256111 0.122778 0.052222 0.058889
0 0.533889 0.203889 0.041111 0.045556
0 0.834444 0.240556 0.040000 0.054444
0 0.711667 0.465556 0.052222 0.057778
0 0.432222 0.473889 0.046667 0.050000
0 0.375556 0.351111 0.053333 0.062222
0 0.505000 0.377222 0.045556 0.054444
2 0.415000 0.264444 0.034444 0.046667
2 0.523889 0.248889 0.041111 0.028889
2 0.587778 0.274444 0.037778 0.046667
2 0.297222 0.335000 0.032222 0.050000
2 0.468333 0.417222 0.032222 0.047778
2 0.707778 0.582222 0.046667 0.048889
2 0.855556 0.636111 0.048889 0.045556
2 0.933333 0.473333 0.042222 0.055556
3 0.704444 0.171667 0.046667 0.045556
3 0.893889 0.224444 0.045556 0.064444
3 0.900000 0.126667 0.046667 0.066667
3 0.587222 0.021667 0.036667 0.041111
3 0.326667 0.398333 0.037778 0.047778
3 0.357778 0.442778 0.044444 0.047778
3 0.469444 0.357222 0.030000 0.045556
3 0.548889 0.343889 0.040000 0.050000
3 0.527778 0.291667 0.037778 0.045556
3 0.600000 0.977778 0.053333 0.044444
3 0.772222 0.983889 0.051111 0.032222
1 0.586667 0.331111 0.040000 0.048889
1 0.444444 0.320000 0.035556 0.051111
1 0.331111 0.341667 0.040000 0.052222
1 0.408889 0.411111 0.042222 0.060000
1 0.950000 0.693889 0.051111 0.061111
