2 0.168889 0.085000 0.042222 0.052222
2 0.155556 0.227222 0.040000 0.052222
2 0.412778 0.072778 0.038889 0.036667
2 0.530556 0.380000 0.047778 0.057778
2 0.747778 0.409444 0.042222 0.058889
2 0.886111 0.273333 0.043333 0.062222
2 0.588889 0.619444 0.042222 0.047778
2 0.594444 0.673889 0.044444 0.050000
2 0.547222 0.874444 0.038889 0.064444
2 0.521667 0.928333 0.041111 0.056667
2 0.270000 0.930000 0.044444 0.062222
2 0.246667 0.751111 0.042222 0.066667
3 0.429444 0.111667 0.038889 0.050000
3 0.921667 0.699444 0.054444 0.054444
3 0.196667 0.754444 0.051111 0.064444
3 0.142778 0.917222 0.061111 0.070000
3 0.310000 0.522222 0.048889 0.057778
3 0.266667 0.361667 0.042222 0.056667
3 0.183889 0.295556 0.038889 0.060000
3 0.440000 0.231667 0.040000 0.043333
3 0.820556 0.233333 0.047778 0.060000
3 0.703889 0.375556 0.043333 0.057778
0 0.610556 0.562222 0.054444 0.066667
0 0.426111 0.655556 0.052222 0.057778
0 0.426111 0.795000 0.065556 0.070000
0 0.450000 0.916111 0.046667 0.074444
0 0.863333 0.947778 0.053333 0.068889
0 0.490556 0.468889 0.045556 0.057778
1 0.330000 0.294444 0.046667 0.062222
1 0.441667 0.277778 0.047778 0.048889
1 0.053889 0.827778 0.063333 0.055556
1 0.216667 0.927778 0.048889 0.064444
1 0.486667 0.948889 0.040000 0.048889
