2 0.145556 0.071111 0.048889 0.044444
2 0.412222 0.391111 0.053333 0.026667
2 0.221111 0.450000 0.053333 0.044444
2 0.370556 0.598333 0.058889 0.034444
2 0.503889 0.654444 0.045556 0.046667
2 0.514444 0.610000 0.037778 0.040000
2 0.738333 0.623333 0.056667 0.040000
2 0.941667 0.462222 0.067778 0.040000
3 0.254444 0.062778 0.062222 0.043333
3 0.372222 0.345556 0.051111 0.035556
3 0.360556 0.514444 0.056667 0.037778
3 0.311667 0.474444 0.054444 0.042222
3 0.331111 0.626111 0.048889 0.050000
3 0.563333 0.626667 0.057778 0.040000
3 0.364444 0.783333 0.057778 0.046667
3 0.960556 0.767222 0.070000 0.052222
0 0.153889 0.463889 0.058889 0.047778
0 0.048889 0.073333 0.068889 0.044444
0 0.461667 0.081111 0.061111 0.046667
0 0.025000 0.399444 0.047778 0.045556
0 0.715000 0.946667 0.070000 0.062222
0 0.930000 0.226111 0.060000 0.047778
0 0.848889 0.091667 0.055556 0.041111
1 0.557778 0.066111 0.048889 0.045556
1 0.323889 0.356111 0.058889 0.038889
1 0.376111 0.416111 0.050000 0.047778
1 0.345000 0.441667 0.056667 0.041111
1 0.277778 0.502778 0.037778 0.043333
1 0.940556 0.682778 0.076667 0.047778
