3 0.148333 0.282222 0.065556 0.055556
3 0.511667 0.195556 0.067778 0.055556
3 0.667778 0.370556 0.060000 0.047778
3 0.484444 0.456667 0.064444 0.055556
3 0.887222 0.628333 0.067778 0.056667
3 0.755556 0.566111 0.073333 0.070000
3 0.847778 0.450556 0.062222 0.061111
3 0.675000 0.441667 0.065556 0.054444
0 0.753333 0.174444 0.086667 0.062222
0 0.792222 0.352222 0.073333 0.062222
0 0.687222 0.312222 0.074444 0.055556
0 0.603333 0.373889 0.055556 0.058889
0 0.543333 0.513889 0.071111 0.050000
0 0.453889 0.645000 0.092222 0.065556
0 0.051111 0.543889 0.084444 0.061111
0 0.727778 0.497778 0.071111 0.060000
1 0.436111 0.302778 0.070000 0.058889
1 0.460000 0.261111 0.071111 0.046667
1 0.821667 0.592778 0.063333 0.061111
1 0.687222 0.764444 0.076667 0.064444
1 0.658889 0.510000 0.068889 0.044444
1 0.730556 0.362222 0.050000 0.048889
3 0.628333 0.263333 0.070000 0.053333
2 0.548889 0.372222 0.053333 0.055556
2 0.946111 0.440556 0.076667 0.058889
2 0.821667 0.537222 0.076667 0.047778
2 0.792778 0.486111 0.063333 0.045556
2 0.616667 0.477778 0.062222 0.040000
2 0.314444 0.569444 0.071111 0.056667
2 0.215556 0.573889 0.077778 0.047778
2 0.426667 0.695556 0.068889 0.053333
