0 0.231111 0.359444 0.051111 0.072222
0 0.208889 0.486667 0.057778 0.080000
0 0.161111 0.463889 0.051111 0.072222
0 0.668333 0.376111 0.056667 0.083333
0 0.629444 0.453889 0.056667 0.058889
0 0.551667 0.666667 0.058889 0.077778
3 0.435556 0.175556 0.055556 0.071111
3 0.479444 0.331111 0.050000 0.062222
3 0.326667 0.378333 0.051111 0.058889
3 0.595000 0.397778 0.050000 0.051111
3 0.777222 0.573889 0.056667 0.072222
3 0.656111 0.593889 0.063333 0.067778
3 0.710556 0.798889 0.056667 0.075556
0 0.630556 0.860556 0.050000 0.072222
3 0.284444 0.758889 0.062222 0.066667
3 0.260556 0.704444 0.052222 0.053333
2 0.343333 0.263889 0.057778 0.065556
2 0.738333 0.320556 0.052222 0.063333
2 0.751667 0.407778 0.050000 0.055556
2 0.638333 0.513889 0.058889 0.047778
2 0.552222 0.492222 0.044444 0.086667
2 0.418889 0.540000 0.042222 0.062222
2 0.389444 0.423889 0.047778 0.058889
2 0.477778 0.710556 0.057778 0.061111
2 0.746667 0.704444 0.053333 0.053333
2 0.237778 0.770000 0.042222 0.071111
1 0.336667 0.520000 0.055556 0.062222
1 0.217778 0.622222 0.051111 0.062222
1 0.386667 0.621111 0.064444 0.064444
1 0.450556 0.789444 0.052222 0.070000
1 0.515000 0.843333 0.056667 0.066667
1 0.381667 0.781667 0.054444 0.083333
