1 0.452222 0.293333 0.042222 0.051111
1 0.535556 0.494444 0.044444 0.062222
1 0.435000 0.589444 0.041111 0.063333
1 0.752222 0.881667 0.040000 0.052222
1 0.626111 0.892778 0.050000 0.072222
0 0.321111 0.188333 0.048889 0.054444
0 0.568333 0.441111 0.054444 0.060000
0 0.825000 0.478889 0.050000 0.055556
0 0.681667 0.728333 0.052222 0.063333
0 0.550556 0.720000 0.043333 0.062222
0 0.854444 0.738333 0.064444 0.067778
0 0.788889 0.832778 0.048889 0.081111
0 0.348333 0.819444 0.054444 0.063333
3 0.373333 0.321667 0.046667 0.058889
3 0.300556 0.354444 0.056667 0.062222
3 0.548889 0.305000 0.046667 0.050000
3 0.848333 0.421667 0.050000 0.047778
3 0.925000 0.457222 0.058889 0.063333
3 0.560556 0.599444 0.045556 0.058889
3 0.761667 0.750000 0.047778 0.060000
3 0.709444 0.881667 0.043333 0.056667
3 0.719444 0.941111 0.045556 0.066667
3 0.548889 0.916111 0.046667 0.061111
2 0.540000 0.252222 0.040000 0.055556
2 0.475556 0.252222 0.044444 0.040000
2 0.800000 0.411111 0.044444 0.044444
2 0.682778 0.447778 0.054444 0.053333
2 0.724444 0.548333 0.042222 0.047778
2 0.590000 0.563889 0.046667 0.043333
2 0.385000 0.561667 0.043333 0.056667
2 0.514444 0.592222 0.040000 0.055556
2 0.313889 0.491111 0.045556 0.048889
2 0.510000 0.890556 0.040000 0.050000
2 0.583333 0.891111 0.031111 0.057778
