2 0.170000 0.020556 0.055556 0.036667
2 0.166667 0.365000 0.075556 0.038889
2 0.295000 0.490556 0.056667 0.045556
2 0.259444 0.657778 0.050000 0.044444
2 0.551667 0.718333 0.056667 0.038889
2 0.506667 0.785556 0.055556 0.040000
2 0.787222 0.630556 0.058889 0.038889
2 0.873889 0.469444 0.054444 0.045556
0 0.445556 0.210000 0.068889 0.053333
0 0.032778 0.036111 0.063333 0.056667
0 0.400000 0.846667 0.066667 0.057778
0 0.587222 0.901111 0.065556 0.053333
0 0.976111 0.658333 0.047778 0.043333
0 0.564444 0.788889 0.055556 0.055556
3 0.186111 0.331111 0.067778 0.046667
3 0.078333 0.307778 0.063333 0.044444
3 0.470000 0.595000 0.051111 0.043333
3 0.735556 0.597778 0.057778 0.040000
3 0.779444 0.665556 0.052222 0.042222
3 0.875556 0.790000 0.046667 0.044444
3 0.244444 0.918333 0.057778 0.047778
3 0.483889 0.821111 0.067778 0.048889
3 0.590556 0.938333 0.070000 0.036667
3 0.652778 0.903889 0.065556 0.056667
1 0.256111 0.025000 0.065556 0.047778
1 0.487778 0.651667 0.062222 0.050000
1 0.487222 0.741667 0.056667 0.047778
1 0.976111 0.707222 0.047778 0.047778
1 0.707222 0.927778 0.052222 0.037778
