3 0.548333 0.189444 0.056667 0.078889
3 0.666667 0.251111 0.051111 0.080000
3 0.442778 0.225556 0.047778 0.057778
3 0.290000 0.481667 0.044444 0.058889
3 0.452222 0.621111 0.040000 0.066667
3 0.295000 0.647222 0.045556 0.050000
3 0.393889 0.696111 0.050000 0.061111
3 0.597778 0.718889 0.048889 0.066667
0 0.551667 0.077222 0.054444 0.070000
0 0.382222 0.143889 0.051111 0.070000
0 0.215000 0.271667 0.054444 0.074444
0 0.583889 0.365000 0.061111 0.076667
0 0.198333 0.517778 0.043333 0.055556
0 0.430000 0.899444 0.053333 0.061111
3 0.271667 0.752778 0.050000 0.065556
3 0.497222 0.536667 0.056667 0.071111
2 0.291667 0.217222 0.052222 0.054444
2 0.463333 0.323889 0.057778 0.052222
2 0.440000 0.528333 0.040000 0.067778
2 0.376111 0.507222 0.054444 0.050000
2 0.183333 0.433333 0.042222 0.075556
2 0.237222 0.592222 0.041111 0.064444
2 0.519444 0.723333 0.052222 0.053333
2 0.497778 0.831111 0.046667 0.051111
2 0.358333 0.789444 0.043333 0.054444
1 0.312778 0.388333 0.050000 0.070000
1 0.638889 0.477222 0.062222 0.061111
1 0.708889 0.568333 0.053333 0.061111
1 0.585000 0.566667 0.061111 0.062222
1 0.678333 0.797778 0.047778 0.071111
1 0.586111 0.877222 0.050000 0.065556
