0 0.777778 0.249444 0.122222 0.087778
0 0.366667 0.348333 0.106667 0.067778
0 0.288333 0.325556 0.081111 0.071111
0 0.205000 0.327222 0.087778 0.070000
3 0.203333 0.665000 0.102222 0.072222
3 0.440000 0.651111 0.082222 0.073333
3 0.620556 0.666111 0.090000 0.074444
3 0.394444 0.502222 0.100000 0.088889
3 0.377778 0.602222 0.086667 0.077778
1 0.213333 0.746111 0.113333 0.070000
1 0.456667 0.576111 0.075556 0.072222
1 0.603889 0.223333 0.083333 0.093333
1 0.530556 0.178333 0.087778 0.063333
2 0.740556 0.156111 0.094444 0.072222
2 0.702222 0.420556 0.086667 0.083333
2 0.614444 0.573889 0.102222 0.072222
2 0.513889 0.673333 0.072222 0.080000
