1 0.860000 0.152222 0.053333 0.062222
1 0.965556 0.119444 0.055556 0.070000
1 0.798333 0.363333 0.052222 0.080000
1 0.387222 0.192222 0.054444 0.053333
1 0.623333 0.566111 0.060000 0.076667
2 0.693889 0.277222 0.056667 0.056667
2 0.968889 0.290556 0.053333 0.063333
2 0.499444 0.253889 0.047778 0.056667
2 0.306667 0.356111 0.053333 0.065556
2 0.258333 0.351111 0.045556 0.048889
2 0.451111 0.427778 0.042222 0.064444
2 0.502778 0.663889 0.052222 0.058889
2 0.403333 0.567222 0.048889 0.074444
2 0.686111 0.508889 0.050000 0.066667
3 0.217222 0.388333 0.054444 0.065556
3 0.256111 0.237778 0.047778 0.053333
3 0.458889 0.260000 0.044444 0.066667
3 0.445000 0.186111 0.054444 0.052222
3 0.406667 0.455000 0.051111 0.081111
3 0.308333 0.743333 0.061111 0.075556
3 0.658889 0.346111 0.048889 0.067778
3 0.677778 0.224444 0.053333 0.051111
3 0.550000 0.266667 0.048889 0.064444
0 0.246667 0.296111 0.055556 0.056667
0 0.406111 0.272222 0.054444 0.073333
0 0.516111 0.196111 0.056667 0.063333
0 0.495000 0.138889 0.056667 0.068889
0 0.853889 0.353333 0.061111 0.077778
0 0.703889 0.387222 0.056667 0.067778
0 0.668889 0.434444 0.048889 0.064444
0 0.557222 0.452778 0.056667 0.072222
3 0.637778 0.274444 0.046667 0.073333
1 0.445556 0.650000 0.055556 0.077778
