2 0.232778 0.208333 0.038889 0.052222
2 0.410000 0.168333 0.044444 0.052222
2 0.318333 0.269444 0.038889 0.050000
2 0.171111 0.375556 0.042222 0.046667
2 0.315556 0.372222 0.037778 0.035556
2 0.359444 0.356667 0.041111 0.053333
2 0.088889 0.538889 0.046667 0.048889
2 0.333333 0.685556 0.040000 0.048889
2 0.305000 0.726111 0.043333 0.047778
2 0.595000 0.567778 0.038889 0.048889
2 0.020000 0.663333 0.037778 0.057778
3 0.471667 0.315000 0.043333 0.056667
3 0.631111 0.378333 0.044444 0.056667
3 0.580556 0.425000 0.047778 0.056667
3 0.613889 0.451667 0.034444 0.056667
3 0.764444 0.546667 0.051111 0.060000
3 0.465000 0.620556 0.038889 0.056667
3 0.142778 0.824444 0.050000 0.064444
3 0.302778 0.417222 0.036667 0.050000
0 0.320556 0.331111 0.038889 0.051111
0 0.346111 0.416111 0.050000 0.058889
0 0.226667 0.538333 0.057778 0.065556
0 0.121111 0.635556 0.055556 0.068889
0 0.204444 0.678333 0.046667 0.063333
0 0.432778 0.595556 0.038889 0.051111
0 0.636111 0.603889 0.045556 0.063333
0 0.691111 0.537222 0.055556 0.074444
3 0.556667 0.575000 0.053333 0.056667
1 0.398889 0.336111 0.040000 0.061111
1 0.603333 0.635000 0.048889 0.058889
1 0.843333 0.730556 0.044444 0.065556
1 0.586111 0.738889 0.047778 0.066667
1 0.308889 0.656111 0.044444 0.056667
1 0.256111 0.691111 0.045556 0.055556
