1 0.276111 0.593333 0.072222 0.042222
1 0.299444 0.473333 0.050000 0.046667
1 0.346667 0.775000 0.055556 0.038889
1 0.667778 0.796667 0.051111 0.044444
1 0.261667 0.851111 0.058889 0.046667
1 0.941111 0.497778 0.071111 0.042222
3 0.601667 0.246111 0.050000 0.045556
3 0.392778 0.556111 0.056667 0.043333
3 0.233889 0.477222 0.067778 0.045556
3 0.144444 0.518889 0.055556 0.042222
3 0.385556 0.656667 0.048889 0.035556
3 0.478333 0.675556 0.056667 0.044444
3 0.312778 0.808889 0.052222 0.044444
3 0.347222 0.732778 0.067778 0.045556
3 0.964444 0.537222 0.064444 0.043333
2 0.466111 0.309444 0.047778 0.045556
2 0.422778 0.315556 0.047778 0.046667
2 0.574444 0.641111 0.053333 0.035556
2 0.547778 0.678333 0.044444 0.041111
2 0.745556 0.672778 0.053333 0.036667
2 0.844444 0.698889 0.051111 0.035556
2 0.172778 0.765000 0.054444 0.050000
2 0.337778 0.666111 0.048889 0.038889
2 0.450000 0.578889 0.048889 0.037778
2 0.221667 0.558889 0.050000 0.037778
2 0.285556 0.380556 0.042222 0.045556
0 0.696111 0.347222 0.074444 0.054444
0 0.710000 0.303889 0.062222 0.045556
0 0.632778 0.594444 0.058889 0.042222
0 0.553889 0.591111 0.067778 0.048889
0 0.745556 0.710556 0.062222 0.038889
0 0.507778 0.640556 0.051111 0.034444
0 0.425000 0.627222 0.061111 0.038889
0 0.336111 0.397222 0.056667 0.043333
