3 0.860000 0.300556 0.055556 0.050000
3 0.657778 0.346111 0.046667 0.034444
3 0.248889 0.486667 0.053333 0.044444
3 0.367778 0.436111 0.048889 0.036667
3 0.534444 0.463333 0.046667 0.042222
3 0.582222 0.456111 0.053333 0.038889
3 0.491667 0.541667 0.045556 0.043333
3 0.503333 0.636111 0.055556 0.045556
3 0.389444 0.670000 0.050000 0.044444
3 0.271667 0.418333 0.067778 0.041111
2 0.285000 0.100556 0.054444 0.038889
2 0.693889 0.436667 0.054444 0.044444
2 0.244444 0.303333 0.051111 0.031111
2 0.427778 0.571667 0.057778 0.038889
2 0.546667 0.602222 0.051111 0.035556
2 0.565000 0.524444 0.056667 0.040000
2 0.345556 0.645000 0.051111 0.034444
2 0.605556 0.423889 0.053333 0.030000
1 0.335556 0.330000 0.055556 0.044444
1 0.680556 0.386667 0.056667 0.042222
1 0.421667 0.421111 0.063333 0.035556
1 0.630556 0.501111 0.067778 0.035556
1 0.630556 0.558333 0.065556 0.038889
1 0.385556 0.598889 0.046667 0.044444
0 0.328889 0.268333 0.060000 0.038889
0 0.296111 0.291667 0.041111 0.032222
0 0.276667 0.337778 0.055556 0.040000
0 0.429444 0.378333 0.058889 0.047778
0 0.562222 0.373333 0.060000 0.053333
0 0.506667 0.388333 0.055556 0.050000
0 0.633889 0.602222 0.061111 0.037778
0 0.348889 0.476111 0.073333 0.043333
