1 0.155000 0.247778 0.052222 0.077778
1 0.893889 0.205556 0.056667 0.080000
1 0.268889 0.522222 0.048889 0.071111
1 0.414444 0.803889 0.062222 0.081111
1 0.315556 0.735000 0.062222 0.070000
0 0.265556 0.397778 0.062222 0.077778
0 0.433333 0.538889 0.075556 0.082222
0 0.503333 0.520556 0.064444 0.072222
0 0.576667 0.486667 0.064444 0.080000
0 0.585556 0.610556 0.055556 0.072222
0 0.620556 0.832778 0.070000 0.098889
3 0.389444 0.188333 0.050000 0.081111
3 0.443889 0.095556 0.056667 0.073333
3 0.428889 0.256111 0.048889 0.063333
3 0.498889 0.236111 0.051111 0.063333
3 0.742222 0.586111 0.062222 0.072222
3 0.844444 0.651111 0.057778 0.073333
3 0.703889 0.647222 0.063333 0.067778
3 0.560000 0.678333 0.051111 0.074444
3 0.387222 0.507778 0.047778 0.073333
3 0.275000 0.616111 0.074444 0.074444
0 0.396111 0.973889 0.067778 0.052222
2 0.657778 0.285556 0.057778 0.071111
2 0.635556 0.355000 0.051111 0.076667
2 0.536667 0.337222 0.046667 0.067778
2 0.416667 0.320000 0.053333 0.066667
2 0.497222 0.644444 0.050000 0.071111
2 0.451667 0.609444 0.045556 0.065556
2 0.512778 0.719444 0.052222 0.065556
2 0.423333 0.151667 0.037778 0.054444
1 0.512222 0.586667 0.053333 0.062222
