2 0.559444 0.092222 0.036667 0.044444
2 0.757778 0.078889 0.035556 0.048889
2 0.828889 0.058889 0.037778 0.044444
2 0.906667 0.185556 0.028889 0.055556
2 0.937778 0.194444 0.037778 0.057778
2 0.640556 0.201111 0.032222 0.048889
2 0.894444 0.219444 0.031111 0.050000
2 0.544444 0.647222 0.033333 0.052222
2 0.527778 0.602778 0.040000 0.045556
2 0.490000 0.605556 0.040000 0.048889
2 0.703333 0.986111 0.040000 0.027778
3 0.727222 0.120556 0.045556 0.056667
3 0.838889 0.137222 0.040000 0.052222
3 0.917778 0.079444 0.033333 0.054444
3 0.878889 0.262778 0.051111 0.050000
3 0.615000 0.448333 0.045556 0.056667
3 0.569444 0.459444 0.034444 0.056667
3 0.467778 0.450556 0.040000 0.045556
3 0.461111 0.560556 0.040000 0.052222
0 0.425556 0.663333 0.048889 0.057778
0 0.472778 0.505556 0.047778 0.057778
0 0.626667 0.350000 0.040000 0.062222
0 0.838889 0.210000 0.040000 0.048889
0 0.797778 0.077778 0.042222 0.055556
0 0.887778 0.102778 0.037778 0.054444
1 0.946667 0.387778 0.046667 0.057778
1 0.970556 0.460000 0.054444 0.060000
1 0.802222 0.192778 0.042222 0.063333
1 0.107778 0.865556 0.051111 0.066667
3 0.103333 0.677222 0.048889 0.054444
