2 0.723333 0.148889 0.046667 0.071111
2 0.631111 0.075000 0.051111 0.063333
2 0.592778 0.111111 0.043333 0.071111
2 0.667778 0.342222 0.040000 0.066667
2 0.516111 0.442778 0.050000 0.056667
2 0.307222 0.344444 0.054444 0.062222
2 0.491667 0.555556 0.052222 0.055556
2 0.593333 0.703889 0.048889 0.063333
0 0.703889 0.261111 0.052222 0.064444
0 0.544444 0.256667 0.062222 0.080000
0 0.813889 0.471667 0.052222 0.058889
0 0.945000 0.561111 0.052222 0.066667
0 0.820556 0.636111 0.052222 0.076667
0 0.736667 0.495556 0.057778 0.068889
0 0.629444 0.599444 0.063333 0.072222
0 0.411111 0.562222 0.066667 0.075556
0 0.457222 0.682778 0.058889 0.072222
3 0.287222 0.943333 0.063333 0.080000
3 0.308333 0.747222 0.056667 0.065556
3 0.496111 0.613333 0.054444 0.057778
3 0.682778 0.437222 0.052222 0.063333
3 0.764444 0.431111 0.044444 0.060000
3 0.497222 0.377778 0.050000 0.071111
3 0.414444 0.315000 0.053333 0.072222
3 0.622778 0.320000 0.050000 0.068889
3 0.536111 0.180556 0.056667 0.067778
1 0.379444 0.630556 0.045556 0.067778
1 0.788889 0.548333 0.060000 0.063333
1 0.595556 0.264444 0.040000 0.066667
1 0.320000 0.283333 0.051111 0.066667
1 0.450000 0.253889 0.046667 0.065556
