3 0.566667 0.160000 0.048889 0.064444
3 0.392222 0.280000 0.044444 0.055556
3 0.418333 0.367222 0.043333 0.050000
3 0.528889 0.508333 0.048889 0.056667
3 0.361667 0.545000 0.061111 0.063333
3 0.249444 0.527222 0.047778 0.065556
3 0.307222 0.730000 0.054444 0.068889
3 0.698333 0.702778 0.056667 0.067778
3 0.722778 0.657222 0.047778 0.054444
0 0.383889 0.788333 0.045556 0.063333
0 0.456667 0.618333 0.048889 0.067778
0 0.386667 0.419444 0.055556 0.056667
0 0.776111 0.455000 0.054444 0.078889
0 0.820000 0.433889 0.044444 0.072222
0 0.758333 0.335000 0.050000 0.065556
0 0.707778 0.200556 0.055556 0.067778
1 0.720000 0.276667 0.046667 0.057778
1 0.763333 0.577778 0.048889 0.060000
1 0.607222 0.575000 0.052222 0.067778
1 0.545556 0.726667 0.051111 0.062222
1 0.609444 0.720000 0.052222 0.066667
1 0.486667 0.771667 0.053333 0.052222
2 0.287222 0.294444 0.045556 0.055556
2 0.273333 0.375000 0.046667 0.050000
2 0.609444 0.393333 0.054444 0.060000
2 0.655556 0.241667 0.037778 0.054444
2 0.461111 0.447778 0.044444 0.062222
2 0.578333 0.500000 0.038889 0.062222
2 0.380556 0.471111 0.045556 0.046667
2 0.522222 0.651667 0.048889 0.047778
2 0.744444 0.712778 0.037778 0.063333
2 0.276667 0.645556 0.053333 0.046667
