0 0.252778 0.177222 0.061111 0.050000
0 0.363889 0.167778 0.041111 0.057778
0 0.706667 0.117222 0.044444 0.065556
0 0.770556 0.449444 0.054444 0.061111
0 0.403333 0.307778 0.046667 0.060000
0 0.658889 0.806111 0.051111 0.067778
0 0.474444 0.731111 0.046667 0.066667
0 0.803333 0.503333 0.035556 0.057778
3 0.268889 0.231667 0.048889 0.058889
3 0.219444 0.128889 0.047778 0.055556
3 0.349444 0.222778 0.038889 0.058889
3 0.535556 0.183333 0.046667 0.057778
3 0.645000 0.223889 0.041111 0.063333
3 0.937222 0.375000 0.050000 0.056667
3 0.515556 0.755556 0.040000 0.055556
3 0.201111 0.713333 0.055556 0.053333
3 0.593889 0.733889 0.050000 0.070000
2 0.695000 0.780000 0.041111 0.048889
2 0.442778 0.569444 0.047778 0.056667
2 0.351667 0.367222 0.045556 0.045556
2 0.306667 0.389444 0.040000 0.050000
2 0.210556 0.197778 0.036667 0.051111
2 0.836111 0.236111 0.043333 0.056667
2 0.873333 0.238333 0.037778 0.058889
2 0.907778 0.320556 0.051111 0.050000
2 0.904444 0.457222 0.046667 0.047778
1 0.959444 0.473333 0.050000 0.060000
1 0.756111 0.504444 0.050000 0.046667
2 0.838333 0.715556 0.038889 0.062222
1 0.339444 0.452222 0.054444 0.057778
0 0.177222 0.319444 0.045556 0.065556
1 0.925000 0.950000 0.056667 0.082222
1 0.773333 0.951667 0.046667 0.063333
2 0.217222 0.949444 0.045556 0.061111
