0 0.107778 0.357222 0.084444 0.058889
0 0.303333 0.443333 0.075556 0.053333
0 0.616111 0.325000 0.081111 0.063333
0 0.520000 0.295556 0.086667 0.057778
0 0.622778 0.775000 0.072222 0.054444
0 0.511667 0.852222 0.076667 0.055556
0 0.529444 0.365000 0.063333 0.054444
3 0.178889 0.271111 0.080000 0.055556
3 0.427222 0.186111 0.076667 0.067778
3 0.386111 0.330000 0.083333 0.064444
3 0.588889 0.391667 0.064444 0.041111
3 0.742222 0.520000 0.053333 0.060000
3 0.816111 0.568333 0.070000 0.056667
3 0.665000 0.516111 0.072222 0.054444
3 0.600556 0.679444 0.070000 0.052222
3 0.431111 0.742778 0.077778 0.063333
2 0.288333 0.244444 0.081111 0.053333
2 0.586111 0.237778 0.054444 0.044444
2 0.678333 0.255000 0.081111 0.058889
2 0.497778 0.440000 0.064444 0.051111
2 0.584444 0.511667 0.044444 0.058889
2 0.436667 0.574444 0.077778 0.044444
2 0.267222 0.516111 0.054444 0.047778
2 0.724444 0.665000 0.066667 0.056667
2 0.589444 0.628889 0.058889 0.042222
2 0.465556 0.352778 0.064444 0.058889
1 0.122778 0.473889 0.072222 0.058889
1 0.178333 0.538333 0.092222 0.054444
1 0.183333 0.612222 0.093333 0.071111
1 0.353333 0.610556 0.073333 0.061111
1 0.462222 0.664444 0.068889 0.057778
1 0.322778 0.811111 0.076667 0.055556
