2 0.063889 0.704444 0.061111 0.057778
2 0.222222 0.602778 0.064444 0.047778
2 0.235556 0.392778 0.060000 0.052222
2 0.341667 0.548889 0.065556 0.048889
2 0.381111 0.436667 0.057778 0.053333
2 0.421111 0.675000 0.057778 0.056667
2 0.514444 0.391667 0.060000 0.050000
2 0.644444 0.373889 0.066667 0.052222
2 0.562778 0.474444 0.063333 0.051111
2 0.561667 0.564444 0.067778 0.051111
2 0.637778 0.682222 0.062222 0.048889
2 0.710000 0.528333 0.066667 0.050000
2 0.828333 0.614444 0.067778 0.046667
2 0.772778 0.397778 0.063333 0.051111
