2 0.703333 0.328333 0.044444 0.050000
2 0.562222 0.290000 0.048889 0.048889
2 0.547778 0.359444 0.055556 0.038889
2 0.582222 0.428333 0.053333 0.036667
2 0.573889 0.461667 0.050000 0.034444
2 0.683889 0.555556 0.050000 0.040000
2 0.697778 0.662222 0.048889 0.040000
2 0.822778 0.794444 0.054444 0.042222
2 0.366667 0.645556 0.048889 0.040000
2 0.431111 0.582222 0.046667 0.035556
2 0.260556 0.530000 0.045556 0.042222
3 0.525000 0.198889 0.058889 0.051111
3 0.631111 0.314444 0.068889 0.044444
3 0.796667 0.422778 0.060000 0.045556
3 0.642222 0.470556 0.046667 0.038889
3 0.615000 0.498889 0.050000 0.044444
3 0.496111 0.401111 0.063333 0.046667
3 0.585000 0.566667 0.052222 0.044444
3 0.231111 0.425000 0.055556 0.045556
3 0.402222 0.550556 0.057778 0.036667
3 0.518889 0.758889 0.068889 0.051111
3 0.755000 0.799444 0.054444 0.043333
0 0.271111 0.357222 0.060000 0.045556
0 0.317222 0.528333 0.054444 0.038889
0 0.282778 0.578889 0.065556 0.046667
0 0.452778 0.618889 0.056667 0.037778
0 0.260000 0.853889 0.060000 0.054444
1 0.372222 0.228333 0.053333 0.050000
1 0.295556 0.426667 0.062222 0.048889
1 0.230000 0.631111 0.048889 0.046667
1 0.362778 0.688889 0.054444 0.040000
1 0.256111 0.792222 0.056667 0.048889
1 0.505000 0.609444 0.050000 0.054444
0 0.308889 0.816111 0.055556 0.054444
