0 0.447222 0.036111 0.050000 0.061111
0 0.578333 0.232778 0.052222 0.061111
0 0.673333 0.340000 0.055556 0.064444
0 0.359444 0.173333 0.054444 0.062222
0 0.558333 0.548333 0.058889 0.076667
0 0.261667 0.821667 0.056667 0.076667
0 0.336111 0.595000 0.052222 0.070000
0 0.969444 0.536667 0.061111 0.073333
0 0.464444 0.248889 0.053333 0.046667
2 0.702778 0.532222 0.043333 0.055556
2 0.971111 0.301111 0.044444 0.062222
2 0.613889 0.558333 0.041111 0.067778
2 0.499444 0.491111 0.041111 0.064444
2 0.373889 0.487778 0.043333 0.053333
2 0.432222 0.416111 0.046667 0.045556
2 0.415556 0.692778 0.051111 0.061111
2 0.284444 0.310556 0.051111 0.050000
2 0.344444 0.331111 0.042222 0.060000
2 0.632222 0.377778 0.048889 0.051111
2 0.461667 0.200000 0.047778 0.046667
1 0.466667 0.108333 0.042222 0.063333
1 0.530556 0.178333 0.047778 0.070000
1 0.616667 0.306667 0.051111 0.051111
1 0.461111 0.355000 0.053333 0.054444
1 0.390000 0.374444 0.051111 0.055556
3 0.508333 0.070000 0.047778 0.071111
3 0.606667 0.187222 0.048889 0.061111
3 0.467778 0.302778 0.048889 0.052222
3 0.531667 0.383889 0.047778 0.070000
3 0.319444 0.395556 0.058889 0.064444
3 0.450556 0.490556 0.052222 0.063333
3 0.393889 0.443889 0.047778 0.052222
3 0.636667 0.620000 0.046667 0.062222
3 0.421111 0.755556 0.055556 0.064444
