2 0.590556 0.252778 0.056667 0.041111
2 0.378889 0.410556 0.053333 0.043333
2 0.324444 0.406667 0.048889 0.044444
2 0.622222 0.467778 0.053333 0.040000
2 0.126111 0.453333 0.067778 0.042222
2 0.067778 0.479444 0.062222 0.036667
2 0.929444 0.587222 0.038889 0.050000
2 0.921111 0.834444 0.048889 0.037778
2 0.775000 0.845556 0.056667 0.040000
2 0.250556 0.755556 0.070000 0.044444
2 0.066667 0.730000 0.057778 0.051111
1 0.071111 0.782222 0.071111 0.046667
1 0.172778 0.945556 0.058889 0.060000
1 0.704444 0.671111 0.060000 0.040000
1 0.723333 0.556667 0.051111 0.046667
1 0.727222 0.115000 0.056667 0.043333
1 0.048889 0.515556 0.048889 0.042222
3 0.477222 0.692778 0.065556 0.054444
3 0.243333 0.802778 0.064444 0.045556
3 0.081667 0.857778 0.076667 0.055556
3 0.705000 0.817778 0.058889 0.042222
3 0.637222 0.732778 0.056667 0.034444
3 0.770556 0.560556 0.041111 0.045556
3 0.885556 0.566111 0.046667 0.050000
3 0.621667 0.295556 0.067778 0.040000
3 0.764444 0.180000 0.066667 0.046667
3 0.299444 0.078333 0.065556 0.047778
0 0.051111 0.138889 0.073333 0.055556
0 0.435000 0.388889 0.067778 0.057778
0 0.531111 0.508333 0.055556 0.050000
0 0.342778 0.576667 0.056667 0.051111
0 0.202222 0.573889 0.068889 0.058889
0 0.085556 0.550556 0.077778 0.050000
