2 0.616667 0.175000 0.057778 0.067778
2 0.530556 0.290000 0.052222 0.053333
2 0.396667 0.227778 0.051111 0.055556
2 0.682222 0.364444 0.053333 0.064444
2 0.563333 0.440000 0.046667 0.068889
2 0.476111 0.438889 0.043333 0.062222
2 0.395000 0.486667 0.050000 0.055556
2 0.374444 0.358889 0.046667 0.071111
2 0.675000 0.579444 0.047778 0.061111
2 0.546667 0.664444 0.046667 0.080000
2 0.436667 0.622222 0.053333 0.064444
2 0.391667 0.765000 0.054444 0.065556
2 0.598889 0.779444 0.053333 0.061111
2 0.705000 0.937778 0.061111 0.060000
