0 0.554444 0.290000 0.042222 0.053333
0 0.570000 0.249444 0.035556 0.052222
0 0.435556 0.307778 0.042222 0.051111
0 0.453889 0.410000 0.043333 0.048889
0 0.410556 0.418333 0.043333 0.054444
0 0.392778 0.484444 0.041111 0.060000
0 0.377222 0.818333 0.041111 0.056667
0 0.264444 0.814444 0.048889 0.057778
2 0.241667 0.268889 0.032222 0.051111
2 0.315000 0.259444 0.032222 0.043333
2 0.492222 0.403889 0.037778 0.036667
2 0.249444 0.549444 0.038889 0.043333
2 0.318333 0.616111 0.034444 0.054444
2 0.615556 0.666111 0.040000 0.054444
2 0.642778 0.487222 0.036667 0.056667
2 0.345556 0.542778 0.051111 0.047778
3 0.482222 0.965556 0.037778 0.060000
3 0.280000 0.718889 0.037778 0.048889
3 0.500000 0.622778 0.037778 0.054444
3 0.568333 0.558889 0.043333 0.057778
3 0.395556 0.550000 0.037778 0.051111
3 0.292778 0.576111 0.036667 0.045556
3 0.505556 0.448889 0.044444 0.048889
3 0.501111 0.362222 0.037778 0.044444
3 0.341111 0.313333 0.042222 0.046667
1 0.537778 0.223333 0.037778 0.048889
1 0.565000 0.491111 0.038889 0.046667
1 0.443333 0.457778 0.044444 0.046667
1 0.352778 0.493889 0.036667 0.047778
1 0.246111 0.752222 0.038889 0.053333
2 0.390000 0.867778 0.046667 0.044444
3 0.025556 0.553333 0.048889 0.060000
