3 0.434444 0.756111 0.048889 0.061111
3 0.382222 0.526111 0.053333 0.061111
3 0.430556 0.407778 0.045556 0.055556
3 0.853333 0.379444 0.044444 0.047778
3 0.754444 0.268889 0.046667 0.055556
3 0.547778 0.320000 0.046667 0.055556
3 0.561667 0.193889 0.041111 0.054444
3 0.492222 0.184444 0.046667 0.060000
3 0.537778 0.253333 0.042222 0.055556
3 0.512222 0.276667 0.046667 0.042222
2 0.227778 0.300000 0.051111 0.055556
2 0.569444 0.382778 0.038889 0.056667
2 0.490556 0.424444 0.043333 0.060000
2 0.597222 0.552222 0.043333 0.057778
2 0.454444 0.685556 0.048889 0.053333
2 0.283333 0.557778 0.055556 0.057778
2 0.847222 0.430556 0.047778 0.061111
2 0.663889 0.320556 0.043333 0.063333
1 0.642778 0.517778 0.052222 0.064444
1 0.483889 0.598333 0.056667 0.065556
1 0.430556 0.538333 0.050000 0.056667
1 0.411111 0.358889 0.048889 0.044444
1 0.326667 0.242778 0.046667 0.054444
1 0.559444 0.101667 0.043333 0.054444
0 0.626667 0.615000 0.057778 0.076667
0 0.387778 0.597778 0.060000 0.077778
0 0.341111 0.411667 0.046667 0.054444
0 0.306111 0.441667 0.050000 0.061111
0 0.560556 0.463889 0.052222 0.067778
0 0.503333 0.328889 0.042222 0.062222
0 0.654444 0.205556 0.053333 0.062222
0 0.412778 0.258889 0.050000 0.062222
