1 0.309444 0.557222 0.050000 0.056667
1 0.581667 0.716667 0.045556 0.042222
1 0.528333 0.752778 0.054444 0.058889
1 0.053889 0.687222 0.050000 0.065556
1 0.925556 0.635556 0.057778 0.057778
2 0.693889 0.919444 0.050000 0.063333
2 0.420556 0.977778 0.052222 0.044444
2 0.538889 0.697778 0.040000 0.055556
2 0.572222 0.520556 0.042222 0.056667
2 0.356111 0.553333 0.038889 0.082222
2 0.281667 0.603889 0.043333 0.056667
2 0.363889 0.455556 0.047778 0.044444
2 0.407778 0.371667 0.040000 0.050000
2 0.487222 0.418333 0.034444 0.054444
2 0.466667 0.171667 0.040000 0.052222
2 0.840000 0.210556 0.044444 0.058889
0 0.698889 0.617778 0.055556 0.080000
0 0.641111 0.842222 0.044444 0.066667
0 0.476111 0.778333 0.045556 0.061111
0 0.433333 0.460000 0.042222 0.062222
0 0.497778 0.513889 0.053333 0.061111
0 0.979444 0.466111 0.041111 0.076667
0 0.818889 0.273333 0.048889 0.060000
3 0.516667 0.818333 0.040000 0.061111
3 0.606667 0.771111 0.048889 0.071111
3 0.486667 0.704444 0.051111 0.062222
3 0.621111 0.525000 0.051111 0.070000
3 0.470556 0.561667 0.045556 0.054444
3 0.561111 0.438333 0.048889 0.056667
3 0.450000 0.391667 0.042222 0.058889
3 0.181667 0.434444 0.045556 0.062222
3 0.565000 0.218889 0.045556 0.060000
3 0.974444 0.601667 0.046667 0.061111
2 0.488333 0.362222 0.043333 0.053333
