1 0.657778 0.073333 0.060000 0.084444
1 0.527778 0.093889 0.066667 0.078889
1 0.508333 0.286111 0.063333 0.072222
1 0.550556 0.432778 0.061111 0.072222
1 0.712778 0.505556 0.056667 0.068889
1 0.676111 0.620556 0.050000 0.074444
1 0.833333 0.787222 0.057778 0.067778
1 0.630556 0.770000 0.063333 0.077778
1 0.562222 0.811111 0.046667 0.077778
1 0.215000 0.798333 0.056667 0.096667
1 0.324444 0.589444 0.068889 0.083333
0 0.640556 0.385556 0.063333 0.093333
0 0.726111 0.576111 0.063333 0.070000
0 0.648333 0.531111 0.050000 0.080000
0 0.736111 0.668889 0.065556 0.086667
0 0.629444 0.650556 0.050000 0.083333
0 0.577778 0.640556 0.055556 0.083333
0 0.661667 0.839444 0.061111 0.090000
0 0.744444 0.751111 0.053333 0.075556
0 0.403889 0.628333 0.056667 0.076667
2 0.643333 0.460000 0.055556 0.060000
2 0.600000 0.502778 0.040000 0.078889
2 0.443889 0.511111 0.056667 0.071111
2 0.459444 0.581667 0.052222 0.070000
2 0.273889 0.824444 0.058889 0.080000
2 0.603889 0.855000 0.054444 0.070000
2 0.791667 0.713889 0.041111 0.065556
1 0.528333 0.573889 0.056667 0.070000
1 0.282778 0.651111 0.065556 0.075556
1 0.691667 0.730556 0.056667 0.076667
1 0.843889 0.721667 0.052222 0.065556
