3 0.288889 0.351667 0.075556 0.047778
3 0.246667 0.484444 0.060000 0.062222
3 0.480000 0.475556 0.062222 0.048889
3 0.629444 0.303889 0.058889 0.050000
2 0.522778 0.285000 0.061111 0.041111
2 0.537222 0.417778 0.061111 0.040000
2 0.432778 0.276111 0.052222 0.045556
2 0.605000 0.470556 0.050000 0.047778
2 0.678889 0.528333 0.055556 0.056667
2 0.823889 0.436111 0.047778 0.043333
2 0.583333 0.772222 0.053333 0.046667
2 0.557778 0.674444 0.055556 0.048889
2 0.267778 0.735556 0.068889 0.046667
2 0.359444 0.489444 0.058889 0.045556
3 0.403889 0.325000 0.063333 0.054444
3 0.374444 0.434444 0.071111 0.046667
3 0.476667 0.407222 0.053333 0.054444
3 0.514444 0.537222 0.071111 0.052222
3 0.738333 0.677222 0.056667 0.045556
3 0.363889 0.595000 0.061111 0.050000
0 0.489444 0.620000 0.067778 0.057778
0 0.410000 0.748889 0.064444 0.051111
0 0.493889 0.744444 0.052222 0.055556
0 0.530000 0.800556 0.060000 0.058889
0 0.674444 0.777778 0.060000 0.053333
0 0.796111 0.730556 0.074444 0.056667
0 0.738333 0.330556 0.063333 0.054444
1 0.715556 0.430000 0.066667 0.044444
1 0.678889 0.649444 0.055556 0.058889
1 0.622222 0.642222 0.062222 0.053333
1 0.735000 0.617222 0.052222 0.054444
1 0.285556 0.650556 0.073333 0.050000
