0 0.651111 0.203889 0.086667 0.070000
0 0.223333 0.154444 0.088889 0.064444
0 0.270556 0.444444 0.074444 0.060000
0 0.435556 0.771111 0.075556 0.044444
0 0.434444 0.722778 0.071111 0.047778
0 0.572778 0.761111 0.065556 0.048889
0 0.152222 0.731667 0.080000 0.058889
0 0.652778 0.724444 0.078889 0.057778
0 0.444444 0.097778 0.062222 0.060000
3 0.783889 0.761111 0.081111 0.062222
3 0.342778 0.776667 0.061111 0.051111
3 0.351667 0.578333 0.056667 0.056667
3 0.447778 0.644444 0.066667 0.048889
3 0.634444 0.521111 0.062222 0.060000
3 0.663333 0.331667 0.066667 0.054444
3 0.433333 0.413333 0.064444 0.051111
2 0.512222 0.696667 0.055556 0.053333
2 0.525000 0.647778 0.063333 0.051111
2 0.719444 0.554444 0.067778 0.044444
2 0.621667 0.604444 0.063333 0.042222
2 0.320556 0.668333 0.067778 0.045556
2 0.516111 0.488889 0.056667 0.048889
2 0.483333 0.367222 0.066667 0.045556
2 0.741111 0.340556 0.068889 0.052222
3 0.100556 0.206667 0.087778 0.073333
1 0.257222 0.262778 0.063333 0.058889
1 0.573889 0.504444 0.056667 0.060000
1 0.422222 0.592778 0.068889 0.052222
1 0.248333 0.622222 0.061111 0.044444
1 0.222222 0.663333 0.077778 0.048889
1 0.642222 0.649444 0.077778 0.043333
3 0.453889 0.504444 0.063333 0.048889
