2 0.833889 0.081111 0.036667 0.048889
2 0.843889 0.225556 0.043333 0.053333
2 0.587222 0.074444 0.038889 0.040000
2 0.467778 0.378889 0.040000 0.053333
2 0.253889 0.408333 0.036667 0.052222
2 0.411111 0.621111 0.042222 0.044444
2 0.403889 0.673889 0.038889 0.045556
2 0.755000 0.749444 0.041111 0.061111
2 0.728889 0.931667 0.051111 0.061111
2 0.453333 0.875000 0.042222 0.061111
2 0.478333 0.928889 0.038889 0.060000
2 0.113889 0.272222 0.043333 0.057778
3 0.570000 0.111111 0.035556 0.051111
3 0.561111 0.230556 0.037778 0.038889
3 0.818333 0.292778 0.041111 0.056667
3 0.734444 0.362222 0.033333 0.051111
3 0.691667 0.520000 0.045556 0.055556
3 0.802778 0.757778 0.045556 0.060000
3 0.856111 0.918333 0.052222 0.067778
3 0.078333 0.701111 0.056667 0.053333
3 0.296667 0.380000 0.044444 0.060000
3 0.180000 0.235556 0.046667 0.064444
1 0.673889 0.293889 0.038889 0.056667
1 0.558333 0.275000 0.047778 0.050000
1 0.946667 0.826667 0.051111 0.051111
1 0.782778 0.927778 0.050000 0.073333
1 0.514444 0.949444 0.040000 0.054444
0 0.510556 0.469444 0.047778 0.056667
0 0.390000 0.561111 0.057778 0.066667
0 0.573889 0.655556 0.047778 0.055556
0 0.573333 0.795556 0.057778 0.064444
0 0.551667 0.910000 0.043333 0.071111
0 0.140556 0.948889 0.058889 0.068889
