0 0.926111 0.230556 0.065556 0.063333
0 0.666667 0.427222 0.051111 0.067778
0 0.170556 0.436667 0.063333 0.075556
0 0.893333 0.790000 0.053333 0.068889
0 0.668889 0.973889 0.073333 0.052222
0 0.023889 0.893333 0.045556 0.082222
0 0.670000 0.046667 0.046667 0.066667
3 0.569444 0.281111 0.058889 0.066667
3 0.601667 0.582222 0.047778 0.057778
3 0.628333 0.402778 0.038889 0.074444
3 0.184444 0.821111 0.042222 0.068889
3 0.393333 0.961667 0.048889 0.074444
3 0.137222 0.987222 0.074444 0.025556
3 0.848889 0.975556 0.057778 0.048889
3 0.937778 0.118333 0.053333 0.067778
3 0.988889 0.196111 0.022222 0.065556
2 0.066111 0.412778 0.056667 0.058889
2 0.081667 0.580556 0.047778 0.070000
2 0.041667 0.583333 0.047778 0.064444
2 0.223333 0.787778 0.044444 0.062222
2 0.110000 0.868889 0.057778 0.046667
2 0.021111 0.806667 0.040000 0.044444
2 0.683889 0.560556 0.050000 0.052222
2 0.702778 0.331667 0.041111 0.058889
2 0.903889 0.285556 0.056667 0.051111
1 0.428889 0.353889 0.046667 0.070000
1 0.900000 0.391111 0.046667 0.071111
1 0.937778 0.410556 0.042222 0.072222
1 0.481111 0.966111 0.053333 0.067778
1 0.069444 0.820556 0.050000 0.063333
1 0.030556 0.756111 0.058889 0.056667
