1 0.430556 0.678333 0.054444 0.078889
3 0.291111 0.106111 0.053333 0.072222
3 0.330000 0.270000 0.051111 0.071111
3 0.171667 0.288333 0.063333 0.061111
3 0.074444 0.171111 0.057778 0.055556
3 0.216111 0.127778 0.054444 0.082222
3 0.107222 0.101667 0.056667 0.078889
2 0.387222 0.214444 0.043333 0.068889
2 0.025556 0.196667 0.040000 0.060000
2 0.092778 0.228889 0.054444 0.051111
2 0.122778 0.261667 0.041111 0.065556
2 0.659444 0.888889 0.050000 0.073333
2 0.165556 0.015000 0.055556 0.027778
0 0.246667 0.402778 0.055556 0.076667
0 0.124444 0.466667 0.060000 0.077778
0 0.141667 0.607222 0.056667 0.067778
0 0.098333 0.771111 0.065556 0.080000
0 0.163333 0.138889 0.046667 0.086667
0 0.179444 0.058889 0.061111 0.055556
