1 0.508333 0.122778 0.041111 0.058889
1 0.686667 0.699444 0.051111 0.061111
1 0.961667 0.897222 0.067778 0.065556
3 0.751667 0.213333 0.045556 0.042222
3 0.768889 0.258333 0.046667 0.063333
3 0.966111 0.126667 0.038889 0.055556
3 0.583333 0.170000 0.044444 0.053333
3 0.496667 0.950556 0.051111 0.056667
3 0.058333 0.893889 0.030000 0.061111
2 0.943333 0.304444 0.042222 0.062222
2 0.931111 0.132778 0.033333 0.054444
2 0.521111 0.898889 0.042222 0.051111
0 0.228333 0.135556 0.056667 0.055556
0 0.152222 0.276111 0.048889 0.061111
0 0.636111 0.187222 0.052222 0.067778
0 0.827222 0.308889 0.054444 0.066667
2 0.748333 0.171667 0.041111 0.041111
0 0.593889 0.810000 0.045556 0.064444
0 0.434444 0.815556 0.055556 0.071111
0 0.041667 0.831667 0.054444 0.054444
0 0.965556 0.965000 0.055556 0.070000
