0 0.413333 0.273333 0.057778 0.057778
0 0.566667 0.335556 0.053333 0.048889
0 0.522778 0.383333 0.058889 0.044444
0 0.483333 0.408333 0.053333 0.036667
0 0.504444 0.445000 0.057778 0.041111
0 0.643333 0.494444 0.055556 0.046667
0 0.327778 0.511667 0.060000 0.050000
0 0.528889 0.643889 0.057778 0.043333
0 0.586111 0.683333 0.067778 0.051111
2 0.397222 0.225000 0.043333 0.032222
2 0.452222 0.226111 0.053333 0.036667
2 0.552778 0.294444 0.043333 0.037778
2 0.437778 0.370000 0.053333 0.035556
2 0.548333 0.556667 0.058889 0.035556
2 0.538333 0.589444 0.056667 0.032222
2 0.657778 0.642778 0.048889 0.047778
2 0.019444 0.426667 0.036667 0.048889
3 0.122778 0.296667 0.061111 0.040000
3 0.248333 0.222222 0.054444 0.044444
3 0.343889 0.236667 0.058889 0.042222
3 0.598333 0.294444 0.041111 0.044444
3 0.687222 0.394444 0.065556 0.037778
3 0.491667 0.263333 0.052222 0.042222
3 0.355556 0.335556 0.062222 0.033333
3 0.432222 0.334444 0.057778 0.031111
3 0.576667 0.524444 0.071111 0.037778
1 0.350000 0.278889 0.057778 0.040000
1 0.317778 0.307778 0.048889 0.028889
1 0.390556 0.477778 0.056667 0.051111
1 0.493333 0.603333 0.062222 0.042222
1 0.599444 0.598889 0.054444 0.044444
1 0.975556 0.472222 0.048889 0.053333
