3 0.364444 0.146667 0.046667 0.077778
3 0.779444 0.204444 0.038889 0.062222
3 0.752222 0.394444 0.044444 0.057778
3 0.747778 0.450556 0.037778 0.047778
3 0.745000 0.553889 0.043333 0.056667
3 0.620000 0.465000 0.044444 0.061111
3 0.623889 0.553333 0.043333 0.051111
3 0.186111 0.684444 0.056667 0.062222
3 0.415556 0.416111 0.048889 0.056667
0 0.446667 0.295000 0.055556 0.067778
0 0.302222 0.386111 0.057778 0.076667
0 0.303889 0.196667 0.061111 0.077778
0 0.724444 0.286667 0.042222 0.051111
0 0.818333 0.552222 0.050000 0.057778
0 0.710000 0.452222 0.044444 0.055556
0 0.551111 0.599444 0.044444 0.061111
0 0.494444 0.622222 0.037778 0.060000
3 0.391667 0.970000 0.047778 0.053333
2 0.588889 0.931111 0.042222 0.057778
2 0.610000 0.975556 0.048889 0.048889
2 0.753333 0.728333 0.035556 0.054444
2 0.363889 0.691111 0.047778 0.046667
2 0.306667 0.321667 0.046667 0.052222
2 0.510556 0.570000 0.034444 0.055556
2 0.458889 0.650000 0.037778 0.051111
1 0.640556 0.715556 0.041111 0.053333
1 0.442778 0.599444 0.047778 0.056667
1 0.645556 0.505556 0.035556 0.053333
2 0.862222 0.386111 0.042222 0.052222
1 0.679444 0.283333 0.045556 0.060000
