3 0.553333 0.166667 0.053333 0.071111
3 0.204444 0.266667 0.053333 0.066667
3 0.419444 0.414444 0.041111 0.068889
3 0.573889 0.397778 0.061111 0.064444
3 0.706111 0.391111 0.056667 0.073333
3 0.768333 0.366111 0.061111 0.056667
3 0.807222 0.326111 0.050000 0.058889
3 0.471111 0.507778 0.046667 0.062222
3 0.511111 0.735000 0.062222 0.065556
2 0.458333 0.295000 0.045556 0.070000
2 0.309444 0.321111 0.043333 0.057778
2 0.401667 0.340000 0.045556 0.057778
2 0.533333 0.502778 0.044444 0.067778
2 0.604444 0.587222 0.051111 0.052222
2 0.365000 0.553889 0.043333 0.065556
2 0.134444 0.868889 0.051111 0.066667
2 0.790000 0.418889 0.057778 0.051111
0 0.558333 0.334444 0.056667 0.068889
0 0.356667 0.325000 0.044444 0.063333
0 0.376667 0.434444 0.055556 0.062222
0 0.327778 0.436667 0.044444 0.068889
0 0.220000 0.461111 0.062222 0.071111
0 0.122222 0.489444 0.073333 0.074444
0 0.614444 0.507222 0.066667 0.078889
0 0.416111 0.603889 0.054444 0.072222
3 0.390000 0.268333 0.046667 0.054444
1 0.298889 0.390000 0.042222 0.066667
1 0.333889 0.278889 0.045556 0.042222
1 0.319444 0.637222 0.058889 0.065556
1 0.461111 0.669444 0.055556 0.065556
1 0.231667 0.621667 0.052222 0.061111
1 0.733333 0.693333 0.057778 0.082222
