1 0.665556 0.417222 0.062222 0.050000
1 0.533333 0.486111 0.064444 0.045556
1 0.960000 0.576667 0.062222 0.053333
1 0.523889 0.663889 0.067778 0.038889
1 0.791111 0.313889 0.062222 0.032222
3 0.741667 0.395556 0.058889 0.040000
3 0.799444 0.417222 0.061111 0.041111
3 0.883333 0.435000 0.064444 0.045556
3 0.802778 0.351667 0.065556 0.034444
3 0.743333 0.436111 0.068889 0.043333
3 0.607222 0.478889 0.058889 0.035556
3 0.442778 0.513333 0.070000 0.051111
3 0.506667 0.560556 0.066667 0.047778
3 0.214444 0.608333 0.077778 0.052222
3 0.765000 0.780556 0.061111 0.047778
3 0.635556 0.878333 0.051111 0.045556
2 0.512778 0.078889 0.063333 0.055556
2 0.752222 0.225556 0.053333 0.044444
2 0.712778 0.519444 0.061111 0.043333
2 0.678333 0.623889 0.056667 0.038889
2 0.635000 0.822778 0.047778 0.050000
2 0.586111 0.872778 0.050000 0.054444
2 0.237778 0.862778 0.057778 0.054444
2 0.389444 0.639444 0.054444 0.052222
0 0.701667 0.315000 0.067778 0.047778
0 0.674444 0.468333 0.066667 0.045556
0 0.838333 0.673889 0.063333 0.047778
0 0.597222 0.632222 0.056667 0.055556
0 0.536667 0.617778 0.075556 0.053333
0 0.535000 0.708889 0.070000 0.057778
0 0.041111 0.440556 0.077778 0.056667
