0 0.671111 0.215556 0.055556 0.062222
0 0.391667 0.351667 0.065556 0.072222
0 0.636667 0.446667 0.040000 0.064444
0 0.675556 0.382778 0.048889 0.054444
0 0.753333 0.535556 0.046667 0.062222
0 0.487222 0.666111 0.056667 0.052222
2 0.460556 0.222778 0.038889 0.058889
2 0.430000 0.158333 0.048889 0.056667
2 0.310000 0.273333 0.057778 0.062222
2 0.773333 0.581111 0.046667 0.042222
2 0.888889 0.551667 0.033333 0.050000
2 0.625556 0.391667 0.044444 0.045556
2 0.725556 0.387778 0.040000 0.060000
2 0.660000 0.311667 0.042222 0.052222
3 0.400556 0.438889 0.047778 0.062222
3 0.672778 0.453889 0.030000 0.056667
3 0.765556 0.382778 0.046667 0.052222
3 0.853889 0.265000 0.045556 0.061111
3 0.712778 0.440556 0.050000 0.056667
3 0.785556 0.500000 0.035556 0.046667
3 0.851667 0.562222 0.041111 0.057778
3 0.805000 0.553333 0.036667 0.057778
3 0.670000 0.570556 0.051111 0.067778
3 0.526667 0.698889 0.040000 0.057778
0 0.723333 0.591111 0.044444 0.053333
0 0.985000 0.218333 0.030000 0.083333
1 0.588889 0.188333 0.055556 0.063333
1 0.704444 0.490556 0.044444 0.050000
1 0.630000 0.530000 0.044444 0.064444
1 0.466667 0.433889 0.055556 0.065556
1 0.376111 0.483889 0.043333 0.061111
1 0.535556 0.832778 0.042222 0.061111
