2 0.644444 0.083333 0.055556 0.066667
2 0.596667 0.227222 0.053333 0.070000
2 0.588889 0.554444 0.053333 0.073333
2 0.734444 0.255556 0.044444 0.077778
2 0.879444 0.320556 0.056667 0.067778
2 0.740000 0.378333 0.057778 0.076667
2 0.505000 0.647778 0.054444 0.084444
2 0.697222 0.793333 0.050000 0.084444
2 0.281667 0.821111 0.054444 0.088889
2 0.205000 0.399444 0.050000 0.076667
3 0.762222 0.943889 0.077778 0.098889
3 0.585556 0.797222 0.062222 0.090000
3 0.642778 0.813333 0.054444 0.086667
3 0.633333 0.642222 0.055556 0.091111
3 0.581111 0.626667 0.055556 0.068889
3 0.399444 0.705000 0.061111 0.087778
3 0.815000 0.523333 0.067778 0.093333
3 0.418333 0.319444 0.058889 0.076667
3 0.837778 0.352778 0.051111 0.076667
1 0.350000 0.745000 0.066667 0.085556
1 0.300556 0.437222 0.065556 0.078889
1 0.542778 0.362778 0.063333 0.090000
1 0.473889 0.190000 0.063333 0.055556
0 0.314444 0.158889 0.077778 0.093333
0 0.361111 0.338889 0.057778 0.082222
0 0.358889 0.487222 0.062222 0.085556
0 0.258333 0.525556 0.070000 0.071111
0 0.189444 0.480556 0.067778 0.083333
0 0.881667 0.510000 0.061111 0.088889
0 0.476111 0.265556 0.063333 0.097778
2 0.418333 0.190000 0.050000 0.082222
