1 0.437222 0.152222 0.058889 0.068889
1 0.356667 0.591667 0.042222 0.061111
1 0.347778 0.645000 0.055556 0.050000
1 0.383333 0.701667 0.048889 0.050000
1 0.563333 0.691111 0.044444 0.060000
3 0.650000 0.271111 0.044444 0.068889
3 0.520000 0.216667 0.051111 0.060000
3 0.565556 0.346667 0.048889 0.071111
3 0.409444 0.332778 0.052222 0.061111
3 0.520556 0.453889 0.043333 0.054444
3 0.612778 0.536111 0.050000 0.061111
3 0.691111 0.607778 0.046667 0.048889
3 0.462222 0.487778 0.048889 0.060000
3 0.320556 0.708889 0.047778 0.057778
2 0.554444 0.798333 0.046667 0.052222
2 0.470000 0.648889 0.042222 0.055556
2 0.525556 0.574444 0.046667 0.048889
2 0.325000 0.529444 0.045556 0.047778
2 0.225000 0.550556 0.047778 0.052222
2 0.710000 0.498889 0.044444 0.055556
2 0.718333 0.415556 0.050000 0.048889
2 0.512222 0.332222 0.042222 0.068889
2 0.335556 0.248333 0.053333 0.063333
2 0.230000 0.297778 0.048889 0.073333
0 0.266667 0.753889 0.055556 0.072222
0 0.661111 0.712222 0.051111 0.055556
0 0.224444 0.632778 0.057778 0.061111
0 0.382778 0.457778 0.061111 0.064444
0 0.263889 0.453333 0.052222 0.066667
0 0.200000 0.491667 0.055556 0.065556
0 0.346667 0.320000 0.046667 0.064444
0 0.672778 0.383889 0.052222 0.058889
