0 0.507778 0.146111 0.053333 0.074444
0 0.694444 0.198333 0.060000 0.072222
0 0.859444 0.308889 0.063333 0.075556
0 0.754444 0.329444 0.051111 0.065556
0 0.538333 0.634444 0.065556 0.066667
0 0.424444 0.852222 0.075556 0.093333
0 0.439444 0.670556 0.052222 0.063333
0 0.316667 0.613333 0.060000 0.073333
0 0.541667 0.254444 0.045556 0.068889
3 0.378333 0.118889 0.054444 0.068889
3 0.406667 0.231111 0.048889 0.062222
3 0.261667 0.322222 0.050000 0.051111
3 0.435000 0.324444 0.052222 0.075556
3 0.586667 0.259444 0.044444 0.041111
3 0.579444 0.563333 0.050000 0.075556
3 0.421111 0.516667 0.055556 0.068889
3 0.551111 0.745000 0.062222 0.063333
3 0.247778 0.766667 0.066667 0.077778
1 0.265000 0.486111 0.056667 0.067778
1 0.373333 0.485556 0.048889 0.064444
1 0.663889 0.620000 0.061111 0.066667
1 0.794444 0.656667 0.064444 0.071111
1 0.788889 0.464444 0.055556 0.075556
1 0.663333 0.323333 0.040000 0.073333
2 0.601111 0.305556 0.051111 0.051111
2 0.476667 0.423889 0.048889 0.061111
2 0.388889 0.319444 0.040000 0.070000
2 0.273333 0.378333 0.053333 0.058889
2 0.271667 0.546111 0.058889 0.052222
2 0.292778 0.702778 0.056667 0.067778
2 0.392222 0.688889 0.046667 0.071111
2 0.835000 0.440000 0.052222 0.057778
