0 0.775556 0.141667 0.055556 0.074444
0 0.775556 0.325556 0.051111 0.077778
0 0.723889 0.313889 0.043333 0.063333
0 0.836667 0.431111 0.044444 0.055556
0 0.822778 0.353889 0.050000 0.061111
0 0.747222 0.564444 0.050000 0.068889
0 0.527222 0.447222 0.043333 0.058889
0 0.569444 0.453333 0.045556 0.064444
2 0.492778 0.187778 0.038889 0.064444
2 0.406667 0.218889 0.046667 0.055556
2 0.328889 0.225000 0.048889 0.061111
2 0.790000 0.203333 0.046667 0.051111
2 0.769444 0.266111 0.047778 0.047778
2 0.962222 0.433889 0.046667 0.054444
2 0.591111 0.401111 0.044444 0.046667
2 0.551667 0.509444 0.043333 0.047778
2 0.711667 0.648889 0.045556 0.055556
2 0.428333 0.523333 0.036667 0.062222
2 0.275556 0.620556 0.042222 0.058889
1 0.568333 0.967222 0.056667 0.056667
1 0.478889 0.971111 0.048889 0.046667
1 0.500000 0.397222 0.042222 0.054444
1 0.533333 0.365556 0.051111 0.060000
3 0.629444 0.118333 0.047778 0.058889
3 0.826111 0.128333 0.050000 0.065556
3 0.696667 0.424444 0.044444 0.062222
3 0.610000 0.603889 0.042222 0.058889
3 0.570556 0.562222 0.050000 0.068889
3 0.467778 0.526667 0.044444 0.064444
3 0.435000 0.631111 0.045556 0.051111
3 0.424444 0.699444 0.046667 0.063333
3 0.742778 0.799444 0.045556 0.063333
