1 0.503333 0.066111 0.037778 0.072222
1 0.202778 0.332222 0.043333 0.044444
1 0.225000 0.655556 0.036667 0.053333
1 0.150000 0.737222 0.046667 0.063333
1 0.407222 0.725000 0.041111 0.065556
1 0.527778 0.701111 0.046667 0.055556
2 0.236111 0.827778 0.041111 0.053333
2 0.443333 0.778333 0.040000 0.050000
2 0.621667 0.711111 0.032222 0.053333
2 0.687778 0.583889 0.044444 0.054444
2 0.693889 0.535000 0.043333 0.054444
2 0.421111 0.552222 0.037778 0.051111
2 0.333889 0.663333 0.034444 0.057778
2 0.317222 0.448889 0.038889 0.044444
2 0.357222 0.423333 0.041111 0.053333
2 0.300556 0.155000 0.038889 0.056667
2 0.328889 0.256667 0.040000 0.055556
3 0.756111 0.398333 0.050000 0.056667
3 0.483333 0.857222 0.042222 0.056667
3 0.521667 0.769444 0.047778 0.063333
3 0.270000 0.653889 0.046667 0.065556
3 0.191667 0.686111 0.041111 0.058889
3 0.444444 0.609444 0.042222 0.054444
3 0.345000 0.611111 0.036667 0.046667
3 0.324444 0.520556 0.040000 0.061111
0 0.652778 0.306111 0.047778 0.076667
0 0.695556 0.287222 0.044444 0.063333
0 0.406111 0.367222 0.043333 0.061111
0 0.410556 0.445556 0.054444 0.066667
0 0.357778 0.491667 0.042222 0.045556
0 0.370556 0.573889 0.043333 0.063333
0 0.289444 0.253333 0.043333 0.068889
3 0.461111 0.035556 0.046667 0.064444
0 0.601667 0.665000 0.050000 0.061111
