0 0.315556 0.197778 0.046667 0.055556
0 0.568889 0.448889 0.048889 0.057778
0 0.548333 0.722778 0.041111 0.056667
0 0.680556 0.728889 0.052222 0.055556
0 0.789444 0.836111 0.054444 0.081111
0 0.855000 0.742778 0.058889 0.072222
0 0.352222 0.828889 0.053333 0.068889
0 0.818889 0.479444 0.051111 0.050000
3 0.370000 0.330556 0.044444 0.061111
3 0.298889 0.363333 0.051111 0.060000
3 0.548333 0.312222 0.038889 0.044444
3 0.560556 0.605556 0.041111 0.060000
3 0.762222 0.751111 0.040000 0.060000
3 0.711111 0.881667 0.042222 0.054444
3 0.719444 0.945556 0.047778 0.071111
3 0.553333 0.925000 0.044444 0.061111
3 0.842778 0.422222 0.045556 0.051111
2 0.537222 0.257778 0.036667 0.055556
2 0.475556 0.262222 0.037778 0.046667
1 0.451667 0.300000 0.041111 0.053333
1 0.528889 0.500556 0.040000 0.061111
1 0.434444 0.594444 0.040000 0.060000
3 0.628333 0.893889 0.045556 0.063333
1 0.755000 0.887778 0.041111 0.057778
2 0.682778 0.453889 0.041111 0.050000
2 0.796111 0.414444 0.043333 0.048889
2 0.725556 0.550000 0.042222 0.040000
2 0.586111 0.571111 0.036667 0.048889
2 0.514444 0.597778 0.037778 0.060000
2 0.383889 0.571667 0.041111 0.052222
2 0.315556 0.503889 0.042222 0.054444
2 0.509444 0.898889 0.045556 0.053333
2 0.587778 0.898889 0.037778 0.062222
