0 0.165556 0.090556 0.055556 0.043333
0 0.263333 0.400556 0.064444 0.050000
0 0.326667 0.401667 0.057778 0.043333
0 0.183333 0.525000 0.066667 0.050000
0 0.449444 0.770556 0.063333 0.045556
0 0.445000 0.817778 0.065556 0.057778
0 0.368333 0.794444 0.067778 0.055556
0 0.580556 0.728889 0.058889 0.040000
2 0.412778 0.098889 0.041111 0.042222
2 0.545000 0.304444 0.052222 0.042222
2 0.350000 0.367222 0.042222 0.038889
2 0.371667 0.506667 0.043333 0.037778
2 0.321667 0.543333 0.047778 0.042222
2 0.371667 0.588889 0.047778 0.044444
2 0.443333 0.697222 0.055556 0.032222
2 0.132778 0.485000 0.047778 0.034444
1 0.349444 0.255556 0.058889 0.042222
1 0.477778 0.387778 0.053333 0.042222
1 0.456667 0.454444 0.064444 0.035556
1 0.194444 0.256667 0.060000 0.051111
1 0.413889 0.665000 0.050000 0.041111
1 0.645000 0.783889 0.052222 0.050000
0 0.365556 0.070000 0.051111 0.040000
3 0.406111 0.296667 0.061111 0.040000
3 0.298889 0.362778 0.053333 0.034444
3 0.093889 0.225556 0.061111 0.046667
3 0.441111 0.422778 0.046667 0.036667
3 0.418889 0.522222 0.051111 0.048889
3 0.451667 0.627222 0.065556 0.041111
3 0.087778 0.513333 0.064444 0.040000
3 0.141111 0.450000 0.066667 0.033333
3 0.367222 0.543889 0.050000 0.038889
