0 0.575000 0.154444 0.056667 0.057778
0 0.343889 0.108889 0.074444 0.053333
0 0.357778 0.423889 0.082222 0.063333
0 0.619444 0.476667 0.074444 0.051111
0 0.351111 0.573333 0.075556 0.057778
0 0.612778 0.601111 0.085556 0.068889
0 0.432778 0.734444 0.076667 0.066667
0 0.488889 0.164444 0.080000 0.057778
0 0.118889 0.333333 0.075556 0.053333
1 0.422778 0.094444 0.067778 0.057778
1 0.445000 0.250556 0.067778 0.052222
1 0.742222 0.227778 0.048889 0.053333
1 0.456667 0.525000 0.071111 0.043333
1 0.591667 0.715556 0.065556 0.060000
1 0.255556 0.296111 0.064444 0.050000
3 0.067222 0.160000 0.074444 0.044444
3 0.322222 0.219444 0.062222 0.058889
3 0.381667 0.265000 0.061111 0.052222
3 0.542778 0.266667 0.074444 0.053333
3 0.435000 0.365556 0.063333 0.051111
3 0.302222 0.370556 0.064444 0.056667
3 0.421111 0.563333 0.062222 0.044444
3 0.437222 0.655556 0.078889 0.060000
2 0.715556 0.321667 0.071111 0.043333
2 0.719444 0.274444 0.056667 0.046667
2 0.482222 0.320000 0.066667 0.042222
2 0.321667 0.313889 0.065556 0.045556
2 0.352222 0.169444 0.066667 0.041111
2 0.498333 0.496111 0.063333 0.054444
2 0.465000 0.601111 0.058889 0.051111
2 0.678889 0.507778 0.062222 0.046667
