0 0.643889 0.276111 0.041111 0.056667
0 0.673889 0.363333 0.052222 0.064444
0 0.696111 0.425000 0.045556 0.052222
0 0.472222 0.337222 0.046667 0.063333
0 0.408333 0.350556 0.047778 0.065556
0 0.465556 0.201111 0.046667 0.044444
0 0.556111 0.682222 0.076667 0.068889
2 0.597222 0.083889 0.038889 0.041111
2 0.538333 0.101667 0.038889 0.047778
2 0.583889 0.235556 0.043333 0.044444
2 0.428889 0.275000 0.042222 0.050000
2 0.590556 0.373889 0.043333 0.047778
2 0.567222 0.327778 0.038889 0.051111
2 0.545000 0.352778 0.036667 0.045556
2 0.801111 0.428889 0.042222 0.046667
2 0.472222 0.548889 0.053333 0.060000
3 0.390556 0.246111 0.038889 0.045556
3 0.387778 0.292778 0.046667 0.047778
3 0.363889 0.381667 0.045556 0.067778
3 0.511667 0.310556 0.043333 0.054444
3 0.611111 0.313889 0.042222 0.045556
0 0.606111 0.188889 0.041111 0.044444
3 0.597222 0.456111 0.047778 0.047778
3 0.625556 0.516667 0.048889 0.066667
3 0.678333 0.488333 0.045556 0.058889
3 0.792222 0.481667 0.048889 0.067778
3 0.483889 0.467778 0.045556 0.060000
1 0.431667 0.160556 0.043333 0.056667
1 0.485000 0.250556 0.043333 0.058889
1 0.545000 0.404444 0.038889 0.057778
1 0.531111 0.494444 0.044444 0.060000
1 0.581667 0.567778 0.043333 0.068889
