2 0.414444 0.095556 0.055556 0.057778
2 0.459444 0.245000 0.056667 0.074444
2 0.330000 0.273889 0.048889 0.072222
2 0.322778 0.398889 0.056667 0.073333
2 0.179444 0.328889 0.045556 0.064444
2 0.841111 0.433889 0.046667 0.074444
2 0.536667 0.670000 0.055556 0.093333
2 0.455556 0.572778 0.048889 0.076667
2 0.749444 0.851111 0.056667 0.086667
2 0.351111 0.802778 0.053333 0.087778
0 0.738333 0.185556 0.078889 0.093333
0 0.577778 0.290556 0.066667 0.096667
0 0.782222 0.565000 0.075556 0.074444
0 0.852778 0.519444 0.070000 0.087778
0 0.176111 0.518889 0.061111 0.084444
3 0.281111 0.940000 0.075556 0.093333
3 0.455556 0.808889 0.066667 0.088889
3 0.404444 0.822222 0.060000 0.077778
3 0.411111 0.659444 0.055556 0.094444
3 0.463333 0.643333 0.053333 0.064444
3 0.682778 0.517222 0.061111 0.083333
3 0.685556 0.368333 0.055556 0.090000
3 0.637778 0.345556 0.062222 0.077778
3 0.238333 0.531667 0.061111 0.085556
3 0.222222 0.361111 0.048889 0.075556
1 0.275556 0.282222 0.060000 0.084444
1 0.578889 0.217222 0.057778 0.067778
1 0.637222 0.218889 0.050000 0.075556
1 0.510000 0.382222 0.064444 0.086667
1 0.747778 0.470556 0.064444 0.074444
1 0.690556 0.772778 0.063333 0.083333
3 0.638333 0.735000 0.063333 0.085556
