2 0.308333 0.162222 0.074444 0.051111
2 0.535556 0.261667 0.064444 0.054444
2 0.890556 0.373333 0.056667 0.048889
2 0.819444 0.427222 0.065556 0.043333
2 0.487778 0.451667 0.064444 0.045556
2 0.417778 0.448333 0.064444 0.041111
2 0.360000 0.565000 0.057778 0.054444
2 0.592222 0.583889 0.057778 0.052222
2 0.660556 0.617778 0.050000 0.044444
2 0.715000 0.637222 0.054444 0.052222
2 0.679444 0.739444 0.054444 0.047778
3 0.557222 0.147222 0.065556 0.052222
3 0.521111 0.196111 0.084444 0.063333
3 0.111667 0.397778 0.090000 0.057778
3 0.205000 0.452778 0.065556 0.058889
3 0.342222 0.433333 0.073333 0.046667
3 0.859444 0.627222 0.067778 0.056667
3 0.702778 0.577222 0.072222 0.054444
3 0.623889 0.860000 0.074444 0.051111
3 0.451111 0.881111 0.068889 0.053333
0 0.620000 0.128889 0.066667 0.053333
0 0.385556 0.247778 0.075556 0.066667
0 0.475556 0.245556 0.062222 0.048889
0 0.388333 0.494444 0.090000 0.057778
0 0.419444 0.560000 0.063333 0.055556
0 0.560556 0.510000 0.061111 0.053333
0 0.744444 0.951111 0.073333 0.060000
0 0.405556 0.779444 0.084444 0.054444
1 0.701111 0.476111 0.071111 0.058889
1 0.778889 0.455556 0.064444 0.048889
1 0.496111 0.501111 0.065556 0.051111
1 0.275000 0.776667 0.078889 0.060000
1 0.766111 0.829444 0.061111 0.056667
1 0.612222 0.963333 0.071111 0.046667
