2 0.453889 0.062778 0.036667 0.056667
2 0.688333 0.031667 0.043333 0.056667
2 0.962222 0.339444 0.040000 0.058889
2 0.826667 0.838889 0.044444 0.051111
2 0.723333 0.973333 0.048889 0.053333
2 0.322778 0.817222 0.043333 0.050000
2 0.208333 0.930556 0.050000 0.045556
2 0.080556 0.967778 0.052222 0.046667
0 0.170000 0.217222 0.053333 0.061111
0 0.722222 0.227222 0.048889 0.056667
0 0.850000 0.025000 0.046667 0.047778
0 0.922222 0.583333 0.051111 0.068889
0 0.491667 0.537222 0.056667 0.063333
0 0.668333 0.691111 0.052222 0.066667
0 0.665556 0.752222 0.040000 0.055556
0 0.297222 0.928333 0.058889 0.065556
0 0.528889 0.973333 0.048889 0.053333
1 0.845000 0.131667 0.050000 0.054444
1 0.922222 0.972778 0.051111 0.054444
1 0.613333 0.967222 0.053333 0.061111
1 0.198889 0.976667 0.048889 0.044444
1 0.498889 0.663333 0.046667 0.051111
3 0.833333 0.076667 0.040000 0.048889
3 0.783889 0.396111 0.047778 0.061111
3 0.872222 0.639444 0.042222 0.061111
3 0.474444 0.972222 0.040000 0.055556
3 0.152222 0.859444 0.051111 0.054444
3 0.298333 0.864444 0.050000 0.057778
3 0.156111 0.960556 0.038889 0.058889
