2 0.200000 0.206111 0.071111 0.047778
2 0.503889 0.215556 0.065556 0.051111
2 0.413333 0.312222 0.060000 0.057778
2 0.716111 0.361667 0.063333 0.047778
2 0.482222 0.630000 0.066667 0.048889
2 0.476111 0.671111 0.065556 0.042222
2 0.137222 0.706667 0.076667 0.048889
2 0.708333 0.887222 0.067778 0.041111
2 0.557778 0.905000 0.057778 0.058889
2 0.189444 0.863333 0.067778 0.048889
3 0.345556 0.163333 0.077778 0.055556
3 0.679444 0.237222 0.067778 0.056667
3 0.840000 0.211667 0.064444 0.056667
3 0.841667 0.560000 0.058889 0.055556
3 0.700000 0.556667 0.073333 0.044444
3 0.627222 0.608889 0.067778 0.046667
3 0.592222 0.740000 0.062222 0.048889
3 0.661667 0.724444 0.061111 0.046667
3 0.280556 0.605000 0.063333 0.047778
0 0.650000 0.140000 0.057778 0.053333
0 0.817222 0.343333 0.074444 0.064444
0 0.712222 0.442778 0.066667 0.050000
0 0.784444 0.470000 0.057778 0.051111
0 0.354444 0.357222 0.068889 0.063333
0 0.151667 0.447222 0.076667 0.056667
0 0.437778 0.799444 0.068889 0.050000
0 0.838333 0.707222 0.067778 0.054444
1 0.546667 0.148889 0.066667 0.055556
1 0.773889 0.169444 0.058889 0.058889
1 0.705556 0.400000 0.060000 0.042222
1 0.570556 0.316667 0.050000 0.042222
1 0.436667 0.696667 0.057778 0.055556
1 0.313889 0.688889 0.070000 0.055556
1 0.203333 0.525556 0.062222 0.051111
