0 0.707222 0.048333 0.050000 0.074444
0 0.792222 0.232778 0.046667 0.070000
0 0.656111 0.522222 0.058889 0.080000
0 0.851667 0.563889 0.052222 0.063333
0 0.598889 0.576111 0.051111 0.074444
0 0.605556 0.646667 0.055556 0.060000
0 0.466667 0.607778 0.071111 0.077778
0 0.520000 0.722778 0.060000 0.076667
0 0.336667 0.847222 0.060000 0.076667
2 0.559444 0.149444 0.052222 0.067778
2 0.602778 0.191111 0.045556 0.064444
2 0.836667 0.216111 0.044444 0.056667
2 0.426667 0.311667 0.044444 0.072222
2 0.458889 0.403333 0.055556 0.055556
2 0.367778 0.381111 0.048889 0.071111
2 0.778333 0.523889 0.045556 0.061111
1 0.412222 0.723333 0.046667 0.068889
1 0.393333 0.843889 0.051111 0.076667
1 0.376667 0.282778 0.060000 0.074444
1 0.615000 0.263889 0.043333 0.074444
1 0.771667 0.422222 0.054444 0.062222
1 0.715556 0.331111 0.055556 0.077778
3 0.473889 0.517222 0.047778 0.067778
3 0.551111 0.596111 0.046667 0.063333
3 0.758889 0.297778 0.042222 0.071111
3 0.864444 0.280000 0.057778 0.053333
3 0.799444 0.160000 0.050000 0.064444
3 0.778333 0.115000 0.047778 0.063333
3 0.356667 0.176667 0.064444 0.077778
3 0.236111 0.254444 0.074444 0.080000
3 0.822222 0.451111 0.053333 0.060000
