0 0.626111 0.215556 0.065556 0.095556
0 0.577222 0.417778 0.070000 0.075556
0 0.833333 0.606111 0.062222 0.074444
0 0.282222 0.473889 0.062222 0.058889
0 0.134444 0.555000 0.062222 0.074444
0 0.222222 0.590000 0.060000 0.077778
0 0.250556 0.836667 0.072222 0.080000
2 0.511111 0.177778 0.053333 0.073333
2 0.462778 0.303889 0.070000 0.054444
2 0.486111 0.426111 0.058889 0.065556
2 0.217778 0.235556 0.068889 0.051111
2 0.633889 0.518889 0.052222 0.064444
2 0.430556 0.565556 0.056667 0.053333
2 0.740000 0.736667 0.064444 0.064444
2 0.406667 0.786111 0.055556 0.067778
2 0.309444 0.787222 0.050000 0.065556
3 0.788889 0.186667 0.064444 0.086667
3 0.785000 0.455556 0.063333 0.080000
3 0.653333 0.630556 0.055556 0.065556
3 0.581667 0.632222 0.056667 0.075556
3 0.621667 0.722778 0.056667 0.067778
3 0.447222 0.708333 0.063333 0.070000
3 0.327778 0.624444 0.066667 0.075556
3 0.407778 0.495000 0.066667 0.076667
3 0.240000 0.295000 0.055556 0.067778
1 0.362222 0.229444 0.055556 0.083333
1 0.370000 0.397222 0.071111 0.076667
1 0.672222 0.407222 0.057778 0.070000
1 0.465000 0.639444 0.054444 0.070000
1 0.304444 0.544444 0.048889 0.071111
1 0.820000 0.670556 0.060000 0.061111
2 0.760556 0.631111 0.050000 0.062222
