2 0.253889 0.250000 0.047778 0.044444
2 0.272778 0.386667 0.050000 0.040000
2 0.461111 0.723889 0.044444 0.045556
2 0.319444 0.896111 0.052222 0.047778
2 0.177222 0.870000 0.061111 0.035556
2 0.018889 0.725000 0.035556 0.045556
2 0.792222 0.470556 0.055556 0.032222
2 0.761667 0.667778 0.056667 0.031111
2 0.643333 0.828333 0.051111 0.043333
0 0.944444 0.834444 0.053333 0.046667
0 0.689444 0.629444 0.065556 0.045556
0 0.674444 0.587222 0.064444 0.043333
0 0.572222 0.752778 0.055556 0.036667
0 0.537222 0.782222 0.065556 0.048889
0 0.467778 0.781111 0.055556 0.046667
0 0.427222 0.641111 0.052222 0.040000
0 0.252222 0.832778 0.064444 0.047778
3 0.096667 0.578889 0.055556 0.044444
3 0.270000 0.475000 0.060000 0.043333
3 0.325000 0.412778 0.061111 0.034444
3 0.028889 0.031667 0.055556 0.054444
3 0.877222 0.600556 0.052222 0.036667
3 0.740556 0.695556 0.050000 0.033333
3 0.848889 0.787222 0.048889 0.036667
1 0.563333 0.717222 0.062222 0.038889
1 0.475000 0.625000 0.045556 0.047778
1 0.346667 0.377222 0.062222 0.038889
1 0.848333 0.571667 0.052222 0.032222
1 0.845000 0.503333 0.054444 0.042222
