3 0.214444 0.177222 0.048889 0.056667
3 0.245556 0.055000 0.046667 0.054444
3 0.431667 0.411667 0.045556 0.047778
3 0.238889 0.525556 0.042222 0.062222
3 0.563333 0.615556 0.044444 0.051111
3 0.672778 0.948333 0.050000 0.063333
3 0.935000 0.686111 0.054444 0.065556
3 0.517222 0.028333 0.045556 0.054444
3 0.382778 0.027778 0.030000 0.046667
3 0.752222 0.952222 0.057778 0.066667
2 0.152778 0.246111 0.043333 0.054444
2 0.118889 0.205556 0.040000 0.048889
2 0.562778 0.207778 0.036667 0.055556
2 0.530556 0.201667 0.032222 0.056667
2 0.525556 0.126111 0.040000 0.056667
2 0.320000 0.062222 0.026667 0.051111
2 0.500556 0.861667 0.036667 0.063333
2 0.933333 0.752222 0.057778 0.053333
2 0.941111 0.478333 0.040000 0.063333
0 0.472778 0.108333 0.038889 0.061111
0 0.573889 0.092222 0.043333 0.064444
0 0.357222 0.072222 0.043333 0.068889
0 0.418333 0.046111 0.043333 0.076667
0 0.076111 0.762222 0.058889 0.068889
0 0.758333 0.846667 0.043333 0.062222
1 0.392222 0.278333 0.048889 0.052222
1 0.027222 0.030556 0.045556 0.058889
1 0.691111 0.590556 0.051111 0.056667
1 0.675000 0.735556 0.050000 0.062222
1 0.412778 0.955000 0.047778 0.056667
1 0.045000 0.351667 0.045556 0.061111
