2 0.735000 0.155556 0.041111 0.060000
2 0.454444 0.239444 0.033333 0.056667
2 0.479444 0.360556 0.038889 0.061111
2 0.436111 0.349444 0.038889 0.045556
2 0.417222 0.296667 0.036667 0.048889
2 0.302222 0.350000 0.033333 0.051111
2 0.703333 0.450556 0.040000 0.056667
2 0.457778 0.896667 0.037778 0.062222
2 0.933889 0.203889 0.043333 0.047778
0 0.301111 0.050556 0.055556 0.067778
0 0.523333 0.360556 0.051111 0.067778
0 0.558333 0.427778 0.047778 0.060000
0 0.519444 0.551111 0.045556 0.053333
0 0.331111 0.377222 0.037778 0.052222
0 0.142222 0.411111 0.048889 0.064444
0 0.419444 0.960556 0.047778 0.065556
3 0.258889 0.151111 0.042222 0.057778
3 0.382222 0.158889 0.046667 0.044444
3 0.387222 0.270000 0.030000 0.048889
3 0.782778 0.366111 0.047778 0.058889
3 0.591111 0.483333 0.044444 0.066667
3 0.902222 0.495000 0.051111 0.050000
3 0.954444 0.397778 0.044444 0.055556
3 0.385556 0.543889 0.046667 0.054444
3 0.311111 0.620556 0.046667 0.058889
3 0.357222 0.337222 0.045556 0.052222
1 0.423889 0.210000 0.036667 0.057778
1 0.490556 0.217222 0.041111 0.050000
1 0.378889 0.475000 0.048889 0.056667
1 0.227222 0.484444 0.045556 0.057778
1 0.550000 0.891111 0.048889 0.064444
1 0.557778 0.972222 0.048889 0.055556
1 0.018889 0.875000 0.035556 0.070000
