2 0.168333 0.047222 0.045556 0.061111
2 0.343889 0.191111 0.043333 0.053333
2 0.509444 0.192778 0.036667 0.054444
2 0.563889 0.147778 0.034444 0.060000
2 0.656667 0.175000 0.037778 0.047778
2 0.402222 0.327222 0.042222 0.052222
2 0.266667 0.454444 0.040000 0.053333
2 0.450000 0.425556 0.037778 0.051111
2 0.153889 0.587778 0.052222 0.046667
2 0.447222 0.688333 0.034444 0.058889
2 0.588889 0.975000 0.048889 0.050000
1 0.222778 0.053889 0.047778 0.065556
1 0.631111 0.348889 0.044444 0.053333
1 0.800556 0.711111 0.054444 0.062222
1 0.298889 0.982778 0.053333 0.034444
1 0.135000 0.906667 0.047778 0.055556
1 0.416111 0.760000 0.045556 0.060000
3 0.766667 0.196111 0.040000 0.043333
3 0.582222 0.354444 0.035556 0.060000
3 0.600000 0.435556 0.048889 0.062222
3 0.519444 0.448333 0.041111 0.056667
3 0.579444 0.788889 0.041111 0.057778
3 0.161667 0.752778 0.047778 0.050000
3 0.410000 0.976667 0.042222 0.046667
3 0.453333 0.978889 0.044444 0.042222
3 0.248333 0.942222 0.047778 0.073333
3 0.335556 0.717222 0.046667 0.058889
0 0.771111 0.251667 0.046667 0.065556
0 0.723333 0.458889 0.051111 0.048889
0 0.736111 0.522778 0.043333 0.056667
0 0.728889 0.700000 0.048889 0.062222
0 0.630556 0.758333 0.043333 0.063333
0 0.333889 0.637778 0.061111 0.068889
0 0.743333 0.961111 0.046667 0.066667
