0 0.466667 0.080556 0.048889 0.070000
0 0.480000 0.185556 0.044444 0.068889
0 0.910000 0.124444 0.051111 0.064444
0 0.896667 0.071111 0.048889 0.053333
0 0.093889 0.337222 0.058889 0.067778
0 0.787778 0.968333 0.060000 0.063333
3 0.597222 0.100000 0.043333 0.060000
3 0.744444 0.274444 0.048889 0.060000
3 0.625556 0.474444 0.040000 0.057778
3 0.593889 0.472222 0.038889 0.060000
3 0.240556 0.480556 0.047778 0.061111
3 0.801667 0.373889 0.038889 0.047778
3 0.337222 0.847222 0.054444 0.056667
2 0.223333 0.828889 0.046667 0.057778
2 0.072222 0.543333 0.044444 0.066667
2 0.167222 0.460556 0.043333 0.061111
1 0.127778 0.597778 0.048889 0.057778
1 0.487778 0.265000 0.044444 0.052222
2 0.583889 0.214444 0.036667 0.048889
2 0.751111 0.143333 0.035556 0.064444
2 0.609444 0.056111 0.034444 0.041111
2 0.557222 0.064444 0.034444 0.060000
2 0.601667 0.329444 0.050000 0.050000
1 0.970556 0.313889 0.052222 0.054444
0 0.277778 0.442222 0.044444 0.062222
3 0.641111 0.435000 0.044444 0.047778
3 0.422222 0.065000 0.040000 0.070000
