1 0.273333 0.284444 0.048889 0.055556
1 0.260556 0.430556 0.054444 0.054444
1 0.782778 0.762778 0.041111 0.045556
1 0.742778 0.788889 0.047778 0.055556
1 0.194444 0.862778 0.055556 0.058889
0 0.415000 0.186111 0.054444 0.063333
0 0.095000 0.377778 0.050000 0.046667
0 0.292222 0.490556 0.048889 0.065556
0 0.324444 0.983333 0.060000 0.033333
3 0.346111 0.138333 0.047778 0.058889
3 0.140000 0.100000 0.053333 0.044444
3 0.183889 0.574444 0.052222 0.055556
3 0.201111 0.418889 0.046667 0.051111
3 0.702222 0.698889 0.053333 0.066667
3 0.901111 0.768889 0.046667 0.060000
3 0.401667 0.875556 0.047778 0.051111
3 0.395556 0.956667 0.053333 0.060000
3 0.760000 0.969444 0.064444 0.061111
2 0.264444 0.182222 0.040000 0.051111
2 0.111667 0.212778 0.050000 0.050000
2 0.148889 0.332222 0.044444 0.055556
2 0.728333 0.381667 0.041111 0.056667
2 0.253889 0.527222 0.041111 0.052222
2 0.571667 0.041111 0.041111 0.055556
2 0.773333 0.715556 0.053333 0.046667
