2 0.608333 0.576667 0.038889 0.042222
2 0.695556 0.737222 0.033333 0.058889
2 0.788889 0.724444 0.042222 0.053333
2 0.566111 0.736667 0.038889 0.048889
2 0.822778 0.112222 0.034444 0.048889
2 0.846111 0.267778 0.041111 0.044444
2 0.951667 0.142778 0.025556 0.058889
2 0.787222 0.956111 0.041111 0.052222
2 0.432778 0.910000 0.041111 0.055556
3 0.748889 0.112222 0.044444 0.051111
3 0.824444 0.178889 0.037778 0.048889
3 0.678889 0.257778 0.046667 0.044444
3 0.658333 0.719444 0.041111 0.061111
3 0.550000 0.655000 0.048889 0.047778
3 0.639444 0.889444 0.045556 0.058889
3 0.890000 0.946667 0.044444 0.057778
3 0.402778 0.783889 0.050000 0.061111
3 0.370000 0.686111 0.046667 0.063333
0 0.606111 0.027222 0.038889 0.052222
0 0.725556 0.372222 0.044444 0.057778
0 0.839444 0.319444 0.045556 0.058889
0 0.912778 0.127778 0.047778 0.062222
0 0.811667 0.491667 0.050000 0.052222
0 0.951667 0.725000 0.052222 0.054444
0 0.503333 0.807222 0.046667 0.063333
1 0.652222 0.030000 0.040000 0.057778
1 0.972778 0.353333 0.043333 0.057778
1 0.668889 0.361667 0.035556 0.054444
1 0.616667 0.626111 0.040000 0.056667
0 0.736111 0.725556 0.050000 0.062222
0 0.661111 0.663333 0.046667 0.055556
1 0.387222 0.945556 0.038889 0.064444
