3 0.310556 0.081111 0.067778 0.084444
3 0.683889 0.274444 0.067778 0.080000
3 0.475556 0.395556 0.068889 0.093333
3 0.335000 0.381667 0.061111 0.078889
3 0.243333 0.399444 0.057778 0.083333
3 0.271111 0.519444 0.066667 0.083333
3 0.465556 0.640556 0.055556 0.072222
0 0.277778 0.194444 0.075556 0.097778
0 0.540000 0.490556 0.073333 0.098889
0 0.926111 0.476667 0.072222 0.093333
0 0.203333 0.597778 0.073333 0.100000
0 0.102222 0.546667 0.077778 0.100000
0 0.502778 0.701111 0.076667 0.080000
0 0.323333 0.828333 0.071111 0.087778
0 0.532222 0.808889 0.071111 0.091111
2 0.387222 0.316667 0.070000 0.077778
2 0.427222 0.479444 0.070000 0.094444
2 0.433889 0.585556 0.052222 0.084444
2 0.161111 0.502222 0.064444 0.082222
2 0.327778 0.751111 0.066667 0.071111
2 0.584444 0.745000 0.053333 0.087778
2 0.726667 0.693889 0.071111 0.076667
2 0.644444 0.662222 0.053333 0.086667
2 0.371111 0.450000 0.053333 0.080000
2 0.185000 0.376667 0.056667 0.080000
2 0.255000 0.321667 0.065556 0.072222
2 0.214444 0.487778 0.048889 0.068889
1 0.351667 0.529444 0.067778 0.070000
