2 0.443889 0.158333 0.027778 0.043333
2 0.741667 0.228333 0.027778 0.050000
2 0.870000 0.183889 0.033333 0.034444
2 0.905000 0.349444 0.030000 0.043333
2 0.636111 0.452778 0.032222 0.045556
2 0.600000 0.474444 0.028889 0.046667
2 0.958333 0.775000 0.036667 0.045556
2 0.478333 0.833333 0.030000 0.057778
2 0.246111 0.728333 0.045556 0.041111
0 0.153333 0.760000 0.042222 0.053333
0 0.291667 0.792778 0.038889 0.063333
0 0.938333 0.453333 0.045556 0.057778
0 0.623333 0.414444 0.040000 0.037778
0 0.678889 0.321111 0.037778 0.051111
0 0.845000 0.310556 0.043333 0.047778
0 0.853889 0.118889 0.038889 0.048889
3 0.507222 0.162222 0.036667 0.048889
3 0.701111 0.061667 0.037778 0.045556
3 0.869444 0.063333 0.036667 0.040000
3 0.826667 0.355000 0.037778 0.043333
3 0.730556 0.365000 0.032222 0.045556
3 0.627222 0.376111 0.038889 0.038889
3 0.487778 0.402222 0.042222 0.051111
3 0.423333 0.293889 0.035556 0.034444
3 0.863333 0.658333 0.033333 0.056667
3 0.708889 0.844444 0.037778 0.060000
3 0.316667 0.852222 0.051111 0.051111
1 0.892222 0.226111 0.037778 0.045556
1 0.818889 0.741111 0.046667 0.046667
1 0.976111 0.732778 0.047778 0.045556
1 0.513889 0.846667 0.030000 0.055556
1 0.420556 0.853333 0.043333 0.053333
