0 0.425000 0.228333 0.045556 0.041111
0 0.502222 0.178889 0.046667 0.066667
0 0.621111 0.499444 0.062222 0.078889
0 0.390000 0.590000 0.060000 0.077778
0 0.730000 0.689444 0.062222 0.081111
0 0.701111 0.855556 0.062222 0.093333
0 0.613889 0.895556 0.076667 0.104444
2 0.705000 0.258333 0.056667 0.045556
2 0.728333 0.311111 0.054444 0.055556
2 0.581111 0.381111 0.042222 0.062222
2 0.403333 0.458889 0.044444 0.071111
2 0.695000 0.444444 0.050000 0.051111
2 0.480556 0.323889 0.050000 0.050000
2 0.431111 0.276111 0.055556 0.052222
2 0.465556 0.207778 0.035556 0.055556
2 0.629444 0.238889 0.045556 0.060000
3 0.532222 0.095556 0.040000 0.055556
3 0.651667 0.185556 0.043333 0.053333
3 0.685556 0.159444 0.053333 0.058889
3 0.606667 0.169444 0.040000 0.050000
3 0.431667 0.175556 0.038889 0.048889
3 0.755000 0.538333 0.056667 0.063333
3 0.719444 0.495556 0.045556 0.064444
3 0.733889 0.417778 0.058889 0.048889
3 0.342778 0.513889 0.045556 0.061111
3 0.501667 0.583333 0.058889 0.077778
3 0.535556 0.466111 0.046667 0.061111
1 0.517778 0.256667 0.051111 0.062222
1 0.524444 0.369444 0.044444 0.065556
1 0.445556 0.428333 0.051111 0.058889
1 0.661667 0.665556 0.058889 0.080000
1 0.628889 0.430000 0.051111 0.060000
1 0.558333 0.174444 0.038889 0.051111
