0 0.617222 0.744444 0.072222 0.064444
0 0.645556 0.658889 0.051111 0.053333
0 0.392222 0.614444 0.066667 0.055556
0 0.462222 0.441111 0.066667 0.051111
0 0.641667 0.480556 0.061111 0.043333
0 0.532778 0.386667 0.054444 0.055556
0 0.431111 0.326111 0.066667 0.056667
3 0.247778 0.055556 0.055556 0.046667
3 0.342778 0.291667 0.054444 0.054444
3 0.127778 0.339444 0.060000 0.050000
3 0.217222 0.343889 0.061111 0.045556
3 0.376667 0.377778 0.055556 0.044444
3 0.621667 0.359444 0.047778 0.047778
3 0.725000 0.425556 0.063333 0.044444
3 0.495000 0.313333 0.050000 0.048889
3 0.220000 0.576111 0.066667 0.038889
1 0.420556 0.535556 0.054444 0.046667
3 0.622778 0.522222 0.061111 0.048889
0 0.412222 0.482778 0.055556 0.045556
1 0.265000 0.423889 0.067778 0.047778
1 0.290556 0.361667 0.067778 0.047778
1 0.727222 0.537778 0.063333 0.046667
1 0.624444 0.608333 0.051111 0.045556
1 0.592778 0.658889 0.054444 0.053333
2 0.474444 0.263889 0.053333 0.038889
2 0.391111 0.284444 0.048889 0.044444
2 0.575556 0.359444 0.044444 0.043333
2 0.570556 0.579444 0.054444 0.036667
2 0.570000 0.615556 0.060000 0.035556
2 0.675556 0.553889 0.044444 0.047778
2 0.333889 0.531111 0.061111 0.040000
2 0.096667 0.563333 0.060000 0.044444
