2 0.334444 0.055000 0.040000 0.063333
2 0.535000 0.212778 0.038889 0.056667
2 0.632778 0.695556 0.043333 0.055556
2 0.801111 0.774444 0.048889 0.053333
2 0.518889 0.652222 0.042222 0.057778
2 0.287778 0.531111 0.044444 0.060000
2 0.171111 0.572778 0.037778 0.056667
2 0.130556 0.528889 0.041111 0.062222
0 0.942222 0.247222 0.053333 0.058889
0 0.786111 0.456667 0.058889 0.071111
0 0.691111 0.267778 0.053333 0.062222
0 0.486667 0.273333 0.042222 0.062222
0 0.541667 0.457222 0.047778 0.065556
0 0.496667 0.430556 0.046667 0.061111
0 0.451667 0.640000 0.054444 0.073333
0 0.801667 0.654444 0.050000 0.064444
0 0.179444 0.346111 0.050000 0.050000
3 0.502222 0.150000 0.046667 0.064444
3 0.662222 0.216111 0.040000 0.050000
3 0.737222 0.282778 0.041111 0.063333
3 0.588333 0.697222 0.045556 0.063333
3 0.473333 0.720556 0.040000 0.061111
3 0.261111 0.683333 0.053333 0.068889
3 0.277778 0.443333 0.053333 0.055556
3 0.206667 0.492778 0.048889 0.067778
3 0.208333 0.621111 0.052222 0.062222
1 0.018333 0.733333 0.034444 0.080000
1 0.365556 0.787778 0.046667 0.066667
1 0.427778 0.721111 0.048889 0.051111
1 0.588889 0.606667 0.046667 0.055556
1 0.717222 0.415000 0.052222 0.056667
1 0.788889 0.336667 0.037778 0.060000
