2 0.423889 0.336667 0.047778 0.048889
2 0.704444 0.381667 0.068889 0.043333
2 0.473333 0.445556 0.062222 0.042222
2 0.550556 0.525556 0.052222 0.037778
2 0.453889 0.533889 0.052222 0.047778
2 0.493333 0.628889 0.064444 0.042222
2 0.480000 0.663333 0.057778 0.042222
2 0.740556 0.744444 0.054444 0.044444
2 0.691667 0.865000 0.063333 0.041111
2 0.938333 0.856667 0.056667 0.044444
3 0.307778 0.275556 0.057778 0.046667
3 0.668333 0.267778 0.070000 0.051111
3 0.822222 0.243333 0.062222 0.051111
3 0.820000 0.565556 0.055556 0.044444
3 0.687222 0.561667 0.058889 0.043333
3 0.596111 0.719444 0.063333 0.045556
3 0.185000 0.458333 0.058889 0.041111
3 0.345556 0.560556 0.073333 0.045556
0 0.366667 0.294444 0.075556 0.051111
0 0.370000 0.375556 0.064444 0.062222
0 0.764444 0.479444 0.057778 0.045556
0 0.573889 0.492222 0.056667 0.048889
0 0.376111 0.744444 0.070000 0.062222
0 0.443889 0.782778 0.065556 0.050000
0 0.644444 0.649444 0.051111 0.047778
0 0.779444 0.678333 0.065556 0.047778
1 0.362778 0.162222 0.074444 0.064444
1 0.690556 0.416667 0.065556 0.044444
1 0.567778 0.341667 0.044444 0.043333
1 0.330000 0.678333 0.062222 0.047778
1 0.439444 0.693333 0.054444 0.057778
1 0.592778 0.656667 0.050000 0.051111
3 0.653333 0.713333 0.062222 0.044444
