3 0.750000 0.285556 0.044444 0.062222
3 0.911667 0.456667 0.050000 0.066667
3 0.667778 0.625000 0.048889 0.072222
3 0.678333 0.700556 0.045556 0.072222
3 0.505556 0.641111 0.046667 0.060000
3 0.452222 0.492222 0.048889 0.051111
3 0.420000 0.411111 0.051111 0.062222
3 0.080556 0.335000 0.052222 0.070000
3 0.356667 0.328333 0.044444 0.056667
0 0.464444 0.271667 0.055556 0.067778
0 0.646111 0.135556 0.041111 0.088889
0 0.659444 0.236111 0.054444 0.070000
3 0.686667 0.157778 0.044444 0.060000
1 0.283889 0.767222 0.050000 0.070000
1 0.440000 0.670000 0.053333 0.062222
1 0.190000 0.631667 0.051111 0.063333
1 0.767778 0.556667 0.062222 0.064444
0 0.262222 0.261111 0.046667 0.053333
2 0.182222 0.288889 0.046667 0.060000
2 0.278333 0.310556 0.047778 0.050000
2 0.051111 0.447778 0.046667 0.066667
2 0.280556 0.536667 0.041111 0.053333
2 0.346111 0.588889 0.043333 0.064444
2 0.074444 0.681111 0.046667 0.062222
2 0.658889 0.492778 0.046667 0.054444
2 0.579444 0.475000 0.041111 0.058889
2 0.470000 0.449444 0.051111 0.047778
1 0.081667 0.573889 0.061111 0.067778
0 0.296667 0.592222 0.055556 0.064444
1 0.695000 0.348889 0.050000 0.062222
0 0.612222 0.436111 0.040000 0.063333
0 0.939444 0.229444 0.054444 0.074444
0 0.474444 0.587222 0.051111 0.058889
