0 0.604444 0.288889 0.057778 0.080000
0 0.654444 0.273333 0.057778 0.075556
0 0.546111 0.302778 0.061111 0.092222
0 0.396667 0.508889 0.062222 0.071111
0 0.700000 0.355556 0.062222 0.088889
0 0.595000 0.521667 0.063333 0.072222
0 0.597222 0.425556 0.056667 0.075556
0 0.477222 0.620556 0.054444 0.085556
0 0.443889 0.692222 0.063333 0.071111
2 0.353333 0.168333 0.064444 0.074444
2 0.848889 0.247222 0.044444 0.061111
2 0.891667 0.358333 0.052222 0.058889
2 0.742778 0.506111 0.056667 0.067778
2 0.798333 0.650556 0.063333 0.056667
2 0.522222 0.588333 0.048889 0.072222
2 0.479444 0.523333 0.050000 0.064444
2 0.548889 0.437778 0.042222 0.064444
3 0.640556 0.202222 0.061111 0.066667
3 0.710000 0.273333 0.044444 0.080000
3 0.808333 0.134444 0.052222 0.068889
3 0.807778 0.265556 0.048889 0.073333
3 0.469444 0.304444 0.058889 0.086667
3 0.503333 0.373333 0.046667 0.066667
3 0.656111 0.431111 0.061111 0.080000
3 0.571111 0.588333 0.053333 0.072222
3 0.456667 0.764444 0.062222 0.068889
3 0.761111 0.845000 0.053333 0.085556
1 0.539444 0.159444 0.061111 0.074444
1 0.536111 0.495000 0.056667 0.065556
1 0.388889 0.649444 0.057778 0.074444
1 0.788889 0.707222 0.062222 0.056667
1 0.819444 0.590000 0.063333 0.068889
