3 0.433889 0.160556 0.050000 0.070000
3 0.608889 0.278333 0.055556 0.056667
3 0.582778 0.365000 0.047778 0.056667
3 0.751667 0.526111 0.058889 0.067778
3 0.640000 0.545556 0.057778 0.071111
3 0.472778 0.506111 0.047778 0.061111
3 0.692222 0.727778 0.053333 0.073333
3 0.277222 0.657222 0.054444 0.054444
3 0.301667 0.701667 0.056667 0.058889
0 0.295556 0.201667 0.060000 0.065556
0 0.244444 0.334444 0.048889 0.064444
0 0.179444 0.431667 0.043333 0.067778
0 0.223333 0.456111 0.060000 0.072222
0 0.541667 0.617222 0.056667 0.072222
0 0.390000 0.717778 0.057778 0.071111
0 0.617222 0.786667 0.050000 0.066667
3 0.616111 0.417778 0.052222 0.060000
2 0.345556 0.242778 0.046667 0.056667
2 0.393889 0.395000 0.045556 0.061111
2 0.538889 0.449444 0.037778 0.058889
2 0.713889 0.291111 0.050000 0.055556
2 0.726667 0.373889 0.048889 0.052222
2 0.722222 0.644444 0.046667 0.051111
2 0.620556 0.472778 0.045556 0.050000
2 0.478333 0.651667 0.047778 0.047778
2 0.422222 0.503889 0.035556 0.054444
2 0.256667 0.715000 0.040000 0.061111
1 0.513333 0.771667 0.048889 0.063333
1 0.236667 0.578333 0.048889 0.056667
1 0.454444 0.726667 0.044444 0.068889
1 0.393333 0.575556 0.053333 0.066667
1 0.279444 0.280000 0.052222 0.055556
