0 0.663333 0.156111 0.042222 0.050000
0 0.617778 0.153333 0.037778 0.040000
0 0.721667 0.326667 0.047778 0.060000
0 0.626111 0.940556 0.054444 0.076667
0 0.490556 0.933889 0.047778 0.063333
3 0.430556 0.231111 0.036667 0.055556
3 0.587222 0.197222 0.041111 0.047778
3 0.731667 0.268889 0.043333 0.048889
3 0.561667 0.635000 0.045556 0.065556
3 0.556667 0.821111 0.044444 0.064444
3 0.360000 0.942778 0.046667 0.065556
3 0.376111 0.881111 0.036667 0.062222
3 0.176111 0.941667 0.052222 0.054444
3 0.947222 0.948333 0.050000 0.067778
3 0.981667 0.928333 0.036667 0.074444
3 0.981111 0.787778 0.037778 0.062222
2 0.231111 0.262222 0.037778 0.046667
2 0.590000 0.359444 0.042222 0.047778
2 0.691667 0.264444 0.034444 0.055556
2 0.685000 0.206111 0.038889 0.043333
2 0.649444 0.213889 0.032222 0.050000
2 0.953889 0.432222 0.045556 0.044444
3 0.972778 0.474444 0.050000 0.053333
2 0.553889 0.953889 0.047778 0.058889
2 0.401667 0.913889 0.030000 0.052222
2 0.264444 0.898333 0.055556 0.054444
1 0.973333 0.722778 0.051111 0.061111
1 0.428889 0.951111 0.048889 0.060000
0 0.463889 0.875556 0.052222 0.055556
1 0.666667 0.329444 0.051111 0.056667
