2 0.451111 0.269444 0.053333 0.052222
2 0.620000 0.271667 0.051111 0.052222
2 0.295000 0.291667 0.067778 0.052222
2 0.309444 0.387222 0.074444 0.043333
2 0.680000 0.389444 0.073333 0.041111
2 0.575556 0.476667 0.073333 0.048889
2 0.692778 0.600556 0.058889 0.047778
2 0.557778 0.833889 0.060000 0.052222
0 0.383333 0.316667 0.075556 0.060000
0 0.145000 0.422778 0.094444 0.074444
0 0.363333 0.539444 0.064444 0.063333
0 0.746667 0.541667 0.068889 0.047778
0 0.855000 0.508889 0.072222 0.062222
0 0.672778 0.753889 0.070000 0.054444
0 0.802222 0.696667 0.084444 0.064444
1 0.512778 0.264444 0.063333 0.053333
1 0.515556 0.370556 0.060000 0.050000
1 0.378333 0.663333 0.067778 0.060000
1 0.673333 0.661111 0.066667 0.044444
1 0.341111 0.793333 0.073333 0.060000
1 0.537778 0.782222 0.066667 0.051111
0 0.695000 0.857222 0.072222 0.067778
0 0.330000 0.436667 0.066667 0.053333
3 0.232778 0.246667 0.078889 0.062222
3 0.671667 0.257778 0.054444 0.055556
3 0.768889 0.408333 0.062222 0.047778
3 0.877778 0.377222 0.073333 0.052222
3 0.735556 0.582778 0.051111 0.047778
3 0.254444 0.552222 0.066667 0.057778
3 0.483333 0.421667 0.077778 0.056667
3 0.676667 0.433889 0.080000 0.050000
3 0.434444 0.576667 0.075556 0.057778
