2 0.630556 0.061667 0.041111 0.052222
2 0.449444 0.241667 0.034444 0.047778
2 0.556111 0.323333 0.032222 0.048889
2 0.617222 0.355556 0.034444 0.046667
2 0.590000 0.313333 0.044444 0.048889
2 0.198333 0.163889 0.038889 0.052222
2 0.337778 0.472222 0.040000 0.046667
2 0.338333 0.607778 0.043333 0.046667
2 0.565000 0.579444 0.043333 0.045556
2 0.676111 0.745000 0.043333 0.052222
2 0.458333 0.787778 0.036667 0.051111
1 0.371667 0.203889 0.041111 0.067778
1 0.302778 0.297222 0.041111 0.052222
1 0.488889 0.320000 0.037778 0.062222
1 0.135000 0.352778 0.054444 0.047778
1 0.604444 0.652222 0.042222 0.060000
0 0.144444 0.268333 0.053333 0.065556
0 0.415000 0.232222 0.038889 0.064444
0 0.667222 0.305000 0.054444 0.065556
0 0.674444 0.483333 0.046667 0.057778
0 0.745556 0.521111 0.046667 0.055556
0 0.230556 0.576667 0.047778 0.055556
3 0.538333 0.431111 0.052222 0.060000
3 0.435000 0.567778 0.052222 0.060000
3 0.381111 0.410000 0.044444 0.051111
3 0.266667 0.397222 0.053333 0.063333
3 0.378333 0.461111 0.041111 0.046667
3 0.370000 0.738333 0.040000 0.063333
3 0.566667 0.637778 0.042222 0.060000
3 0.526111 0.578889 0.038889 0.055556
3 0.406667 0.746667 0.035556 0.071111
0 0.633333 0.521667 0.035556 0.056667
