2 0.226667 0.258333 0.066667 0.038889
2 0.270000 0.480556 0.053333 0.045556
2 0.663889 0.306111 0.050000 0.045556
2 0.701667 0.278333 0.061111 0.038889
2 0.426111 0.560556 0.041111 0.047778
2 0.741111 0.400556 0.053333 0.038889
2 0.735000 0.495556 0.061111 0.042222
2 0.645000 0.660000 0.054444 0.046667
2 0.727222 0.583889 0.043333 0.045556
2 0.783333 0.721667 0.051111 0.043333
2 0.625000 0.734444 0.054444 0.048889
3 0.466667 0.780556 0.062222 0.047778
3 0.626667 0.841111 0.057778 0.040000
3 0.660556 0.705000 0.056667 0.050000
3 0.868889 0.662222 0.057778 0.046667
3 0.902778 0.468889 0.065556 0.044444
3 0.812222 0.436111 0.060000 0.041111
3 0.773333 0.464444 0.051111 0.037778
3 0.501111 0.316667 0.064444 0.044444
3 0.356667 0.417778 0.062222 0.042222
3 0.512222 0.539444 0.055556 0.047778
0 0.419444 0.398889 0.063333 0.060000
0 0.342778 0.524444 0.078889 0.053333
0 0.342778 0.370556 0.067778 0.052222
0 0.345556 0.698889 0.057778 0.053333
0 0.433333 0.616111 0.060000 0.050000
0 0.476111 0.575000 0.054444 0.050000
0 0.682222 0.437778 0.060000 0.051111
0 0.841667 0.532778 0.058889 0.047778
1 0.288333 0.656111 0.050000 0.045556
1 0.865000 0.312222 0.056667 0.051111
1 0.550556 0.644444 0.065556 0.048889
1 0.458333 0.508889 0.065556 0.042222
1 0.528889 0.709444 0.062222 0.043333
