3 0.703889 0.122778 0.041111 0.056667
3 0.778889 0.248889 0.042222 0.055556
3 0.762222 0.343333 0.044444 0.053333
3 0.663333 0.354444 0.031111 0.051111
3 0.734444 0.491111 0.042222 0.051111
3 0.663333 0.431111 0.035556 0.057778
3 0.705556 0.597778 0.037778 0.044444
3 0.603889 0.689444 0.036667 0.058889
3 0.474444 0.577222 0.037778 0.063333
2 0.356111 0.657222 0.045556 0.045556
2 0.444444 0.545000 0.033333 0.054444
2 0.413889 0.539444 0.027778 0.052222
2 0.704444 0.552778 0.035556 0.045556
2 0.628889 0.436111 0.033333 0.054444
2 0.775556 0.455000 0.035556 0.052222
2 0.772778 0.397222 0.043333 0.047778
0 0.488333 0.326111 0.045556 0.061111
0 0.615000 0.522778 0.047778 0.063333
0 0.588889 0.485000 0.040000 0.054444
0 0.555000 0.503333 0.038889 0.053333
0 0.507222 0.639444 0.052222 0.054444
0 0.315556 0.584444 0.053333 0.066667
0 0.356111 0.530000 0.045556 0.055556
1 0.521667 0.390000 0.045556 0.055556
1 0.721667 0.347222 0.038889 0.061111
1 0.693889 0.318889 0.030000 0.057778
0 0.663333 0.566111 0.040000 0.058889
0 0.725000 0.412778 0.047778 0.063333
2 0.572778 0.020000 0.043333 0.037778
1 0.402222 0.596111 0.042222 0.058889
1 0.395000 0.489444 0.045556 0.047778
1 0.530000 0.975556 0.046667 0.048889
