2 0.848889 0.038889 0.042222 0.028889
2 0.778333 0.169444 0.043333 0.030000
2 0.736667 0.161111 0.035556 0.042222
2 0.541111 0.103333 0.040000 0.035556
2 0.327222 0.537222 0.036667 0.054444
2 0.297222 0.835556 0.043333 0.051111
0 0.183889 0.399444 0.058889 0.061111
0 0.125556 0.379444 0.051111 0.063333
0 0.566111 0.150556 0.045556 0.061111
0 0.781111 0.252778 0.037778 0.058889
0 0.823889 0.072222 0.045556 0.053333
0 0.951667 0.040556 0.045556 0.070000
0 0.631667 0.188889 0.045556 0.057778
0 0.865000 0.723889 0.050000 0.072222
1 0.275556 0.626667 0.053333 0.060000
2 0.130556 0.495556 0.045556 0.055556
1 0.681667 0.211111 0.034444 0.048889
1 0.763333 0.202778 0.044444 0.045556
1 0.714444 0.674444 0.048889 0.048889
3 0.691667 0.140556 0.041111 0.067778
3 0.446111 0.168889 0.047778 0.053333
3 0.830556 0.303889 0.043333 0.054444
3 0.760000 0.417222 0.040000 0.052222
3 0.904444 0.482778 0.046667 0.052222
3 0.679444 0.263333 0.045556 0.053333
3 0.731111 0.238889 0.033333 0.048889
2 0.716667 0.198889 0.031111 0.040000
3 0.449444 0.842222 0.043333 0.064444
3 0.873889 0.981111 0.052222 0.037778
3 0.132222 0.976111 0.057778 0.047778
3 0.369444 0.534444 0.047778 0.057778
