3 0.483889 0.116667 0.045556 0.068889
3 0.576667 0.161667 0.042222 0.052222
3 0.766667 0.265000 0.051111 0.061111
3 0.753333 0.218333 0.046667 0.054444
3 0.876667 0.300556 0.044444 0.058889
3 0.353333 0.785556 0.051111 0.057778
3 0.467778 0.765556 0.051111 0.062222
3 0.977778 0.137222 0.033333 0.058889
0 0.631667 0.183333 0.054444 0.071111
0 0.826111 0.322222 0.058889 0.064444
0 0.698889 0.512222 0.051111 0.064444
0 0.962778 0.520556 0.058889 0.076667
0 0.725000 0.789444 0.050000 0.081111
0 0.560556 0.836111 0.043333 0.065556
0 0.512778 0.838889 0.050000 0.077778
2 0.974444 0.247222 0.042222 0.058889
2 0.940556 0.141111 0.045556 0.051111
2 0.745556 0.172778 0.051111 0.041111
2 0.491667 0.503889 0.054444 0.054444
1 0.393889 0.441667 0.058889 0.061111
1 0.642222 0.720556 0.053333 0.067778
1 0.685556 0.740556 0.042222 0.074444
2 0.411111 0.745556 0.060000 0.055556
2 0.510556 0.743333 0.041111 0.062222
2 0.601667 0.861667 0.043333 0.061111
1 0.962778 0.191111 0.058889 0.055556
1 0.528889 0.117222 0.040000 0.063333
