2 0.481111 0.142778 0.040000 0.058889
2 0.556667 0.201667 0.037778 0.056667
2 0.713333 0.360000 0.035556 0.062222
2 0.612222 0.430556 0.046667 0.065556
2 0.762778 0.160556 0.050000 0.045556
2 0.706111 0.281667 0.045556 0.054444
2 0.723889 0.242222 0.054444 0.051111
2 0.748889 0.208333 0.040000 0.050000
2 0.622222 0.607778 0.040000 0.064444
2 0.437222 0.595000 0.045556 0.061111
2 0.416667 0.742778 0.042222 0.058889
0 0.520000 0.099444 0.055556 0.065556
0 0.517222 0.188333 0.043333 0.070000
0 0.470556 0.355556 0.050000 0.075556
0 0.420556 0.499444 0.052222 0.063333
0 0.478333 0.560000 0.047778 0.068889
0 0.301111 0.763333 0.066667 0.077778
0 0.438889 0.812222 0.066667 0.075556
3 0.567222 0.892778 0.063333 0.085556
3 0.705556 0.830556 0.051111 0.072222
3 0.465000 0.706111 0.052222 0.065556
3 0.500000 0.760556 0.053333 0.072222
3 0.814444 0.403889 0.062222 0.070000
3 0.784444 0.240556 0.051111 0.056667
3 0.700000 0.193333 0.048889 0.055556
3 0.653333 0.427222 0.042222 0.061111
3 0.328889 0.455556 0.057778 0.062222
3 0.165556 0.576667 0.060000 0.062222
1 0.312222 0.391111 0.057778 0.064444
1 0.675556 0.768889 0.046667 0.073333
1 0.579444 0.590000 0.052222 0.075556
1 0.676111 0.368333 0.043333 0.058889
2 0.683889 0.703889 0.056667 0.056667
