3 0.273889 0.218333 0.052222 0.052222
3 0.680000 0.250556 0.046667 0.052222
3 0.538333 0.582778 0.050000 0.056667
3 0.752222 0.484444 0.046667 0.060000
3 0.729444 0.381111 0.050000 0.064444
3 0.701667 0.424444 0.045556 0.062222
3 0.967778 0.537778 0.048889 0.055556
3 0.916111 0.030000 0.034444 0.053333
3 0.519444 0.383333 0.047778 0.068889
3 0.501111 0.753889 0.051111 0.063333
2 0.741111 0.016111 0.042222 0.030000
2 0.878333 0.083333 0.043333 0.048889
2 0.934444 0.118889 0.042222 0.051111
2 0.481667 0.438333 0.038889 0.050000
2 0.617222 0.550000 0.045556 0.064444
2 0.834444 0.483333 0.048889 0.051111
2 0.448889 0.489444 0.044444 0.056667
2 0.432778 0.422778 0.045556 0.058889
2 0.334444 0.360556 0.042222 0.052222
2 0.513333 0.881667 0.044444 0.065556
0 0.381111 0.554444 0.053333 0.077778
0 0.430556 0.573889 0.045556 0.063333
0 0.497222 0.610000 0.056667 0.057778
0 0.478333 0.552778 0.052222 0.056667
0 0.540556 0.464444 0.054444 0.073333
0 0.362778 0.411111 0.050000 0.071111
1 0.877778 0.036667 0.046667 0.046667
1 0.761111 0.428889 0.046667 0.044444
1 0.462222 0.376111 0.046667 0.056667
1 0.491111 0.492778 0.048889 0.061111
0 0.901111 0.539444 0.060000 0.063333
