0 0.385000 0.053333 0.058889 0.075556
0 0.691111 0.473333 0.048889 0.064444
0 0.393333 0.539444 0.057778 0.078889
0 0.289444 0.522778 0.050000 0.058889
0 0.203889 0.732222 0.047778 0.060000
0 0.118333 0.940000 0.047778 0.068889
0 0.031111 0.522222 0.057778 0.071111
0 0.142778 0.426667 0.056667 0.066667
0 0.285000 0.322778 0.054444 0.054444
1 0.241667 0.074444 0.054444 0.060000
1 0.027222 0.110000 0.052222 0.064444
1 0.540556 0.282778 0.047778 0.067778
1 0.440000 0.587222 0.046667 0.070000
1 0.397778 0.741111 0.046667 0.068889
2 0.456111 0.728333 0.041111 0.065556
2 0.466111 0.643889 0.047778 0.054444
2 0.361111 0.636667 0.046667 0.055556
2 0.382222 0.604444 0.048889 0.048889
2 0.552778 0.461111 0.045556 0.046667
2 0.512778 0.455000 0.036667 0.061111
2 0.144444 0.258889 0.048889 0.057778
2 0.292222 0.020556 0.048889 0.036667
3 0.248889 0.662222 0.051111 0.064444
3 0.653889 0.793889 0.047778 0.065556
3 0.838333 0.850000 0.054444 0.073333
3 0.592778 0.530000 0.047778 0.060000
3 0.647778 0.508889 0.053333 0.066667
3 0.195556 0.323333 0.051111 0.060000
3 0.182222 0.388333 0.053333 0.065556
3 0.335556 0.533889 0.044444 0.065556
3 0.498889 0.399444 0.042222 0.056667
1 0.543333 0.402778 0.053333 0.067778
