0 0.772222 0.241111 0.062222 0.082222
0 0.213889 0.303333 0.067778 0.082222
0 0.375556 0.320000 0.062222 0.066667
0 0.672222 0.361667 0.051111 0.061111
0 0.716667 0.535556 0.062222 0.068889
0 0.672222 0.561111 0.051111 0.060000
0 0.668889 0.653889 0.057778 0.083333
0 0.716111 0.671111 0.047778 0.068889
0 0.330000 0.653889 0.064444 0.094444
1 0.505556 0.484444 0.060000 0.062222
1 0.623333 0.378889 0.053333 0.073333
1 0.743333 0.111667 0.055556 0.067778
1 0.708889 0.061667 0.055556 0.061111
2 0.625556 0.865000 0.055556 0.081111
2 0.841667 0.623889 0.063333 0.054444
2 0.490000 0.552222 0.048889 0.060000
2 0.314444 0.544444 0.055556 0.060000
2 0.374444 0.571667 0.053333 0.070000
2 0.420000 0.433889 0.051111 0.058889
2 0.374444 0.383889 0.064444 0.056667
1 0.655556 0.487778 0.051111 0.073333
1 0.612222 0.491111 0.048889 0.071111
3 0.445000 0.592222 0.050000 0.077778
3 0.578333 0.559444 0.058889 0.078889
3 0.530000 0.363889 0.051111 0.065556
3 0.497222 0.422778 0.054444 0.063333
3 0.462778 0.348333 0.052222 0.065556
3 0.487222 0.283333 0.054444 0.068889
3 0.277778 0.191111 0.071111 0.086667
3 0.877778 0.257778 0.051111 0.071111
3 0.390556 0.510000 0.061111 0.057778
2 0.446667 0.511111 0.042222 0.066667
