1 0.340556 0.111111 0.050000 0.064444
1 0.179444 0.251667 0.050000 0.061111
1 0.432222 0.460000 0.044444 0.048889
1 0.555000 0.567222 0.047778 0.058889
1 0.096111 0.457222 0.056667 0.061111
3 0.573333 0.115556 0.044444 0.060000
3 0.417222 0.192778 0.043333 0.054444
3 0.444444 0.238889 0.035556 0.053333
3 0.575000 0.327222 0.038889 0.061111
3 0.631111 0.411667 0.044444 0.054444
3 0.577222 0.631111 0.045556 0.075556
3 0.492222 0.478889 0.046667 0.062222
3 0.394444 0.404444 0.046667 0.062222
3 0.212778 0.471667 0.047778 0.050000
3 0.100000 0.384444 0.046667 0.060000
0 0.806667 0.971667 0.062222 0.056667
0 0.465000 0.793333 0.056667 0.066667
0 0.657222 0.627778 0.054444 0.071111
0 0.381667 0.637778 0.061111 0.075556
0 0.141667 0.300000 0.054444 0.064444
0 0.238889 0.170556 0.048889 0.050000
2 0.322222 0.686111 0.044444 0.063333
2 0.228333 0.520556 0.047778 0.050000
2 0.307222 0.280556 0.045556 0.045556
2 0.645000 0.292222 0.047778 0.053333
2 0.611667 0.351667 0.036667 0.056667
2 0.507222 0.221111 0.043333 0.044444
2 0.484444 0.253333 0.040000 0.048889
2 0.702222 0.139444 0.040000 0.054444
2 0.512778 0.427222 0.043333 0.047778
2 0.573333 0.516667 0.048889 0.046667
2 0.678889 0.567778 0.051111 0.062222
0 0.156111 0.620556 0.063333 0.067778
1 0.430556 0.528333 0.052222 0.056667
