2 0.680000 0.144444 0.035556 0.057778
2 0.677778 0.309444 0.033333 0.056667
2 0.860556 0.282222 0.043333 0.057778
2 0.349444 0.821667 0.045556 0.047778
2 0.319444 0.887222 0.041111 0.043333
2 0.293333 0.903889 0.037778 0.043333
2 0.183333 0.897778 0.035556 0.044444
2 0.183333 0.805000 0.042222 0.047778
2 0.607778 0.017778 0.042222 0.033333
0 0.108333 0.251667 0.056667 0.063333
0 0.348889 0.297778 0.055556 0.062222
0 0.724444 0.138333 0.053333 0.065556
0 0.862778 0.459444 0.056667 0.061111
0 0.351667 0.618333 0.054444 0.063333
0 0.015556 0.824444 0.028889 0.057778
0 0.121667 0.766111 0.052222 0.054444
0 0.185556 0.597778 0.046667 0.055556
0 0.224444 0.570556 0.037778 0.058889
3 0.221667 0.441667 0.041111 0.054444
3 0.396667 0.469444 0.042222 0.061111
3 0.088889 0.505556 0.048889 0.048889
3 0.262778 0.582778 0.045556 0.061111
3 0.303889 0.606667 0.047778 0.060000
3 0.126111 0.688333 0.036667 0.045556
3 0.548889 0.032778 0.053333 0.063333
1 0.619444 0.250000 0.045556 0.062222
1 0.243889 0.362778 0.038889 0.061111
1 0.226667 0.081111 0.048889 0.071111
1 0.236667 0.667222 0.048889 0.058889
1 0.311667 0.770556 0.041111 0.056667
1 0.197778 0.851667 0.053333 0.056667
