1 0.610556 0.312222 0.065556 0.071111
1 0.566111 0.584444 0.061111 0.073333
1 0.837778 0.502778 0.055556 0.085556
1 0.653333 0.530556 0.060000 0.072222
3 0.315556 0.272222 0.073333 0.077778
3 0.526111 0.396111 0.067778 0.096667
3 0.663333 0.379444 0.057778 0.085556
3 0.758889 0.402222 0.064444 0.084444
3 0.728333 0.516667 0.070000 0.080000
3 0.687778 0.083889 0.068889 0.094444
3 0.530000 0.639444 0.060000 0.070000
2 0.747222 0.320000 0.067778 0.071111
2 0.813333 0.376111 0.055556 0.076667
2 0.784444 0.484444 0.053333 0.068889
2 0.626667 0.452222 0.048889 0.077778
2 0.672778 0.747222 0.065556 0.063333
2 0.416111 0.743333 0.052222 0.084444
2 0.356667 0.665000 0.051111 0.087778
2 0.272222 0.692222 0.071111 0.073333
0 0.724444 0.194444 0.080000 0.104444
0 0.900556 0.543333 0.074444 0.095556
0 0.796667 0.593889 0.075556 0.092222
0 0.572778 0.479444 0.063333 0.085556
0 0.458333 0.490556 0.074444 0.096667
0 0.078333 0.476111 0.076667 0.098889
0 0.498333 0.700556 0.065556 0.074444
0 0.468889 0.806111 0.060000 0.094444
0 0.678333 0.827778 0.067778 0.084444
