1 0.301111 0.135000 0.040000 0.056667
1 0.302222 0.223889 0.035556 0.061111
1 0.615000 0.335556 0.045556 0.068889
1 0.538889 0.262778 0.037778 0.054444
1 0.489444 0.477222 0.043333 0.052222
1 0.420556 0.547222 0.043333 0.061111
3 0.307222 0.505556 0.041111 0.062222
3 0.341111 0.420000 0.042222 0.051111
3 0.402222 0.348889 0.042222 0.057778
3 0.550556 0.177778 0.034444 0.048889
3 0.460556 0.180000 0.041111 0.062222
3 0.717778 0.175000 0.042222 0.058889
3 0.600556 0.434444 0.034444 0.060000
3 0.681667 0.592778 0.041111 0.063333
3 0.474444 0.560556 0.046667 0.061111
3 0.523889 0.513889 0.043333 0.052222
3 0.620556 0.780000 0.052222 0.073333
2 0.610556 0.716111 0.043333 0.054444
2 0.351111 0.628333 0.035556 0.056667
2 0.443333 0.506667 0.033333 0.046667
2 0.613889 0.500556 0.038889 0.054444
2 0.570556 0.387778 0.045556 0.042222
2 0.660556 0.315000 0.034444 0.054444
2 0.386111 0.300000 0.043333 0.040000
2 0.425556 0.230000 0.035556 0.057778
2 0.395000 0.245000 0.036667 0.047778
0 0.518333 0.596111 0.041111 0.058889
0 0.576111 0.558889 0.054444 0.068889
0 0.566111 0.463889 0.041111 0.063333
0 0.333889 0.358333 0.050000 0.061111
0 0.335000 0.297222 0.050000 0.054444
0 0.340556 0.240000 0.041111 0.057778
0 0.580556 0.226667 0.047778 0.064444
