2 0.416667 0.096111 0.060000 0.070000
2 0.457222 0.254444 0.045556 0.093333
2 0.327778 0.273333 0.044444 0.075556
2 0.322222 0.400000 0.057778 0.075556
2 0.178889 0.328889 0.040000 0.064444
2 0.841111 0.436111 0.048889 0.076667
2 0.749444 0.849444 0.054444 0.087778
2 0.537778 0.670556 0.046667 0.085556
2 0.455556 0.570556 0.053333 0.078889
2 0.350000 0.800000 0.048889 0.088889
0 0.740000 0.189444 0.075556 0.092222
0 0.575000 0.293889 0.065556 0.096667
0 0.688333 0.370000 0.061111 0.091111
0 0.780000 0.565556 0.071111 0.075556
0 0.856667 0.516667 0.066667 0.082222
0 0.685000 0.518889 0.056667 0.077778
0 0.178889 0.515000 0.060000 0.085556
3 0.456111 0.807778 0.061111 0.086667
3 0.284444 0.940000 0.077778 0.093333
3 0.402778 0.823889 0.056667 0.085556
3 0.638333 0.728889 0.058889 0.084444
3 0.415000 0.660556 0.050000 0.090000
3 0.462778 0.642222 0.058889 0.060000
3 0.241111 0.530556 0.068889 0.087778
3 0.632778 0.348333 0.056667 0.085556
3 0.221667 0.362778 0.054444 0.081111
1 0.637778 0.221111 0.060000 0.088889
1 0.581667 0.214444 0.063333 0.064444
1 0.745556 0.471111 0.066667 0.080000
1 0.687778 0.772222 0.060000 0.088889
1 0.507778 0.383333 0.062222 0.095556
0 0.274444 0.283333 0.064444 0.086667
