1 0.424444 0.398889 0.044444 0.066667
1 0.442222 0.310000 0.044444 0.028889
1 0.386111 0.536667 0.045556 0.060000
1 0.566111 0.502222 0.041111 0.066667
1 0.559444 0.691111 0.056667 0.075556
0 0.323333 0.450556 0.048889 0.067778
0 0.590000 0.599444 0.062222 0.081111
0 0.457778 0.356667 0.048889 0.064444
0 0.698889 0.794444 0.064444 0.082222
0 0.666667 0.962222 0.066667 0.075556
0 0.530000 0.905000 0.064444 0.096667
0 0.577222 0.980000 0.065556 0.040000
3 0.591667 0.162778 0.054444 0.054444
3 0.506111 0.192222 0.043333 0.042222
3 0.502778 0.239444 0.047778 0.054444
3 0.371667 0.241667 0.036667 0.054444
3 0.406111 0.288889 0.036667 0.053333
3 0.502778 0.349444 0.036667 0.052222
3 0.655556 0.376111 0.053333 0.058889
3 0.750556 0.493889 0.052222 0.054444
3 0.502222 0.563889 0.051111 0.061111
3 0.365000 0.782778 0.056667 0.072222
3 0.527222 0.748333 0.052222 0.076667
2 0.749444 0.303333 0.047778 0.042222
2 0.769444 0.451667 0.052222 0.043333
2 0.504444 0.404444 0.057778 0.044444
2 0.524444 0.315556 0.046667 0.040000
2 0.441111 0.262222 0.037778 0.044444
2 0.391111 0.614444 0.062222 0.057778
2 0.582222 0.775556 0.048889 0.068889
2 0.394444 0.482778 0.048889 0.041111
2 0.526667 0.488889 0.037778 0.060000
