0 0.556667 0.167222 0.046667 0.065556
0 0.584444 0.238333 0.044444 0.058889
0 0.432222 0.969444 0.044444 0.050000
0 0.677222 0.929444 0.043333 0.067778
0 0.615000 0.917778 0.052222 0.062222
0 0.879444 0.964444 0.045556 0.068889
1 0.498333 0.242778 0.050000 0.061111
1 0.381111 0.276111 0.037778 0.058889
1 0.537778 0.894444 0.048889 0.053333
1 0.049444 0.922778 0.050000 0.063333
1 0.886667 0.671667 0.042222 0.058889
2 0.462222 0.320000 0.037778 0.051111
2 0.531111 0.127778 0.040000 0.042222
2 0.267778 0.376111 0.044444 0.043333
2 0.131111 0.579444 0.046667 0.052222
2 0.510556 0.781111 0.041111 0.060000
2 0.881667 0.611667 0.038889 0.052222
2 0.932778 0.659444 0.041111 0.061111
2 0.632778 0.972778 0.045556 0.043333
3 0.460556 0.559444 0.043333 0.063333
3 0.594444 0.535556 0.046667 0.048889
3 0.387222 0.557222 0.050000 0.050000
3 0.327778 0.680000 0.055556 0.057778
3 0.055000 0.596111 0.047778 0.061111
3 0.201111 0.888333 0.044444 0.065556
3 0.465556 0.926111 0.044444 0.067778
3 0.573889 0.967778 0.043333 0.055556
3 0.741667 0.973889 0.041111 0.052222
3 0.963889 0.888889 0.047778 0.064444
0 0.722778 0.915000 0.054444 0.065556
0 0.525000 0.951667 0.043333 0.061111
2 0.229444 0.962778 0.050000 0.050000
1 0.323889 0.508333 0.045556 0.056667
