1 0.447222 0.261111 0.041111 0.057778
1 0.272222 0.356111 0.042222 0.054444
1 0.476667 0.437778 0.044444 0.057778
1 0.758333 0.473333 0.045556 0.057778
1 0.371111 0.607222 0.051111 0.056667
1 0.305000 0.297222 0.038889 0.063333
2 0.649444 0.186667 0.036667 0.057778
2 0.571667 0.147778 0.043333 0.048889
2 0.618333 0.236111 0.050000 0.041111
2 0.583889 0.257222 0.036667 0.045556
2 0.628889 0.379444 0.044444 0.050000
2 0.592222 0.378889 0.037778 0.060000
2 0.515556 0.332778 0.044444 0.054444
2 0.515000 0.452222 0.036667 0.053333
2 0.415000 0.560000 0.038889 0.062222
2 0.340000 0.248889 0.044444 0.051111
2 0.250000 0.280556 0.040000 0.050000
0 0.457778 0.096111 0.053333 0.067778
0 0.532222 0.206111 0.044444 0.067778
0 0.491111 0.223889 0.046667 0.061111
0 0.572222 0.474444 0.046667 0.053333
0 0.707778 0.577222 0.044444 0.058889
0 0.465000 0.333333 0.043333 0.068889
3 0.625000 0.281667 0.041111 0.050000
3 0.570556 0.301111 0.050000 0.060000
3 0.396111 0.264444 0.043333 0.064444
3 0.385556 0.446111 0.042222 0.061111
3 0.340556 0.443889 0.043333 0.063333
3 0.519444 0.535000 0.036667 0.063333
3 0.634444 0.572222 0.044444 0.057778
3 0.740556 0.619444 0.043333 0.065556
3 0.663333 0.673889 0.051111 0.058889
3 0.696667 0.491111 0.048889 0.068889
0 0.495556 0.932778 0.062222 0.087778
