2 0.498333 0.287778 0.054444 0.042222
2 0.413889 0.282222 0.050000 0.046667
2 0.573333 0.472778 0.053333 0.041111
2 0.798333 0.444444 0.045556 0.044444
2 0.645556 0.527778 0.048889 0.046667
2 0.525556 0.674444 0.048889 0.048889
2 0.548333 0.774444 0.050000 0.042222
2 0.299444 0.770556 0.063333 0.047778
2 0.246667 0.665000 0.064444 0.054444
2 0.334444 0.485556 0.064444 0.044444
0 0.710556 0.340556 0.058889 0.054444
0 0.456667 0.618333 0.066667 0.063333
0 0.319444 0.652222 0.061111 0.051111
0 0.452222 0.736111 0.062222 0.047778
0 0.492222 0.798889 0.062222 0.048889
0 0.632222 0.779444 0.062222 0.047778
0 0.755556 0.733889 0.066667 0.052222
1 0.591667 0.645000 0.063333 0.038889
1 0.646667 0.652778 0.055556 0.056667
1 0.149444 0.560556 0.072222 0.050000
1 0.701111 0.618333 0.055556 0.045556
1 0.688333 0.436111 0.067778 0.041111
3 0.610000 0.307778 0.048889 0.051111
3 0.271667 0.349444 0.074444 0.041111
3 0.385000 0.325556 0.058889 0.048889
3 0.531667 0.387222 0.072222 0.056667
3 0.343889 0.436111 0.076667 0.050000
3 0.452778 0.479444 0.058889 0.036667
3 0.488333 0.539444 0.065556 0.050000
3 0.216667 0.479444 0.060000 0.052222
3 0.332778 0.590556 0.065556 0.050000
