1 0.332778 0.540556 0.058889 0.056667
1 0.362778 0.681111 0.061111 0.055556
1 0.380556 0.766111 0.058889 0.054444
1 0.562778 0.670556 0.070000 0.034444
1 0.610556 0.696667 0.054444 0.053333
0 0.490556 0.384444 0.076667 0.068889
0 0.665000 0.439444 0.070000 0.061111
0 0.396111 0.585000 0.067778 0.054444
0 0.672778 0.640000 0.056667 0.048889
0 0.565000 0.624444 0.063333 0.048889
0 0.538333 0.780000 0.074444 0.057778
0 0.508333 0.877222 0.074444 0.070000
3 0.674444 0.191667 0.060000 0.050000
3 0.632222 0.232778 0.062222 0.054444
3 0.605556 0.295000 0.073333 0.065556
3 0.598333 0.425556 0.065556 0.055556
1 0.307222 0.265556 0.083333 0.060000
3 0.268333 0.488889 0.058889 0.055556
3 0.587778 0.578889 0.064444 0.046667
3 0.493889 0.528889 0.070000 0.044444
3 0.828889 0.444444 0.075556 0.046667
3 0.732222 0.606667 0.055556 0.051111
3 0.735556 0.796111 0.075556 0.056667
2 0.579444 0.212222 0.050000 0.060000
2 0.410556 0.394444 0.056667 0.055556
2 0.498333 0.468333 0.067778 0.050000
2 0.706111 0.545556 0.072222 0.053333
2 0.658333 0.595000 0.061111 0.034444
2 0.454444 0.637222 0.077778 0.050000
2 0.675556 0.694444 0.060000 0.051111
1 0.718889 0.665556 0.051111 0.046667
2 0.130556 0.862222 0.067778 0.057778
