2 0.609444 0.137222 0.052222 0.067778
2 0.709444 0.243333 0.038889 0.051111
2 0.814444 0.347222 0.044444 0.054444
2 0.484444 0.407778 0.037778 0.040000
2 0.597778 0.452778 0.037778 0.050000
2 0.653333 0.528333 0.042222 0.050000
2 0.590556 0.535556 0.036667 0.051111
2 0.403333 0.608333 0.031111 0.061111
2 0.483889 0.590556 0.043333 0.050000
2 0.516667 0.701667 0.035556 0.056667
2 0.627778 0.711667 0.040000 0.050000
2 0.488333 0.882778 0.043333 0.061111
3 0.232222 0.377222 0.048889 0.061111
3 0.457778 0.361111 0.046667 0.057778
3 0.553333 0.335000 0.051111 0.058889
3 0.376111 0.435556 0.043333 0.055556
3 0.476667 0.545556 0.044444 0.044444
3 0.527778 0.586667 0.035556 0.048889
3 0.346111 0.582778 0.043333 0.056667
3 0.801111 0.505556 0.053333 0.053333
0 0.303889 0.603889 0.041111 0.050000
0 0.261667 0.684444 0.047778 0.057778
0 0.437778 0.604444 0.037778 0.060000
0 0.645556 0.604444 0.048889 0.064444
0 0.760556 0.631667 0.047778 0.058889
0 0.550556 0.535000 0.043333 0.070000
0 0.554444 0.430000 0.044444 0.057778
0 0.453889 0.464444 0.045556 0.051111
3 0.756667 0.366111 0.048889 0.058889
1 0.321667 0.540000 0.041111 0.046667
1 0.565000 0.720556 0.043333 0.061111
1 0.613889 0.757778 0.036667 0.057778
1 0.695556 0.517222 0.046667 0.054444
