2 0.295556 0.048889 0.044444 0.044444
2 0.610556 0.058333 0.038889 0.052222
2 0.640556 0.026111 0.041111 0.050000
2 0.463889 0.181667 0.036667 0.050000
2 0.293333 0.370556 0.042222 0.058889
2 0.103889 0.585000 0.047778 0.052222
2 0.737778 0.474444 0.048889 0.048889
2 0.857222 0.301111 0.036667 0.057778
2 0.758333 0.342778 0.036667 0.050000
2 0.817778 0.307222 0.040000 0.056667
3 0.610000 0.622778 0.044444 0.056667
3 0.519444 0.660000 0.047778 0.066667
3 0.532222 0.598333 0.053333 0.061111
3 0.255000 0.343333 0.045556 0.048889
3 0.296111 0.103333 0.050000 0.060000
3 0.778889 0.307778 0.040000 0.053333
0 0.746111 0.123889 0.050000 0.072222
0 0.360556 0.097778 0.054444 0.064444
0 0.566111 0.297778 0.045556 0.060000
0 0.598333 0.397778 0.043333 0.057778
0 0.420000 0.366111 0.053333 0.054444
0 0.157222 0.274444 0.072222 0.064444
0 0.451111 0.488889 0.066667 0.051111
2 0.802778 0.478333 0.045556 0.056667
0 0.780000 0.532222 0.048889 0.064444
1 0.598889 0.680556 0.044444 0.063333
1 0.407222 0.212778 0.045556 0.050000
1 0.478889 0.353333 0.044444 0.055556
1 0.436111 0.420000 0.052222 0.048889
3 0.083333 0.623333 0.046667 0.048889
2 0.818889 0.968333 0.046667 0.056667
3 0.635556 0.972778 0.051111 0.054444
3 0.552778 0.966111 0.050000 0.067778
0 0.502222 0.951667 0.053333 0.078889
