3 0.167222 0.042222 0.054444 0.046667
3 0.460556 0.032222 0.054444 0.051111
3 0.614444 0.123889 0.062222 0.045556
3 0.751111 0.157778 0.062222 0.046667
3 0.920000 0.152778 0.055556 0.047778
3 0.295000 0.396667 0.061111 0.046667
3 0.855000 0.677222 0.050000 0.041111
3 0.936667 0.798333 0.048889 0.036667
2 0.269444 0.061667 0.050000 0.054444
2 0.049444 0.048889 0.058889 0.046667
2 0.258889 0.355000 0.062222 0.041111
2 0.768889 0.452222 0.057778 0.040000
2 0.737778 0.488333 0.057778 0.032222
2 0.951667 0.654444 0.047778 0.046667
2 0.729444 0.879444 0.052222 0.041111
2 0.177222 0.611111 0.050000 0.046667
0 0.703889 0.048333 0.061111 0.054444
0 0.651111 0.341111 0.064444 0.048889
0 0.433333 0.356667 0.055556 0.044444
0 0.793333 0.718333 0.060000 0.047778
0 0.750556 0.537222 0.056667 0.038889
0 0.697778 0.557778 0.060000 0.044444
0 0.514444 0.481111 0.053333 0.046667
0 0.933889 0.878889 0.061111 0.046667
0 0.017778 0.545000 0.033333 0.041111
1 0.040556 0.236667 0.063333 0.051111
1 0.426667 0.310000 0.048889 0.042222
1 0.527222 0.590000 0.050000 0.040000
1 0.526111 0.803889 0.058889 0.038889
1 0.946667 0.765556 0.062222 0.035556
