0 0.296111 0.117778 0.050000 0.064444
0 0.228333 0.448333 0.056667 0.061111
0 0.197222 0.506111 0.045556 0.065556
0 0.825000 0.321667 0.047778 0.065556
0 0.635000 0.166667 0.041111 0.053333
0 0.747222 0.176667 0.052222 0.055556
0 0.597778 0.312778 0.046667 0.065556
0 0.523889 0.730000 0.054444 0.066667
0 0.342222 0.808889 0.046667 0.073333
2 0.302222 0.779444 0.048889 0.050000
2 0.162778 0.711667 0.045556 0.072222
2 0.096667 0.456111 0.055556 0.058889
2 0.560556 0.573333 0.047778 0.060000
2 0.163889 0.237778 0.041111 0.062222
2 0.091667 0.323333 0.050000 0.055556
2 0.127778 0.240556 0.042222 0.063333
2 0.695556 0.387222 0.037778 0.054444
2 0.648889 0.366111 0.044444 0.054444
2 0.791667 0.197778 0.043333 0.053333
2 0.779444 0.948333 0.050000 0.065556
2 0.244444 0.502222 0.051111 0.046667
1 0.077222 0.947778 0.054444 0.077778
1 0.228333 0.948889 0.054444 0.066667
1 0.662778 0.452778 0.045556 0.063333
1 0.043889 0.472222 0.052222 0.064444
3 0.356111 0.223333 0.047778 0.066667
3 0.465000 0.182778 0.047778 0.056667
3 0.062778 0.374444 0.047778 0.060000
3 0.728889 0.228889 0.055556 0.062222
3 0.650556 0.222222 0.038889 0.055556
3 0.798889 0.713889 0.055556 0.061111
3 0.484444 0.757222 0.040000 0.056667
3 0.405000 0.735556 0.052222 0.082222
