0 0.290000 0.130556 0.048889 0.061111
0 0.530556 0.213889 0.047778 0.054444
0 0.720556 0.445000 0.061111 0.074444
0 0.544444 0.600556 0.062222 0.085556
0 0.691111 0.696111 0.064444 0.078889
0 0.270000 0.741111 0.060000 0.080000
2 0.392222 0.252222 0.048889 0.060000
2 0.313889 0.228333 0.045556 0.052222
2 0.505000 0.330000 0.043333 0.060000
2 0.510556 0.407778 0.043333 0.060000
2 0.544444 0.437778 0.044444 0.064444
2 0.528889 0.533333 0.057778 0.044444
2 0.661667 0.405556 0.038889 0.060000
2 0.710556 0.381111 0.052222 0.051111
2 0.275000 0.348333 0.050000 0.058889
3 0.596111 0.188889 0.045556 0.064444
3 0.500000 0.131667 0.051111 0.056667
3 0.455556 0.215556 0.048889 0.064444
0 0.305000 0.077222 0.050000 0.056667
3 0.390556 0.353333 0.054444 0.055556
0 0.596111 0.580556 0.050000 0.061111
3 0.428889 0.837222 0.066667 0.085556
3 0.324444 0.611111 0.057778 0.075556
3 0.428333 0.471667 0.047778 0.063333
3 0.218333 0.470556 0.045556 0.070000
3 0.267222 0.482222 0.054444 0.071111
3 0.543889 0.277222 0.047778 0.058889
1 0.661111 0.337222 0.048889 0.058889
1 0.692778 0.540000 0.058889 0.075556
1 0.382778 0.461667 0.038889 0.070000
1 0.348889 0.414444 0.044444 0.066667
1 0.492778 0.257778 0.041111 0.051111
1 0.376667 0.790000 0.046667 0.086667
