3 0.704444 0.351111 0.071111 0.046667
3 0.625000 0.435000 0.074444 0.050000
3 0.751111 0.484444 0.060000 0.053333
3 0.521111 0.406111 0.057778 0.050000
3 0.483889 0.538889 0.058889 0.048889
3 0.520556 0.478333 0.058889 0.045556
3 0.637222 0.596111 0.063333 0.052222
3 0.257778 0.673889 0.060000 0.047778
3 0.368889 0.303889 0.057778 0.052222
0 0.592778 0.326667 0.063333 0.055556
0 0.264444 0.335000 0.057778 0.047778
0 0.508889 0.617778 0.064444 0.060000
0 0.591111 0.749444 0.060000 0.041111
0 0.505000 0.742778 0.058889 0.052222
0 0.467778 0.800556 0.064444 0.050000
0 0.325000 0.776667 0.061111 0.055556
0 0.211111 0.728333 0.075556 0.052222
2 0.412778 0.770000 0.047778 0.046667
2 0.440000 0.673333 0.051111 0.044444
2 0.733889 0.732778 0.067778 0.038889
2 0.397778 0.469444 0.051111 0.043333
2 0.322778 0.526111 0.047778 0.045556
2 0.460556 0.419444 0.058889 0.038889
2 0.176667 0.434444 0.048889 0.042222
2 0.640556 0.488333 0.063333 0.043333
2 0.478889 0.285000 0.060000 0.041111
2 0.566667 0.278333 0.055556 0.043333
1 0.281667 0.431111 0.067778 0.044444
1 0.373333 0.640000 0.062222 0.044444
1 0.321667 0.647778 0.054444 0.051111
1 0.263333 0.611111 0.055556 0.048889
1 0.712778 0.649444 0.065556 0.056667
