2 0.680556 0.513333 0.083333 0.053333
2 0.602778 0.536667 0.067778 0.064444
2 0.481111 0.427222 0.066667 0.061111
2 0.456111 0.476667 0.074444 0.046667
2 0.359444 0.478333 0.076667 0.052222
2 0.550000 0.672222 0.088889 0.055556
2 0.563889 0.610000 0.083333 0.053333
2 0.498889 0.569444 0.066667 0.054444
2 0.421111 0.609444 0.062222 0.056667
2 0.345556 0.603333 0.080000 0.064444
2 0.376667 0.557222 0.077778 0.050000
2 0.461111 0.526667 0.073333 0.048889
2 0.538333 0.501111 0.072222 0.057778
2 0.412222 0.430000 0.071111 0.055556
