2 0.601667 0.149444 0.052222 0.056667
2 0.781111 0.187778 0.044444 0.053333
2 0.693333 0.251111 0.046667 0.057778
2 0.836667 0.362778 0.044444 0.058889
2 0.919444 0.532222 0.056667 0.057778
2 0.982778 0.662222 0.034444 0.064444
2 0.693333 0.720556 0.053333 0.054444
2 0.664444 0.670556 0.040000 0.054444
2 0.745556 0.681667 0.048889 0.054444
2 0.398333 0.544444 0.043333 0.051111
2 0.643889 0.335000 0.041111 0.054444
2 0.693333 0.355000 0.051111 0.036667
1 0.410000 0.717778 0.057778 0.060000
1 0.692778 0.637778 0.045556 0.062222
1 0.147778 0.702778 0.053333 0.065556
1 0.393889 0.612222 0.047778 0.062222
1 0.606111 0.312222 0.041111 0.060000
0 0.882778 0.626111 0.058889 0.065556
0 0.798889 0.670000 0.048889 0.064444
0 0.777778 0.526667 0.053333 0.057778
0 0.570556 0.576667 0.052222 0.057778
0 0.357778 0.577222 0.042222 0.058889
0 0.307778 0.510000 0.053333 0.068889
0 0.660556 0.397222 0.041111 0.065556
3 0.535000 0.292778 0.047778 0.054444
3 0.371667 0.352778 0.047778 0.058889
3 0.418889 0.397778 0.053333 0.055556
3 0.385000 0.425000 0.041111 0.065556
3 0.228333 0.517222 0.056667 0.056667
3 0.531111 0.600556 0.040000 0.061111
3 0.859444 0.819444 0.054444 0.065556
3 0.701111 0.399444 0.046667 0.052222
0 0.686111 0.311111 0.036667 0.053333
3 0.444444 0.552778 0.048889 0.061111
