3 0.447222 0.091111 0.047778 0.066667
3 0.104444 0.091667 0.042222 0.056667
3 0.102222 0.157778 0.044444 0.064444
3 0.416667 0.331667 0.037778 0.054444
3 0.088889 0.426111 0.051111 0.063333
3 0.265556 0.531667 0.042222 0.063333
3 0.158333 0.600000 0.045556 0.066667
3 0.576667 0.593889 0.040000 0.056667
3 0.651667 0.807222 0.052222 0.065556
3 0.628889 0.879444 0.042222 0.070000
3 0.855000 0.605000 0.047778 0.061111
0 0.896667 0.912222 0.057778 0.077778
0 0.532778 0.704444 0.047778 0.057778
0 0.663333 0.560000 0.051111 0.046667
0 0.397778 0.724444 0.053333 0.071111
0 0.105556 0.311111 0.048889 0.062222
2 0.186667 0.030000 0.042222 0.048889
2 0.170556 0.145556 0.041111 0.055556
2 0.125000 0.242222 0.038889 0.057778
2 0.258333 0.283889 0.038889 0.050000
2 0.147778 0.371667 0.046667 0.058889
2 0.180556 0.656111 0.038889 0.061111
2 0.489444 0.731111 0.041111 0.066667
2 0.645556 0.517222 0.037778 0.050000
2 0.747778 0.881111 0.042222 0.053333
1 0.228333 0.421111 0.045556 0.057778
1 0.090000 0.221111 0.037778 0.060000
1 0.284444 0.685556 0.048889 0.053333
1 0.421111 0.782778 0.042222 0.054444
