0 0.431111 0.359444 0.057778 0.085556
0 0.484444 0.442778 0.057778 0.067778
0 0.735556 0.223333 0.071111 0.075556
0 0.799444 0.365556 0.047778 0.073333
0 0.850556 0.496667 0.056667 0.071111
0 0.750000 0.590556 0.046667 0.074444
0 0.449444 0.701111 0.052222 0.075556
0 0.632778 0.812222 0.056667 0.084444
2 0.263889 0.321111 0.058889 0.060000
2 0.248889 0.411667 0.051111 0.054444
2 0.371667 0.523333 0.045556 0.068889
2 0.464444 0.500556 0.044444 0.061111
2 0.262778 0.714444 0.052222 0.066667
1 0.398333 0.674444 0.047778 0.077778
2 0.533333 0.730556 0.055556 0.065556
2 0.485556 0.865556 0.046667 0.068889
2 0.772778 0.795556 0.054444 0.077778
2 0.627222 0.439444 0.047778 0.067778
2 0.680000 0.270000 0.048889 0.060000
3 0.582778 0.175000 0.056667 0.072222
3 0.374444 0.291667 0.055556 0.058889
3 0.351667 0.422222 0.054444 0.062222
3 0.218333 0.590556 0.061111 0.076667
3 0.538889 0.570000 0.060000 0.071111
3 0.744444 0.708889 0.048889 0.066667
3 0.578889 0.848889 0.053333 0.082222
3 0.700556 0.555556 0.061111 0.084444
3 0.481111 0.377778 0.046667 0.060000
1 0.750556 0.326111 0.052222 0.067778
1 0.796667 0.583889 0.051111 0.074444
1 0.803889 0.651111 0.058889 0.062222
1 0.625556 0.648889 0.057778 0.073333
