2 0.556111 0.286111 0.034444 0.054444
2 0.378889 0.516111 0.053333 0.050000
2 0.281667 0.551111 0.056667 0.064444
2 0.487222 0.528889 0.043333 0.062222
2 0.577778 0.535556 0.040000 0.048889
2 0.623333 0.498889 0.044444 0.044444
2 0.653333 0.660000 0.044444 0.055556
2 0.592222 0.667778 0.042222 0.051111
3 0.249444 0.402778 0.050000 0.061111
3 0.290000 0.380556 0.037778 0.058889
3 0.502778 0.344444 0.045556 0.064444
3 0.547778 0.360000 0.044444 0.066667
3 0.490000 0.264444 0.048889 0.064444
3 0.646667 0.543889 0.044444 0.052222
3 0.486111 0.705556 0.054444 0.053333
3 0.310000 0.701667 0.046667 0.052222
3 0.543333 0.798333 0.040000 0.063333
3 0.337778 0.766667 0.051111 0.064444
0 0.516667 0.159444 0.053333 0.078889
0 0.347778 0.330556 0.053333 0.065556
0 0.336111 0.393889 0.056667 0.067778
0 0.452222 0.481111 0.048889 0.057778
0 0.540556 0.513333 0.043333 0.046667
0 0.968333 0.276667 0.047778 0.062222
0 0.858889 0.807778 0.048889 0.051111
0 0.377778 0.847222 0.060000 0.072222
1 0.422778 0.280000 0.045556 0.062222
1 0.719444 0.466111 0.043333 0.058889
1 0.743889 0.553889 0.047778 0.056667
1 0.663333 0.597778 0.046667 0.055556
1 0.738333 0.752222 0.045556 0.060000
1 0.569444 0.755000 0.045556 0.065556
