1 0.436667 0.453333 0.055556 0.064444
1 0.395556 0.486667 0.046667 0.068889
1 0.340556 0.396111 0.056667 0.070000
1 0.622222 0.337778 0.057778 0.053333
1 0.106667 0.807222 0.064444 0.074444
0 0.554444 0.412778 0.060000 0.090000
0 0.653333 0.412222 0.044444 0.060000
0 0.693333 0.653333 0.057778 0.068889
0 0.482222 0.685000 0.048889 0.052222
0 0.407778 0.746667 0.062222 0.082222
0 0.282778 0.683889 0.056667 0.072222
0 0.301111 0.587222 0.060000 0.061111
0 0.426111 0.573889 0.058889 0.058889
3 0.317222 0.316667 0.056667 0.062222
3 0.221111 0.291667 0.057778 0.061111
3 0.604444 0.217778 0.040000 0.066667
3 0.696667 0.428333 0.035556 0.067778
3 0.758889 0.420000 0.051111 0.071111
3 0.563889 0.613333 0.050000 0.055556
3 0.578889 0.689444 0.062222 0.076667
3 0.669444 0.773333 0.047778 0.080000
2 0.565000 0.240000 0.036667 0.055556
2 0.738333 0.641111 0.038889 0.068889
2 0.559444 0.558333 0.056667 0.045556
2 0.513333 0.551667 0.053333 0.050000
2 0.321667 0.506667 0.047778 0.062222
2 0.277222 0.530556 0.052222 0.047778
2 0.141667 0.349444 0.052222 0.050000
2 0.522778 0.640556 0.045556 0.067778
