0 0.047778 0.176667 0.062222 0.064444
0 0.532222 0.293889 0.044444 0.056667
0 0.263333 0.035556 0.044444 0.060000
0 0.662222 0.057778 0.055556 0.073333
0 0.451111 0.718333 0.037778 0.054444
0 0.550556 0.914444 0.043333 0.053333
0 0.250556 0.789444 0.047778 0.056667
3 0.361111 0.145556 0.053333 0.057778
3 0.503333 0.032222 0.048889 0.062222
3 0.461111 0.023889 0.031111 0.045556
3 0.860556 0.790556 0.047778 0.054444
3 0.326667 0.940000 0.040000 0.046667
3 0.120000 0.826111 0.033333 0.043333
3 0.061111 0.606111 0.048889 0.047778
3 0.151111 0.770556 0.042222 0.054444
3 0.170000 0.033889 0.048889 0.058889
1 0.023889 0.128889 0.045556 0.055556
1 0.082778 0.668889 0.045556 0.055556
1 0.601667 0.893889 0.043333 0.058889
3 0.474444 0.128333 0.044444 0.072222
2 0.790556 0.038333 0.045556 0.058889
2 0.436667 0.297778 0.040000 0.064444
2 0.373889 0.233333 0.032222 0.051111
2 0.354444 0.024444 0.042222 0.046667
2 0.268889 0.715556 0.035556 0.055556
2 0.086667 0.875000 0.031111 0.047778
2 0.148889 0.813333 0.042222 0.033333
2 0.135556 0.940000 0.042222 0.037778
2 0.478889 0.817778 0.035556 0.046667
2 0.558889 0.716111 0.037778 0.047778
2 0.487778 0.733889 0.035556 0.050000
1 0.165556 0.720000 0.044444 0.053333
