0 0.420000 0.048889 0.051111 0.071111
0 0.642222 0.163889 0.051111 0.081111
0 0.347778 0.228889 0.048889 0.062222
0 0.257778 0.353889 0.053333 0.072222
0 0.655556 0.402778 0.057778 0.074444
0 0.507778 0.456667 0.044444 0.066667
2 0.384444 0.153889 0.042222 0.054444
2 0.583333 0.301111 0.035556 0.060000
2 0.738889 0.413333 0.042222 0.060000
2 0.452778 0.405556 0.043333 0.053333
2 0.460000 0.466667 0.040000 0.057778
2 0.505000 0.575000 0.047778 0.067778
2 0.383333 0.547778 0.035556 0.066667
2 0.212778 0.350000 0.043333 0.046667
2 0.588889 0.880000 0.044444 0.075556
2 0.401667 0.925000 0.043333 0.074444
2 0.549444 0.802778 0.054444 0.052222
2 0.555556 0.674444 0.031111 0.057778
3 0.586111 0.712778 0.034444 0.065556
3 0.444444 0.638333 0.053333 0.056667
3 0.508889 0.675000 0.048889 0.063333
3 0.360556 0.663333 0.052222 0.062222
3 0.284444 0.530556 0.044444 0.063333
3 0.143333 0.407778 0.048889 0.055556
3 0.361667 0.295000 0.045556 0.065556
3 0.301111 0.236111 0.044444 0.054444
3 0.729444 0.308889 0.043333 0.060000
1 0.023889 0.554444 0.043333 0.066667
1 0.386667 0.358333 0.051111 0.061111
1 0.542778 0.330000 0.043333 0.060000
1 0.395556 0.254444 0.046667 0.055556
1 0.545556 0.748889 0.042222 0.055556
0 0.330000 0.518333 0.048889 0.061111
3 0.981111 0.697222 0.037778 0.072222
