2 0.613889 0.028333 0.043333 0.050000
2 0.540000 0.293333 0.037778 0.055556
2 0.449444 0.561111 0.043333 0.057778
2 0.363889 0.510556 0.050000 0.061111
2 0.272222 0.554444 0.048889 0.051111
2 0.746667 0.626667 0.044444 0.048889
3 0.471667 0.268333 0.045556 0.061111
3 0.485556 0.347222 0.042222 0.063333
3 0.530000 0.359444 0.042222 0.067778
3 0.235556 0.395556 0.042222 0.064444
3 0.277778 0.380000 0.037778 0.071111
3 0.467778 0.698333 0.046667 0.052222
3 0.297222 0.689444 0.050000 0.047778
3 0.321667 0.753333 0.045556 0.064444
3 0.522778 0.790000 0.038889 0.057778
3 0.942222 0.454444 0.042222 0.051111
0 0.503889 0.169444 0.050000 0.074444
0 0.782778 0.313889 0.045556 0.065556
0 0.825000 0.370556 0.050000 0.058889
0 0.756111 0.373889 0.047778 0.056667
0 0.336111 0.331667 0.054444 0.058889
0 0.321111 0.389444 0.057778 0.061111
0 0.720000 0.550556 0.044444 0.056667
0 0.817778 0.704444 0.048889 0.060000
1 0.408889 0.280000 0.040000 0.064444
1 0.560556 0.620000 0.047778 0.062222
1 0.547222 0.743333 0.041111 0.062222
1 0.715556 0.753333 0.048889 0.053333
1 0.815556 0.975556 0.046667 0.048889
