0 0.452222 0.165556 0.051111 0.064444
0 0.850556 0.250556 0.054444 0.067778
0 0.269444 0.536667 0.041111 0.057778
3 0.421111 0.267222 0.048889 0.070000
3 0.666667 0.242222 0.033333 0.060000
3 0.733889 0.339444 0.038889 0.054444
3 0.600556 0.421667 0.052222 0.050000
3 0.631667 0.236111 0.036667 0.050000
0 0.400000 0.184444 0.048889 0.066667
3 0.338333 0.620000 0.034444 0.062222
3 0.314444 0.971111 0.042222 0.057778
3 0.747778 0.941667 0.040000 0.061111
3 0.792222 0.950556 0.051111 0.070000
3 0.524444 0.931111 0.046667 0.064444
3 0.585000 0.972778 0.052222 0.054444
2 0.353889 0.956111 0.041111 0.063333
2 0.570556 0.754444 0.043333 0.064444
2 0.230000 0.627222 0.060000 0.043333
2 0.236111 0.578889 0.047778 0.048889
2 0.702778 0.232778 0.034444 0.054444
2 0.917778 0.147222 0.042222 0.054444
1 0.597778 0.323333 0.046667 0.037778
1 0.673333 0.356111 0.046667 0.054444
1 0.617222 0.286667 0.045556 0.051111
1 0.678889 0.189444 0.031111 0.041111
1 0.645000 0.183333 0.036667 0.048889
2 0.616667 0.160556 0.031111 0.050000
3 0.617222 0.366111 0.041111 0.047778
1 0.297222 0.582778 0.043333 0.056667
3 0.056667 0.956667 0.055556 0.064444
