3 0.702222 0.188333 0.048889 0.065556
3 0.580000 0.253333 0.044444 0.064444
3 0.713889 0.350000 0.045556 0.062222
3 0.658333 0.488889 0.036667 0.057778
3 0.508889 0.478333 0.046667 0.054444
3 0.431667 0.641111 0.036667 0.066667
3 0.355000 0.518889 0.056667 0.062222
3 0.648333 0.707778 0.052222 0.060000
3 0.606667 0.667778 0.057778 0.075556
0 0.843889 0.365000 0.058889 0.072222
0 0.500000 0.333333 0.055556 0.060000
0 0.374444 0.280000 0.053333 0.062222
0 0.693333 0.131111 0.040000 0.048889
0 0.541111 0.748333 0.055556 0.063333
0 0.485000 0.798333 0.054444 0.063333
0 0.818889 0.570556 0.062222 0.070000
2 0.687778 0.674444 0.051111 0.062222
2 0.551667 0.675000 0.043333 0.065556
2 0.424444 0.764444 0.044444 0.066667
2 0.475556 0.651667 0.046667 0.072222
2 0.585000 0.587778 0.045556 0.068889
2 0.611667 0.514444 0.047778 0.066667
2 0.390556 0.455000 0.038889 0.061111
2 0.325556 0.442778 0.046667 0.063333
2 0.760000 0.380556 0.044444 0.056667
2 0.794444 0.357222 0.042222 0.056667
2 0.452222 0.212778 0.051111 0.054444
1 0.626111 0.223333 0.052222 0.062222
1 0.737222 0.128889 0.043333 0.051111
1 0.604444 0.369444 0.046667 0.058889
1 0.516111 0.606111 0.047778 0.074444
1 0.448889 0.563333 0.051111 0.068889
1 0.715000 0.610556 0.052222 0.070000
0 0.483889 0.387222 0.058889 0.056667
