0 0.548889 0.857778 0.053333 0.066667
0 0.871667 0.897778 0.047778 0.064444
0 0.322222 0.883889 0.048889 0.072222
0 0.095000 0.869444 0.050000 0.074444
0 0.146111 0.862222 0.043333 0.066667
0 0.177778 0.905000 0.051111 0.056667
3 0.580000 0.187222 0.037778 0.056667
3 0.528333 0.110556 0.047778 0.052222
3 0.765000 0.090556 0.038889 0.050000
3 0.875000 0.079444 0.036667 0.056667
3 0.813333 0.890000 0.046667 0.073333
3 0.527778 0.912778 0.042222 0.050000
3 0.242222 0.905000 0.044444 0.058889
3 0.918333 0.242222 0.041111 0.057778
3 0.475556 0.422222 0.046667 0.051111
3 0.653333 0.463889 0.051111 0.052222
3 0.133333 0.283333 0.037778 0.051111
2 0.256111 0.191111 0.036667 0.055556
2 0.398333 0.393333 0.036667 0.055556
2 0.476667 0.376667 0.051111 0.042222
2 0.763333 0.398889 0.035556 0.053333
2 0.859444 0.342778 0.036667 0.052222
2 0.360556 0.819444 0.036667 0.061111
2 0.424444 0.906667 0.040000 0.055556
2 0.028333 0.903889 0.052222 0.047778
1 0.166667 0.248889 0.048889 0.053333
1 0.572778 0.089444 0.036667 0.050000
1 0.853333 0.240000 0.044444 0.066667
1 0.813889 0.126667 0.034444 0.055556
1 0.571111 0.911111 0.042222 0.060000
