2 0.325000 0.127222 0.041111 0.054444
2 0.420000 0.098889 0.035556 0.062222
2 0.477222 0.143889 0.041111 0.058889
2 0.652778 0.141667 0.041111 0.056667
2 0.592222 0.288333 0.044444 0.056667
2 0.542222 0.390556 0.040000 0.050000
2 0.735556 0.416667 0.042222 0.053333
2 0.853333 0.557222 0.046667 0.050000
2 0.548889 0.663889 0.035556 0.054444
2 0.406667 0.964444 0.042222 0.051111
0 0.202222 0.212222 0.046667 0.066667
0 0.259444 0.432222 0.050000 0.053333
0 0.246667 0.498333 0.046667 0.058889
0 0.666667 0.612222 0.055556 0.071111
0 0.257778 0.680000 0.048889 0.057778
0 0.358889 0.739444 0.040000 0.063333
0 0.246667 0.947778 0.051111 0.066667
0 0.665556 0.691111 0.040000 0.060000
3 0.403333 0.318333 0.044444 0.061111
3 0.471667 0.418889 0.043333 0.060000
3 0.388889 0.403333 0.053333 0.060000
3 0.207222 0.154444 0.045556 0.048889
3 0.412222 0.770556 0.046667 0.063333
3 0.588889 0.963333 0.044444 0.055556
3 0.546111 0.972222 0.045556 0.053333
3 0.755000 0.923333 0.050000 0.073333
3 0.844444 0.726667 0.046667 0.055556
1 0.354444 0.312778 0.046667 0.058889
1 0.181667 0.696111 0.050000 0.061111
1 0.705556 0.973333 0.048889 0.053333
1 0.873889 0.885556 0.050000 0.051111
1 0.582778 0.736667 0.047778 0.057778
