0 0.518889 0.090000 0.042222 0.051111
0 0.545556 0.467778 0.048889 0.053333
0 0.397778 0.434444 0.046667 0.060000
0 0.426111 0.495556 0.047778 0.057778
0 0.439444 0.543333 0.038889 0.042222
0 0.479444 0.538889 0.038889 0.048889
0 0.510000 0.575000 0.042222 0.047778
0 0.838889 0.535556 0.051111 0.057778
3 0.656111 0.296667 0.038889 0.046667
3 0.521667 0.409444 0.036667 0.058889
3 0.313889 0.279444 0.041111 0.043333
3 0.676111 0.441111 0.036667 0.055556
3 0.696111 0.406667 0.038889 0.060000
3 0.717222 0.487778 0.036667 0.055556
3 0.540556 0.533889 0.045556 0.043333
3 0.457778 0.582222 0.035556 0.042222
3 0.902222 0.528889 0.037778 0.051111
3 0.855556 0.097778 0.026667 0.048889
2 0.701111 0.092778 0.037778 0.043333
2 0.871111 0.174444 0.037778 0.042222
2 0.731111 0.383889 0.037778 0.036667
2 0.790556 0.495000 0.034444 0.045556
2 0.603333 0.544444 0.035556 0.055556
2 0.366111 0.396667 0.032222 0.037778
2 0.485000 0.450000 0.027778 0.040000
2 0.464444 0.488333 0.031111 0.047778
2 0.503889 0.811667 0.043333 0.052222
1 0.476111 0.336667 0.041111 0.053333
1 0.456111 0.440556 0.030000 0.045556
1 0.724444 0.443889 0.035556 0.036667
1 0.463333 0.631667 0.048889 0.052222
1 0.500000 0.495000 0.035556 0.047778
1 0.823333 0.112222 0.040000 0.051111
