3 0.468333 0.096111 0.052222 0.063333
3 0.311667 0.158889 0.047778 0.057778
3 0.394444 0.170556 0.044444 0.054444
3 0.566111 0.180556 0.038889 0.054444
3 0.264444 0.417778 0.046667 0.051111
3 0.466667 0.465556 0.051111 0.060000
3 0.656667 0.514444 0.055556 0.064444
3 0.242222 0.541667 0.060000 0.067778
3 0.282222 0.499444 0.046667 0.063333
3 0.495556 0.581667 0.057778 0.081111
0 0.387778 0.898333 0.077778 0.107778
0 0.300556 0.858889 0.067778 0.093333
0 0.272222 0.688889 0.060000 0.073333
0 0.612222 0.596111 0.055556 0.090000
0 0.377778 0.503333 0.062222 0.082222
0 0.577778 0.228889 0.046667 0.044444
0 0.495000 0.180000 0.050000 0.075556
0 0.349444 0.190556 0.034444 0.052222
2 0.297778 0.261111 0.055556 0.051111
2 0.368889 0.238333 0.040000 0.052222
2 0.270000 0.311111 0.051111 0.055556
2 0.305000 0.446111 0.047778 0.045556
2 0.418333 0.383333 0.041111 0.062222
2 0.517222 0.323889 0.047778 0.047778
2 0.565000 0.277222 0.050000 0.054444
2 0.535000 0.205000 0.032222 0.058889
2 0.598333 0.456667 0.043333 0.062222
1 0.341111 0.671111 0.057778 0.088889
1 0.552222 0.431111 0.053333 0.064444
1 0.475556 0.369444 0.046667 0.072222
1 0.482222 0.259444 0.048889 0.070000
1 0.373333 0.425556 0.048889 0.064444
1 0.443333 0.175556 0.040000 0.064444
