0 0.331667 0.046111 0.052222 0.067778
0 0.072778 0.231111 0.065556 0.060000
0 0.335000 0.423889 0.047778 0.067778
0 0.828889 0.436111 0.066667 0.076667
0 0.106667 0.790556 0.051111 0.072222
0 0.336667 0.974444 0.066667 0.051111
0 0.976667 0.892222 0.046667 0.080000
3 0.060556 0.117778 0.056667 0.068889
3 0.430000 0.280000 0.062222 0.060000
3 0.369444 0.400000 0.041111 0.066667
3 0.397222 0.581111 0.050000 0.051111
3 0.817222 0.819444 0.041111 0.070000
3 0.604444 0.960000 0.051111 0.073333
2 0.933333 0.408889 0.048889 0.057778
2 0.960000 0.581667 0.044444 0.070000
2 0.918333 0.578333 0.041111 0.061111
2 0.776667 0.791111 0.044444 0.075556
2 0.887778 0.868333 0.060000 0.052222
2 0.980556 0.805556 0.038889 0.046667
1 0.519444 0.967222 0.056667 0.065556
2 0.313333 0.560556 0.048889 0.050000
1 0.570000 0.348889 0.040000 0.062222
1 0.101111 0.385556 0.044444 0.062222
2 0.296667 0.334444 0.051111 0.055556
2 0.093889 0.285556 0.047778 0.051111
1 0.064444 0.411667 0.046667 0.067778
1 0.929444 0.823889 0.047778 0.070000
3 0.867778 0.983889 0.057778 0.032222
