0 0.443333 0.060556 0.046667 0.056667
0 0.603333 0.091111 0.046667 0.066667
0 0.546111 0.153889 0.045556 0.058889
0 0.551111 0.479444 0.051111 0.058889
0 0.636667 0.590556 0.062222 0.070000
0 0.931667 0.332222 0.058889 0.066667
0 0.221111 0.971667 0.075556 0.056667
2 0.497222 0.185000 0.041111 0.056667
2 0.633333 0.212778 0.042222 0.041111
2 0.666111 0.132222 0.047778 0.048889
2 0.785556 0.078889 0.042222 0.046667
2 0.713889 0.280000 0.038889 0.060000
2 0.608333 0.376111 0.036667 0.056667
2 0.467222 0.696111 0.043333 0.065556
2 0.090000 0.888889 0.053333 0.077778
2 0.660556 0.970000 0.054444 0.060000
3 0.397222 0.167222 0.043333 0.065556
3 0.342778 0.155000 0.045556 0.036667
3 0.768889 0.301111 0.055556 0.068889
3 0.707778 0.372778 0.044444 0.063333
3 0.386667 0.322222 0.046667 0.060000
3 0.380000 0.272222 0.051111 0.048889
3 0.350000 0.347778 0.042222 0.051111
3 0.434444 0.397778 0.046667 0.055556
3 0.535000 0.416111 0.043333 0.061111
3 0.526667 0.596111 0.051111 0.052222
3 0.431667 0.854444 0.056667 0.073333
1 0.558333 0.300556 0.054444 0.061111
1 0.643333 0.345556 0.044444 0.057778
1 0.358889 0.197778 0.040000 0.046667
1 0.612778 0.515556 0.041111 0.055556
1 0.205000 0.836667 0.050000 0.080000
1 0.161111 0.895556 0.051111 0.084444
