2 0.353889 0.172222 0.047778 0.055556
2 0.235556 0.318889 0.044444 0.053333
2 0.568333 0.267222 0.038889 0.056667
2 0.460556 0.744444 0.058889 0.064444
2 0.065000 0.442222 0.050000 0.062222
2 0.291111 0.421667 0.051111 0.067778
2 0.374444 0.460000 0.046667 0.057778
2 0.354444 0.413333 0.046667 0.051111
0 0.670556 0.193333 0.050000 0.073333
0 0.277778 0.247778 0.051111 0.066667
0 0.180556 0.312778 0.058889 0.067778
0 0.200556 0.393889 0.056667 0.058889
0 0.424444 0.311111 0.037778 0.062222
0 0.567222 0.161667 0.047778 0.041111
0 0.434444 0.614444 0.068889 0.086667
3 0.613889 0.178333 0.043333 0.065556
3 0.568333 0.209444 0.050000 0.052222
3 0.522222 0.239444 0.044444 0.058889
3 0.513333 0.366111 0.040000 0.067778
3 0.540556 0.423889 0.047778 0.061111
3 0.207778 0.456111 0.051111 0.063333
3 0.219444 0.536667 0.065556 0.073333
3 0.465556 0.346667 0.042222 0.064444
3 0.727222 0.518889 0.054444 0.066667
3 0.255556 0.853889 0.071111 0.078889
1 0.608333 0.257222 0.036667 0.065556
1 0.426111 0.388333 0.045556 0.078889
1 0.377778 0.365000 0.051111 0.045556
