2 0.273333 0.067222 0.042222 0.036667
2 0.040556 0.113889 0.047778 0.045556
2 0.669444 0.048889 0.047778 0.044444
2 0.676111 0.226111 0.050000 0.038889
2 0.973889 0.257222 0.047778 0.050000
2 0.944444 0.560556 0.057778 0.043333
0 0.210000 0.091667 0.055556 0.047778
0 0.098333 0.124444 0.061111 0.044444
0 0.375000 0.323889 0.061111 0.052222
0 0.352778 0.377778 0.045556 0.042222
0 0.559444 0.065000 0.052222 0.045556
0 0.547222 0.372222 0.058889 0.051111
3 0.081667 0.192778 0.054444 0.041111
3 0.447778 0.309444 0.053333 0.043333
3 0.248333 0.307222 0.061111 0.041111
3 0.266667 0.271667 0.068889 0.038889
3 0.623333 0.318889 0.060000 0.040000
3 0.837778 0.170000 0.062222 0.035556
3 0.966111 0.091111 0.063333 0.042222
3 0.967222 0.396111 0.063333 0.041111
3 0.965000 0.492222 0.058889 0.040000
0 0.747222 0.514444 0.054444 0.046667
1 0.279444 0.385556 0.052222 0.040000
1 0.308333 0.358333 0.045556 0.043333
1 0.912222 0.353333 0.051111 0.044444
1 0.906111 0.496667 0.061111 0.040000
0 0.939444 0.131111 0.065556 0.044444
0 0.972778 0.352778 0.054444 0.045556
1 0.978333 0.686667 0.043333 0.051111
1 0.713333 0.880000 0.055556 0.051111
2 0.017778 0.670556 0.033333 0.041111
2 0.018889 0.845556 0.035556 0.051111
